p sp 902 4236
n 0 s
n 901 t
a 0 1 61 49
a 0 2 30 48
a 0 3 16 54
a 0 4 92 62
a 0 5 20 55
a 0 6 78 78
a 0 7 74 63
a 0 8 96 45
a 0 9 85 76
a 0 10 42 21
a 0 11 44 89
a 0 12 25 48
a 0 13 53 61
a 0 14 4 83
a 0 15 93 24
a 0 16 46 46
a 0 17 38 88
a 0 18 3 63
a 0 19 26 54
a 0 20 39 36
a 0 21 61 76
a 0 22 56 31
a 0 23 99 92
a 0 24 75 37
a 0 25 13 63
a 0 26 20 78
a 0 27 17 47
a 0 28 8 17
a 0 29 9 38
a 0 30 44 48
a 871 901 88 89
a 872 901 6 59
a 873 901 9 18
a 874 901 52 19
a 875 901 59 19
a 876 901 39 73
a 877 901 58 52
a 878 901 27 81
a 879 901 98 63
a 880 901 36 21
a 881 901 68 74
a 882 901 18 70
a 883 901 6 53
a 884 901 90 44
a 885 901 2 42
a 886 901 24 81
a 887 901 69 15
a 888 901 17 24
a 889 901 58 23
a 890 901 6 72
a 891 901 37 66
a 892 901 20 54
a 893 901 68 68
a 894 901 32 98
a 895 901 89 64
a 896 901 31 26
a 897 901 99 22
a 898 901 98 58
a 899 901 87 42
a 900 901 91 52
a 1 31 72 35
a 1 32 31 66
a 2 31 87 5
a 2 32 85 63
a 2 33 93 51
a 3 32 29 54
a 3 33 50 46
a 3 34 42 11
a 4 33 26 63
a 4 34 95 60
a 4 35 18 12
a 5 34 72 24
a 5 35 78 79
a 5 36 17 72
a 6 35 36 42
a 6 36 87 94
a 6 37 14 58
a 7 36 59 79
a 7 37 17 59
a 7 38 41 76
a 8 37 56 46
a 8 38 9 30
a 8 39 16 76
a 9 38 34 91
a 9 39 42 7
a 9 40 99 33
a 10 39 79 42
a 10 40 68 30
a 10 41 40 92
a 11 40 3 82
a 11 41 78 82
a 11 42 79 2
a 12 41 85 64
a 12 42 90 13
a 12 43 61 74
a 13 42 73 16
a 13 43 14 92
a 13 44 54 3
a 14 43 81 35
a 14 44 35 79
a 14 45 16 83
a 15 44 70 49
a 15 45 39 91
a 15 46 61 17
a 16 45 74 63
a 16 46 55 95
a 16 47 63 29
a 17 46 90 23
a 17 47 60 75
a 17 48 76 91
a 18 47 94 61
a 18 48 18 51
a 18 49 33 73
a 19 48 71 44
a 19 49 15 3
a 19 50 1 27
a 20 49 53 46
a 20 50 6 14
a 20 51 94 49
a 21 50 78 21
a 21 51 47 3
a 21 52 86 27
a 22 51 20 44
a 22 52 73 58
a 22 53 51 36
a 23 52 95 17
a 23 53 95 49
a 23 54 70 89
a 24 53 29 36
a 24 54 97 27
a 24 55 48 25
a 25 54 25 90
a 25 55 44 54
a 25 56 24 93
a 26 55 87 75
a 26 56 56 45
a 26 57 96 47
a 27 56 72 58
a 27 57 85 38
a 27 58 78 35
a 28 57 80 83
a 28 58 1 59
a 28 59 6 53
a 29 58 12 81
a 29 59 87 39
a 29 60 20 52
a 30 59 27 93
a 30 60 86 65
a 31 61 18 17
a 31 62 24 63
a 31 32 16 63
a 32 61 9 42
a 32 31 52 37
a 32 62 13 4
a 32 63 54 19
a 32 33 71 89
a 33 62 100 19
a 33 32 12 61
a 33 63 30 58
a 33 64 37 16
a 33 34 18 76
a 34 63 96 37
a 34 33 87 25
a 34 64 72 36
a 34 65 11 52
a 34 35 41 75
a 35 64 28 21
a 35 34 64 28
a 35 65 68 27
a 35 66 53 85
a 35 36 19 80
a 36 65 24 69
a 36 35 22 42
a 36 66 81 87
a 36 67 55 94
a 36 37 23 57
a 37 66 99 68
a 37 36 8 35
a 37 67 50 63
a 37 68 63 78
a 37 38 94 39
a 38 67 13 60
a 38 37 71 77
a 38 68 81 94
a 38 69 55 70
a 38 39 99 98
a 39 68 33 77
a 39 38 99 50
a 39 69 7 27
a 39 70 15 17
a 39 40 21 24
a 40 69 97 29
a 40 39 22 56
a 40 70 62 63
a 40 71 7 99
a 40 41 12 16
a 41 70 87 63
a 41 40 30 88
a 41 71 89 12
a 41 72 41 1
a 41 42 54 23
a 42 71 48 90
a 42 41 78 56
a 42 72 18 78
a 42 73 50 29
a 42 43 69 100
a 43 72 100 41
a 43 42 23 72
a 43 73 78 62
a 43 74 52 32
a 43 44 2 84
a 44 73 62 78
a 44 43 23 42
a 44 74 5 59
a 44 75 54 90
a 44 45 79 57
a 45 74 8 76
a 45 44 24 36
a 45 75 3 7
a 45 76 4 71
a 45 46 33 82
a 46 75 30 11
a 46 45 40 67
a 46 76 5 66
a 46 77 100 75
a 46 47 31 18
a 47 76 43 14
a 47 46 13 23
a 47 77 90 80
a 47 78 73 47
a 47 48 58 61
a 48 77 79 85
a 48 47 46 30
a 48 78 71 18
a 48 79 41 82
a 48 49 25 97
a 49 78 8 8
a 49 48 3 34
a 49 79 65 58
a 49 80 8 26
a 49 50 59 87
a 50 79 14 21
a 50 49 65 2
a 50 80 57 68
a 50 81 27 31
a 50 51 8 2
a 51 80 81 76
a 51 50 5 30
a 51 81 95 73
a 51 82 53 56
a 51 52 90 20
a 52 81 54 21
a 52 51 72 76
a 52 82 20 81
a 52 83 15 65
a 52 53 39 97
a 53 82 84 38
a 53 52 43 57
a 53 83 70 11
a 53 84 71 8
a 53 54 7 26
a 54 83 24 78
a 54 53 79 40
a 54 84 18 52
a 54 85 56 40
a 54 55 45 44
a 55 84 47 9
a 55 54 34 55
a 55 85 8 46
a 55 86 32 88
a 55 56 82 12
a 56 85 55 82
a 56 55 30 91
a 56 86 76 11
a 56 87 65 37
a 56 57 46 5
a 57 86 69 41
a 57 56 98 73
a 57 87 44 55
a 57 88 45 46
a 57 58 25 65
a 58 87 16 39
a 58 57 89 46
a 58 88 57 95
a 58 89 13 23
a 58 59 9 60
a 59 88 6 52
a 59 58 18 38
a 59 89 61 68
a 59 90 34 1
a 59 60 34 17
a 60 89 35 84
a 60 59 82 11
a 60 90 70 54
a 61 91 76 57
a 61 92 66 69
a 61 62 13 31
a 62 91 78 94
a 62 61 54 70
a 62 92 92 16
a 62 93 59 65
a 62 63 9 79
a 63 92 79 72
a 63 62 94 57
a 63 93 11 28
a 63 94 84 57
a 63 64 1 47
a 64 93 64 76
a 64 63 13 37
a 64 94 55 37
a 64 95 87 52
a 64 65 90 84
a 65 94 4 21
a 65 64 66 60
a 65 95 32 18
a 65 96 37 87
a 65 66 69 20
a 66 95 97 67
a 66 65 9 64
a 66 96 38 50
a 66 97 14 86
a 66 67 80 74
a 67 96 34 53
a 67 66 83 19
a 67 97 23 84
a 67 98 7 66
a 67 68 21 51
a 68 97 36 1
a 68 67 83 85
a 68 98 70 69
a 68 99 53 81
a 68 69 74 7
a 69 98 43 82
a 69 68 89 19
a 69 99 36 17
a 69 100 59 46
a 69 70 2 80
a 70 99 12 68
a 70 69 85 82
a 70 100 71 18
a 70 101 27 82
a 70 71 32 66
a 71 100 90 67
a 71 70 80 1
a 71 101 46 25
a 71 102 72 45
a 71 72 67 99
a 72 101 79 54
a 72 71 3 46
a 72 102 48 71
a 72 103 68 83
a 72 73 8 9
a 73 102 60 8
a 73 72 5 7
a 73 103 26 67
a 73 104 77 12
a 73 74 66 16
a 74 103 87 80
a 74 73 87 10
a 74 104 34 59
a 74 105 4 78
a 74 75 85 88
a 75 104 96 5
a 75 74 46 1
a 75 105 10 31
a 75 106 59 7
a 75 76 58 64
a 76 105 65 90
a 76 75 87 67
a 76 106 11 47
a 76 107 10 78
a 76 77 12 91
a 77 106 55 14
a 77 76 7 7
a 77 107 62 72
a 77 108 7 77
a 77 78 14 44
a 78 107 57 95
a 78 77 26 38
a 78 108 77 67
a 78 109 86 47
a 78 79 39 95
a 79 108 4 79
a 79 78 58 94
a 79 109 28 77
a 79 110 22 49
a 79 80 91 2
a 80 109 4 64
a 80 79 99 72
a 80 110 6 33
a 80 111 84 32
a 80 81 78 88
a 81 110 67 71
a 81 80 19 92
a 81 111 48 34
a 81 112 15 10
a 81 82 83 32
a 82 111 97 12
a 82 81 47 97
a 82 112 84 81
a 82 113 7 46
a 82 83 13 83
a 83 112 62 48
a 83 82 69 58
a 83 113 58 90
a 83 114 94 73
a 83 84 53 14
a 84 113 23 68
a 84 83 68 43
a 84 114 65 17
a 84 115 97 22
a 84 85 57 3
a 85 114 8 92
a 85 84 68 52
a 85 115 91 92
a 85 116 10 82
a 85 86 79 62
a 86 115 50 39
a 86 85 55 79
a 86 116 60 83
a 86 117 7 32
a 86 87 80 20
a 87 116 46 62
a 87 86 55 100
a 87 117 76 60
a 87 118 97 9
a 87 88 23 34
a 88 117 6 37
a 88 87 22 41
a 88 118 43 53
a 88 119 57 27
a 88 89 20 46
a 89 118 36 93
a 89 88 59 4
a 89 119 58 36
a 89 120 91 40
a 89 90 42 45
a 90 119 100 100
a 90 89 81 74
a 90 120 81 73
a 91 121 24 82
a 91 122 24 80
a 91 92 17 1
a 92 121 50 69
a 92 91 100 4
a 92 122 81 90
a 92 123 23 55
a 92 93 2 57
a 93 122 87 51
a 93 92 76 98
a 93 123 88 26
a 93 124 73 12
a 93 94 20 71
a 94 123 61 6
a 94 93 44 39
a 94 124 65 18
a 94 125 63 53
a 94 95 73 30
a 95 124 23 39
a 95 94 89 59
a 95 125 59 85
a 95 126 67 59
a 95 96 47 47
a 96 125 33 30
a 96 95 32 23
a 96 126 59 98
a 96 127 39 41
a 96 97 35 72
a 97 126 89 49
a 97 96 73 3
a 97 127 53 99
a 97 128 51 72
a 97 98 74 8
a 98 127 94 64
a 98 97 97 76
a 98 128 31 10
a 98 129 23 76
a 98 99 100 93
a 99 128 15 88
a 99 98 36 78
a 99 129 6 67
a 99 130 66 30
a 99 100 40 78
a 100 129 51 84
a 100 99 28 14
a 100 130 86 42
a 100 131 25 53
a 100 101 16 47
a 101 130 68 45
a 101 100 93 56
a 101 131 2 25
a 101 132 37 44
a 101 102 46 93
a 102 131 22 62
a 102 101 41 5
a 102 132 3 5
a 102 133 37 5
a 102 103 62 44
a 103 132 28 48
a 103 102 64 27
a 103 133 10 43
a 103 134 33 11
a 103 104 77 90
a 104 133 99 62
a 104 103 30 74
a 104 134 91 84
a 104 135 72 94
a 104 105 82 22
a 105 134 11 88
a 105 104 31 52
a 105 135 27 2
a 105 136 31 70
a 105 106 15 54
a 106 135 35 31
a 106 105 25 4
a 106 136 90 11
a 106 137 62 92
a 106 107 70 6
a 107 136 31 65
a 107 106 76 90
a 107 137 80 13
a 107 138 28 43
a 107 108 66 90
a 108 137 79 7
a 108 107 48 60
a 108 138 44 41
a 108 139 23 40
a 108 109 79 82
a 109 138 9 55
a 109 108 37 62
a 109 139 100 17
a 109 140 54 1
a 109 110 85 81
a 110 139 44 52
a 110 109 13 2
a 110 140 31 15
a 110 141 60 64
a 110 111 27 33
a 111 140 32 57
a 111 110 3 25
a 111 141 93 39
a 111 142 73 91
a 111 112 59 18
a 112 141 87 13
a 112 111 62 62
a 112 142 91 11
a 112 143 78 11
a 112 113 34 56
a 113 142 34 23
a 113 112 68 35
a 113 143 98 94
a 113 144 97 45
a 113 114 89 72
a 114 143 14 78
a 114 113 70 31
a 114 144 78 12
a 114 145 71 43
a 114 115 18 89
a 115 144 21 93
a 115 114 59 38
a 115 145 87 64
a 115 146 15 10
a 115 116 69 47
a 116 145 81 10
a 116 115 18 87
a 116 146 71 5
a 116 147 45 17
a 116 117 33 47
a 117 146 5 69
a 117 116 47 70
a 117 147 44 97
a 117 148 32 58
a 117 118 58 90
a 118 147 78 60
a 118 117 95 4
a 118 148 20 54
a 118 149 35 97
a 118 119 75 45
a 119 148 59 5
a 119 118 68 67
a 119 149 32 84
a 119 150 66 4
a 119 120 92 61
a 120 149 56 37
a 120 119 57 3
a 120 150 47 97
a 121 151 50 71
a 121 152 53 93
a 121 122 85 62
a 122 151 59 30
a 122 121 15 47
a 122 152 77 60
a 122 153 51 37
a 122 123 43 58
a 123 152 26 91
a 123 122 1 53
a 123 153 29 13
a 123 154 16 14
a 123 124 22 9
a 124 153 48 93
a 124 123 52 2
a 124 154 93 84
a 124 155 24 8
a 124 125 2 21
a 125 154 48 84
a 125 124 7 44
a 125 155 72 51
a 125 156 6 81
a 125 126 26 44
a 126 155 33 59
a 126 125 48 23
a 126 156 59 66
a 126 157 92 78
a 126 127 99 71
a 127 156 50 94
a 127 126 83 5
a 127 157 90 61
a 127 158 59 34
a 127 128 82 56
a 128 157 94 88
a 128 127 29 56
a 128 158 3 11
a 128 159 14 75
a 128 129 48 45
a 129 158 70 29
a 129 128 55 66
a 129 159 52 41
a 129 160 50 34
a 129 130 90 78
a 130 159 21 65
a 130 129 42 42
a 130 160 40 65
a 130 161 64 50
a 130 131 75 67
a 131 160 20 96
a 131 130 34 48
a 131 161 5 94
a 131 162 62 78
a 131 132 92 48
a 132 161 30 52
a 132 131 35 86
a 132 162 87 98
a 132 163 5 8
a 132 133 54 95
a 133 162 79 23
a 133 132 72 89
a 133 163 81 52
a 133 164 88 3
a 133 134 38 100
a 134 163 86 19
a 134 133 47 39
a 134 164 60 77
a 134 165 98 22
a 134 135 57 97
a 135 164 72 9
a 135 134 84 61
a 135 165 22 17
a 135 166 7 87
a 135 136 37 20
a 136 165 64 47
a 136 135 50 3
a 136 166 60 80
a 136 167 79 69
a 136 137 54 89
a 137 166 39 58
a 137 136 60 90
a 137 167 9 89
a 137 168 54 25
a 137 138 32 32
a 138 167 53 24
a 138 137 81 87
a 138 168 6 45
a 138 169 59 4
a 138 139 67 58
a 139 168 59 26
a 139 138 67 94
a 139 169 11 95
a 139 170 7 69
a 139 140 83 16
a 140 169 18 99
a 140 139 92 45
a 140 170 17 45
a 140 171 15 79
a 140 141 4 2
a 141 170 82 44
a 141 140 80 35
a 141 171 47 92
a 141 172 61 31
a 141 142 85 61
a 142 171 61 65
a 142 141 14 37
a 142 172 44 69
a 142 173 79 23
a 142 143 27 7
a 143 172 87 50
a 143 142 88 87
a 143 173 4 2
a 143 174 8 66
a 143 144 13 60
a 144 173 28 80
a 144 143 65 69
a 144 174 18 15
a 144 175 14 43
a 144 145 12 12
a 145 174 12 25
a 145 144 23 58
a 145 175 32 9
a 145 176 89 76
a 145 146 82 51
a 146 175 29 68
a 146 145 70 70
a 146 176 1 75
a 146 177 52 91
a 146 147 42 3
a 147 176 76 81
a 147 146 8 20
a 147 177 81 97
a 147 178 45 27
a 147 148 46 49
a 148 177 63 72
a 148 147 69 93
a 148 178 46 52
a 148 179 52 63
a 148 149 52 83
a 149 178 39 95
a 149 148 53 52
a 149 179 48 76
a 149 180 44 51
a 149 150 4 5
a 150 179 87 43
a 150 149 74 9
a 150 180 91 42
a 151 181 16 14
a 151 182 71 66
a 151 152 51 28
a 152 181 75 7
a 152 151 88 35
a 152 182 70 11
a 152 183 6 62
a 152 153 52 69
a 153 182 10 39
a 153 152 7 37
a 153 183 13 65
a 153 184 81 33
a 153 154 58 16
a 154 183 63 58
a 154 153 64 77
a 154 184 33 2
a 154 185 53 62
a 154 155 89 10
a 155 184 1 52
a 155 154 30 96
a 155 185 28 11
a 155 186 79 99
a 155 156 70 7
a 156 185 62 87
a 156 155 44 39
a 156 186 10 37
a 156 187 61 8
a 156 157 16 39
a 157 186 73 40
a 157 156 49 36
a 157 187 79 60
a 157 188 15 95
a 157 158 70 15
a 158 187 79 30
a 158 157 40 88
a 158 188 82 16
a 158 189 26 11
a 158 159 80 12
a 159 188 24 13
a 159 158 73 17
a 159 189 73 91
a 159 190 92 26
a 159 160 92 2
a 160 189 34 73
a 160 159 83 81
a 160 190 35 21
a 160 191 53 42
a 160 161 72 66
a 161 190 19 2
a 161 160 21 67
a 161 191 100 56
a 161 192 11 22
a 161 162 37 94
a 162 191 90 94
a 162 161 91 61
a 162 192 17 38
a 162 193 96 66
a 162 163 67 2
a 163 192 58 34
a 163 162 18 28
a 163 193 92 2
a 163 194 55 10
a 163 164 71 28
a 164 193 64 7
a 164 163 93 11
a 164 194 86 43
a 164 195 25 65
a 164 165 95 3
a 165 194 74 12
a 165 164 57 42
a 165 195 73 94
a 165 196 78 99
a 165 166 50 14
a 166 195 95 52
a 166 165 15 96
a 166 196 88 32
a 166 197 81 81
a 166 167 42 49
a 167 196 54 93
a 167 166 80 93
a 167 197 40 6
a 167 198 79 24
a 167 168 71 6
a 168 197 48 11
a 168 167 12 20
a 168 198 73 67
a 168 199 1 60
a 168 169 57 95
a 169 198 34 93
a 169 168 6 4
a 169 199 67 77
a 169 200 97 37
a 169 170 94 60
a 170 199 75 28
a 170 169 52 81
a 170 200 78 69
a 170 201 59 7
a 170 171 40 48
a 171 200 82 91
a 171 170 82 69
a 171 201 44 28
a 171 202 41 76
a 171 172 71 32
a 172 201 81 59
a 172 171 65 17
a 172 202 58 86
a 172 203 95 88
a 172 173 56 30
a 173 202 6 21
a 173 172 56 34
a 173 203 43 41
a 173 204 4 34
a 173 174 26 78
a 174 203 69 37
a 174 173 6 41
a 174 204 59 98
a 174 205 13 94
a 174 175 83 11
a 175 204 72 49
a 175 174 58 39
a 175 205 87 12
a 175 206 60 75
a 175 176 5 78
a 176 205 89 100
a 176 175 41 86
a 176 206 55 3
a 176 207 14 41
a 176 177 62 97
a 177 206 38 54
a 177 176 13 14
a 177 207 39 24
a 177 208 5 26
a 177 178 44 99
a 178 207 25 8
a 178 177 26 47
a 178 208 32 51
a 178 209 10 11
a 178 179 88 98
a 179 208 90 90
a 179 178 24 79
a 179 209 45 92
a 179 210 5 83
a 179 180 28 55
a 180 209 34 58
a 180 179 3 61
a 180 210 54 71
a 181 211 10 74
a 181 212 83 4
a 181 182 96 60
a 182 211 60 17
a 182 181 26 15
a 182 212 32 78
a 182 213 53 54
a 182 183 6 10
a 183 212 70 32
a 183 182 54 18
a 183 213 51 88
a 183 214 22 83
a 183 184 63 10
a 184 213 38 97
a 184 183 44 45
a 184 214 70 53
a 184 215 45 46
a 184 185 85 77
a 185 214 10 91
a 185 184 19 48
a 185 215 36 69
a 185 216 21 81
a 185 186 70 69
a 186 215 69 61
a 186 185 2 17
a 186 216 22 66
a 186 217 1 68
a 186 187 97 37
a 187 216 9 95
a 187 186 9 85
a 187 217 2 12
a 187 218 54 46
a 187 188 49 21
a 188 217 96 41
a 188 187 38 45
a 188 218 12 63
a 188 219 8 79
a 188 189 91 51
a 189 218 77 52
a 189 188 15 50
a 189 219 52 44
a 189 220 52 10
a 189 190 7 69
a 190 219 83 23
a 190 189 80 48
a 190 220 68 31
a 190 221 96 72
a 190 191 5 88
a 191 220 10 49
a 191 190 11 15
a 191 221 67 90
a 191 222 45 56
a 191 192 26 4
a 192 221 51 37
a 192 191 63 51
a 192 222 62 30
a 192 223 1 66
a 192 193 37 35
a 193 222 12 54
a 193 192 9 24
a 193 223 63 49
a 193 224 90 2
a 193 194 87 38
a 194 223 17 58
a 194 193 85 9
a 194 224 34 96
a 194 225 13 37
a 194 195 99 74
a 195 224 74 13
a 195 194 20 63
a 195 225 100 29
a 195 226 87 27
a 195 196 6 90
a 196 225 19 81
a 196 195 57 73
a 196 226 16 92
a 196 227 26 36
a 196 197 75 19
a 197 226 94 46
a 197 196 40 8
a 197 227 12 46
a 197 228 73 32
a 197 198 73 96
a 198 227 34 73
a 198 197 85 36
a 198 228 62 13
a 198 229 91 88
a 198 199 41 18
a 199 228 97 61
a 199 198 97 84
a 199 229 46 73
a 199 230 95 35
a 199 200 24 88
a 200 229 95 22
a 200 199 26 52
a 200 230 47 38
a 200 231 81 27
a 200 201 77 70
a 201 230 91 22
a 201 200 1 33
a 201 231 25 97
a 201 232 66 6
a 201 202 64 74
a 202 231 21 44
a 202 201 83 93
a 202 232 100 55
a 202 233 45 81
a 202 203 29 26
a 203 232 63 66
a 203 202 34 86
a 203 233 54 80
a 203 234 86 20
a 203 204 98 25
a 204 233 5 35
a 204 203 74 50
a 204 234 90 79
a 204 235 67 62
a 204 205 30 98
a 205 234 4 33
a 205 204 32 40
a 205 235 85 65
a 205 236 14 34
a 205 206 49 19
a 206 235 97 83
a 206 205 58 84
a 206 236 1 28
a 206 237 95 30
a 206 207 100 6
a 207 236 77 15
a 207 206 2 79
a 207 237 42 26
a 207 238 27 77
a 207 208 20 2
a 208 237 88 71
a 208 207 87 67
a 208 238 16 38
a 208 239 33 70
a 208 209 58 63
a 209 238 88 77
a 209 208 28 100
a 209 239 97 34
a 209 240 35 68
a 209 210 9 86
a 210 239 10 13
a 210 209 16 53
a 210 240 42 93
a 211 241 61 8
a 211 242 61 45
a 211 212 58 22
a 212 241 28 87
a 212 211 84 17
a 212 242 9 82
a 212 243 93 94
a 212 213 4 96
a 213 242 26 81
a 213 212 22 84
a 213 243 8 86
a 213 244 97 62
a 213 214 27 44
a 214 243 77 4
a 214 213 13 32
a 214 244 91 70
a 214 245 60 77
a 214 215 51 26
a 215 244 47 44
a 215 214 72 43
a 215 245 92 71
a 215 246 73 29
a 215 216 55 25
a 216 245 32 54
a 216 215 28 21
a 216 246 10 23
a 216 247 71 55
a 216 217 38 97
a 217 246 17 31
a 217 216 38 39
a 217 247 2 43
a 217 248 32 14
a 217 218 46 74
a 218 247 83 24
a 218 217 45 8
a 218 248 86 38
a 218 249 74 29
a 218 219 58 5
a 219 248 1 58
a 219 218 43 12
a 219 249 50 22
a 219 250 38 41
a 219 220 46 18
a 220 249 10 25
a 220 219 76 97
a 220 250 56 18
a 220 251 81 75
a 220 221 54 48
a 221 250 40 77
a 221 220 3 3
a 221 251 6 89
a 221 252 5 89
a 221 222 63 95
a 222 251 25 60
a 222 221 30 73
a 222 252 72 67
a 222 253 47 80
a 222 223 48 70
a 223 252 29 81
a 223 222 57 36
a 223 253 44 4
a 223 254 30 57
a 223 224 76 79
a 224 253 19 73
a 224 223 9 15
a 224 254 20 20
a 224 255 12 15
a 224 225 81 8
a 225 254 42 93
a 225 224 62 96
a 225 255 69 55
a 225 256 59 55
a 225 226 71 71
a 226 255 69 59
a 226 225 40 72
a 226 256 87 68
a 226 257 8 25
a 226 227 11 92
a 227 256 25 19
a 227 226 21 20
a 227 257 79 80
a 227 258 26 89
a 227 228 53 6
a 228 257 59 78
a 228 227 40 47
a 228 258 57 75
a 228 259 96 7
a 228 229 21 47
a 229 258 79 43
a 229 228 60 50
a 229 259 35 90
a 229 260 97 29
a 229 230 36 4
a 230 259 56 84
a 230 229 11 20
a 230 260 40 19
a 230 261 34 15
a 230 231 36 52
a 231 260 39 36
a 231 230 74 44
a 231 261 89 77
a 231 262 73 49
a 231 232 30 26
a 232 261 77 88
a 232 231 11 36
a 232 262 67 45
a 232 263 38 31
a 232 233 46 97
a 233 262 85 66
a 233 232 57 28
a 233 263 14 14
a 233 264 34 91
a 233 234 19 50
a 234 263 96 68
a 234 233 60 74
a 234 264 2 2
a 234 265 51 26
a 234 235 11 88
a 235 264 51 95
a 235 234 71 58
a 235 265 54 65
a 235 266 28 31
a 235 236 13 75
a 236 265 15 66
a 236 235 87 37
a 236 266 61 23
a 236 267 53 43
a 236 237 73 15
a 237 266 89 64
a 237 236 12 13
a 237 267 70 22
a 237 268 72 39
a 237 238 73 44
a 238 267 31 77
a 238 237 34 78
a 238 268 20 40
a 238 269 33 56
a 238 239 88 56
a 239 268 4 48
a 239 238 38 88
a 239 269 25 25
a 239 270 50 15
a 239 240 66 1
a 240 269 64 81
a 240 239 37 60
a 240 270 97 59
a 241 271 83 7
a 241 272 51 52
a 241 242 41 53
a 242 271 85 25
a 242 241 9 32
a 242 272 26 67
a 242 273 95 11
a 242 243 79 16
a 243 272 99 23
a 243 242 33 9
a 243 273 84 60
a 243 274 66 28
a 243 244 12 24
a 244 273 11 90
a 244 243 35 91
a 244 274 87 94
a 244 275 34 18
a 244 245 95 41
a 245 274 11 78
a 245 244 21 94
a 245 275 79 20
a 245 276 91 47
a 245 246 13 8
a 246 275 81 20
a 246 245 31 34
a 246 276 8 90
a 246 277 23 77
a 246 247 14 12
a 247 276 7 27
a 247 246 31 61
a 247 277 14 18
a 247 278 21 83
a 247 248 95 18
a 248 277 48 81
a 248 247 16 39
a 248 278 14 70
a 248 279 24 50
a 248 249 35 83
a 249 278 22 25
a 249 248 29 46
a 249 279 94 12
a 249 280 9 82
a 249 250 91 72
a 250 279 33 56
a 250 249 7 2
a 250 280 87 84
a 250 281 30 67
a 250 251 56 21
a 251 280 81 39
a 251 250 11 89
a 251 281 20 76
a 251 282 89 76
a 251 252 20 55
a 252 281 52 92
a 252 251 3 23
a 252 282 88 8
a 252 283 97 66
a 252 253 42 87
a 253 282 19 8
a 253 252 61 5
a 253 283 8 41
a 253 284 91 28
a 253 254 76 3
a 254 283 72 75
a 254 253 34 42
a 254 284 3 52
a 254 285 10 89
a 254 255 42 89
a 255 284 75 51
a 255 254 64 26
a 255 285 79 90
a 255 286 54 61
a 255 256 89 15
a 256 285 90 18
a 256 255 32 79
a 256 286 24 74
a 256 287 34 86
a 256 257 68 32
a 257 286 68 26
a 257 256 33 59
a 257 287 1 79
a 257 288 24 4
a 257 258 87 42
a 258 287 100 31
a 258 257 81 40
a 258 288 14 24
a 258 289 47 18
a 258 259 15 29
a 259 288 56 100
a 259 258 57 91
a 259 289 58 31
a 259 290 87 51
a 259 260 16 38
a 260 289 37 70
a 260 259 17 60
a 260 290 83 16
a 260 291 58 8
a 260 261 94 66
a 261 290 94 91
a 261 260 17 96
a 261 291 6 41
a 261 292 71 67
a 261 262 70 95
a 262 291 50 16
a 262 261 7 91
a 262 292 56 25
a 262 293 92 45
a 262 263 22 68
a 263 292 89 7
a 263 262 62 91
a 263 293 100 37
a 263 294 29 71
a 263 264 65 19
a 264 293 82 41
a 264 263 43 40
a 264 294 75 86
a 264 295 86 11
a 264 265 2 87
a 265 294 45 37
a 265 264 57 82
a 265 295 23 47
a 265 296 18 77
a 265 266 78 17
a 266 295 25 73
a 266 265 86 76
a 266 296 7 26
a 266 297 52 57
a 266 267 97 34
a 267 296 14 96
a 267 266 27 99
a 267 297 72 100
a 267 298 63 55
a 267 268 49 88
a 268 297 7 47
a 268 267 56 91
a 268 298 70 20
a 268 299 94 45
a 268 269 95 14
a 269 298 29 3
a 269 268 59 26
a 269 299 4 82
a 269 300 33 36
a 269 270 6 95
a 270 299 32 43
a 270 269 69 58
a 270 300 6 53
a 271 301 10 81
a 271 302 5 18
a 271 272 47 4
a 272 301 70 40
a 272 271 86 63
a 272 302 89 77
a 272 303 30 76
a 272 273 100 46
a 273 302 48 27
a 273 272 9 76
a 273 303 15 36
a 273 304 67 65
a 273 274 57 5
a 274 303 9 48
a 274 273 30 33
a 274 304 61 47
a 274 305 68 97
a 274 275 80 71
a 275 304 80 81
a 275 274 43 82
a 275 305 63 56
a 275 306 72 32
a 275 276 37 5
a 276 305 19 83
a 276 275 93 73
a 276 306 87 86
a 276 307 51 95
a 276 277 85 28
a 277 306 82 33
a 277 276 15 27
a 277 307 13 98
a 277 308 54 32
a 277 278 43 50
a 278 307 38 90
a 278 277 72 18
a 278 308 95 28
a 278 309 76 77
a 278 279 70 47
a 279 308 45 2
a 279 278 78 97
a 279 309 81 69
a 279 310 65 68
a 279 280 64 29
a 280 309 27 22
a 280 279 16 5
a 280 310 81 51
a 280 311 94 68
a 280 281 96 85
a 281 310 90 62
a 281 280 89 8
a 281 311 19 12
a 281 312 65 51
a 281 282 61 67
a 282 311 30 73
a 282 281 84 94
a 282 312 21 21
a 282 313 70 43
a 282 283 58 82
a 283 312 46 93
a 283 282 50 19
a 283 313 44 75
a 283 314 84 36
a 283 284 9 92
a 284 313 84 33
a 284 283 7 6
a 284 314 58 39
a 284 315 17 61
a 284 285 10 26
a 285 314 65 3
a 285 284 1 15
a 285 315 4 14
a 285 316 34 51
a 285 286 84 62
a 286 315 84 92
a 286 285 57 29
a 286 316 69 10
a 286 317 17 80
a 286 287 96 31
a 287 316 30 1
a 287 286 29 41
a 287 317 98 86
a 287 318 25 65
a 287 288 63 61
a 288 317 21 86
a 288 287 37 83
a 288 318 98 95
a 288 319 75 93
a 288 289 63 23
a 289 318 30 64
a 289 288 25 70
a 289 319 90 89
a 289 320 97 4
a 289 290 44 68
a 290 319 73 6
a 290 289 93 59
a 290 320 47 45
a 290 321 92 46
a 290 291 85 89
a 291 320 43 75
a 291 290 70 75
a 291 321 84 36
a 291 322 63 23
a 291 292 47 48
a 292 321 47 52
a 292 291 61 7
a 292 322 46 81
a 292 323 79 41
a 292 293 28 25
a 293 322 37 87
a 293 292 50 19
a 293 323 6 79
a 293 324 62 41
a 293 294 36 86
a 294 323 39 67
a 294 293 2 3
a 294 324 37 81
a 294 325 7 6
a 294 295 2 65
a 295 324 3 46
a 295 294 55 58
a 295 325 36 12
a 295 326 50 3
a 295 296 37 30
a 296 325 48 4
a 296 295 87 29
a 296 326 64 77
a 296 327 1 68
a 296 297 59 44
a 297 326 11 22
a 297 296 51 67
a 297 327 69 70
a 297 328 66 63
a 297 298 57 61
a 298 327 4 11
a 298 297 27 79
a 298 328 34 27
a 298 329 88 80
a 298 299 71 70
a 299 328 65 24
a 299 298 92 26
a 299 329 14 98
a 299 330 91 96
a 299 300 71 7
a 300 329 24 86
a 300 299 41 41
a 300 330 81 70
a 301 331 98 19
a 301 332 98 58
a 301 302 67 80
a 302 331 85 64
a 302 301 58 24
a 302 332 72 73
a 302 333 64 53
a 302 303 87 21
a 303 332 9 77
a 303 302 5 79
a 303 333 75 90
a 303 334 99 28
a 303 304 6 11
a 304 333 88 33
a 304 303 1 85
a 304 334 9 90
a 304 335 6 70
a 304 305 72 29
a 305 334 8 13
a 305 304 85 45
a 305 335 22 80
a 305 336 69 97
a 305 306 37 36
a 306 335 7 60
a 306 305 47 79
a 306 336 69 34
a 306 337 42 24
a 306 307 76 9
a 307 336 51 8
a 307 306 68 87
a 307 337 28 16
a 307 338 14 65
a 307 308 2 28
a 308 337 81 45
a 308 307 17 31
a 308 338 63 96
a 308 339 22 24
a 308 309 5 26
a 309 338 54 77
a 309 308 55 16
a 309 339 1 2
a 309 340 98 100
a 309 310 62 14
a 310 339 77 20
a 310 309 23 63
a 310 340 98 77
a 310 341 89 76
a 310 311 37 10
a 311 340 52 68
a 311 310 23 66
a 311 341 49 17
a 311 342 57 99
a 311 312 78 31
a 312 341 45 13
a 312 311 20 12
a 312 342 22 67
a 312 343 40 45
a 312 313 48 17
a 313 342 80 66
a 313 312 87 7
a 313 343 52 11
a 313 344 65 66
a 313 314 32 43
a 314 343 74 13
a 314 313 66 67
a 314 344 12 80
a 314 345 1 85
a 314 315 97 64
a 315 344 82 57
a 315 314 12 14
a 315 345 46 48
a 315 346 42 35
a 315 316 61 36
a 316 345 89 88
a 316 315 59 30
a 316 346 98 24
a 316 347 23 45
a 316 317 45 7
a 317 346 11 38
a 317 316 81 74
a 317 347 42 52
a 317 348 88 10
a 317 318 65 69
a 318 347 76 17
a 318 317 82 99
a 318 348 23 8
a 318 349 45 71
a 318 319 5 10
a 319 348 7 68
a 319 318 55 26
a 319 349 23 76
a 319 350 18 82
a 319 320 93 48
a 320 349 19 8
a 320 319 39 13
a 320 350 21 85
a 320 351 98 8
a 320 321 77 96
a 321 350 48 90
a 321 320 77 45
a 321 351 46 8
a 321 352 29 36
a 321 322 93 4
a 322 351 64 70
a 322 321 69 92
a 322 352 37 47
a 322 353 62 65
a 322 323 34 81
a 323 352 60 96
a 323 322 57 92
a 323 353 15 44
a 323 354 20 35
a 323 324 13 37
a 324 353 77 12
a 324 323 70 52
a 324 354 53 80
a 324 355 85 85
a 324 325 10 94
a 325 354 33 22
a 325 324 78 30
a 325 355 13 57
a 325 356 76 54
a 325 326 81 21
a 326 355 59 77
a 326 325 18 54
a 326 356 90 44
a 326 357 16 23
a 326 327 60 63
a 327 356 82 54
a 327 326 3 64
a 327 357 36 7
a 327 358 25 98
a 327 328 41 17
a 328 357 50 97
a 328 327 93 30
a 328 358 41 6
a 328 359 49 46
a 328 329 79 84
a 329 358 43 56
a 329 328 37 99
a 329 359 53 69
a 329 360 15 16
a 329 330 1 30
a 330 359 94 100
a 330 329 75 8
a 330 360 87 45
a 331 361 78 3
a 331 362 58 24
a 331 332 58 20
a 332 361 89 82
a 332 331 55 89
a 332 362 95 55
a 332 363 79 99
a 332 333 46 88
a 333 362 30 78
a 333 332 64 53
a 333 363 15 90
a 333 364 34 31
a 333 334 91 9
a 334 363 25 92
a 334 333 62 38
a 334 364 42 54
a 334 365 67 56
a 334 335 43 21
a 335 364 54 51
a 335 334 24 45
a 335 365 72 49
a 335 366 33 55
a 335 336 74 21
a 336 365 73 28
a 336 335 54 3
a 336 366 96 53
a 336 367 50 68
a 336 337 94 62
a 337 366 1 39
a 337 336 39 62
a 337 367 69 29
a 337 368 95 20
a 337 338 19 94
a 338 367 75 44
a 338 337 22 38
a 338 368 26 25
a 338 369 10 7
a 338 339 55 48
a 339 368 45 80
a 339 338 100 58
a 339 369 56 23
a 339 370 56 70
a 339 340 4 75
a 340 369 59 1
a 340 339 61 54
a 340 370 70 79
a 340 371 47 39
a 340 341 26 43
a 341 370 96 80
a 341 340 93 59
a 341 371 46 15
a 341 372 56 91
a 341 342 77 99
a 342 371 80 97
a 342 341 90 6
a 342 372 56 62
a 342 373 27 57
a 342 343 69 40
a 343 372 32 72
a 343 342 13 31
a 343 373 35 40
a 343 374 91 69
a 343 344 8 71
a 344 373 59 50
a 344 343 47 68
a 344 374 86 85
a 344 375 46 48
a 344 345 64 55
a 345 374 52 13
a 345 344 30 94
a 345 375 64 13
a 345 376 80 49
a 345 346 88 95
a 346 375 67 35
a 346 345 73 30
a 346 376 73 17
a 346 377 76 99
a 346 347 82 66
a 347 376 4 58
a 347 346 87 58
a 347 377 31 20
a 347 378 30 67
a 347 348 14 1
a 348 377 68 88
a 348 347 96 9
a 348 378 23 91
a 348 379 7 17
a 348 349 5 23
a 349 378 19 63
a 349 348 62 63
a 349 379 93 10
a 349 380 22 95
a 349 350 24 93
a 350 379 6 32
a 350 349 42 83
a 350 380 93 47
a 350 381 33 62
a 350 351 12 71
a 351 380 50 33
a 351 350 64 35
a 351 381 88 82
a 351 382 24 20
a 351 352 79 9
a 352 381 9 36
a 352 351 75 10
a 352 382 81 9
a 352 383 47 87
a 352 353 77 60
a 353 382 94 39
a 353 352 96 37
a 353 383 48 15
a 353 384 74 52
a 353 354 96 52
a 354 383 42 75
a 354 353 55 16
a 354 384 82 60
a 354 385 81 58
a 354 355 21 34
a 355 384 48 73
a 355 354 26 55
a 355 385 32 1
a 355 386 34 15
a 355 356 83 94
a 356 385 68 29
a 356 355 22 93
a 356 386 21 20
a 356 387 89 1
a 356 357 8 62
a 357 386 85 3
a 357 356 18 17
a 357 387 19 51
a 357 388 72 90
a 357 358 18 20
a 358 387 97 11
a 358 357 45 9
a 358 388 32 12
a 358 389 27 10
a 358 359 87 63
a 359 388 40 2
a 359 358 41 90
a 359 389 29 39
a 359 390 78 30
a 359 360 17 81
a 360 389 97 81
a 360 359 7 87
a 360 390 17 75
a 361 391 75 69
a 361 392 13 10
a 361 362 84 63
a 362 391 85 53
a 362 361 64 95
a 362 392 85 81
a 362 393 28 10
a 362 363 9 28
a 363 392 96 71
a 363 362 91 14
a 363 393 47 13
a 363 394 6 53
a 363 364 80 96
a 364 393 40 4
a 364 363 28 12
a 364 394 71 36
a 364 395 36 42
a 364 365 29 84
a 365 394 30 88
a 365 364 65 3
a 365 395 88 40
a 365 396 55 8
a 365 366 30 89
a 366 395 43 82
a 366 365 22 94
a 366 396 7 26
a 366 397 27 19
a 366 367 28 66
a 367 396 66 21
a 367 366 30 52
a 367 397 92 34
a 367 398 11 76
a 367 368 92 11
a 368 397 17 87
a 368 367 49 72
a 368 398 37 25
a 368 399 53 58
a 368 369 29 46
a 369 398 78 63
a 369 368 95 89
a 369 399 58 94
a 369 400 92 25
a 369 370 98 13
a 370 399 11 54
a 370 369 3 1
a 370 400 77 16
a 370 401 88 81
a 370 371 70 84
a 371 400 20 24
a 371 370 28 64
a 371 401 49 73
a 371 402 1 80
a 371 372 39 72
a 372 401 23 90
a 372 371 11 71
a 372 402 23 90
a 372 403 68 35
a 372 373 6 69
a 373 402 55 90
a 373 372 72 92
a 373 403 87 47
a 373 404 23 74
a 373 374 55 73
a 374 403 33 94
a 374 373 73 55
a 374 404 62 2
a 374 405 89 20
a 374 375 4 66
a 375 404 3 15
a 375 374 34 1
a 375 405 6 63
a 375 406 28 63
a 375 376 80 82
a 376 405 37 7
a 376 375 51 68
a 376 406 27 24
a 376 407 78 91
a 376 377 20 56
a 377 406 58 37
a 377 376 45 72
a 377 407 89 70
a 377 408 28 19
a 377 378 61 81
a 378 407 47 81
a 378 377 31 38
a 378 408 25 99
a 378 409 14 26
a 378 379 38 10
a 379 408 62 62
a 379 378 30 14
a 379 409 33 13
a 379 410 47 74
a 379 380 20 22
a 380 409 38 78
a 380 379 33 91
a 380 410 37 1
a 380 411 46 37
a 380 381 52 24
a 381 410 94 56
a 381 380 6 11
a 381 411 40 18
a 381 412 52 23
a 381 382 60 39
a 382 411 20 82
a 382 381 6 76
a 382 412 52 100
a 382 413 58 3
a 382 383 65 74
a 383 412 26 87
a 383 382 15 93
a 383 413 59 57
a 383 414 47 9
a 383 384 18 19
a 384 413 52 96
a 384 383 40 28
a 384 414 57 26
a 384 415 50 37
a 384 385 44 82
a 385 414 55 43
a 385 384 11 95
a 385 415 28 87
a 385 416 67 50
a 385 386 9 60
a 386 415 26 69
a 386 385 94 55
a 386 416 70 45
a 386 417 57 41
a 386 387 93 80
a 387 416 31 64
a 387 386 24 29
a 387 417 82 63
a 387 418 32 77
a 387 388 41 14
a 388 417 47 24
a 388 387 24 63
a 388 418 20 93
a 388 419 72 76
a 388 389 3 40
a 389 418 11 41
a 389 388 48 25
a 389 419 21 97
a 389 420 4 34
a 389 390 62 53
a 390 419 73 26
a 390 389 24 89
a 390 420 26 40
a 391 421 89 72
a 391 422 70 56
a 391 392 5 11
a 392 421 99 9
a 392 391 78 45
a 392 422 88 92
a 392 423 46 38
a 392 393 9 89
a 393 422 19 6
a 393 392 63 96
a 393 423 19 21
a 393 424 19 7
a 393 394 54 90
a 394 423 91 3
a 394 393 64 49
a 394 424 44 60
a 394 425 84 22
a 394 395 44 76
a 395 424 11 56
a 395 394 52 96
a 395 425 78 78
a 395 426 86 73
a 395 396 6 57
a 396 425 20 93
a 396 395 22 59
a 396 426 1 9
a 396 427 28 60
a 396 397 29 85
a 397 426 91 60
a 397 396 33 40
a 397 427 5 5
a 397 428 41 30
a 397 398 4 71
a 398 427 82 79
a 398 397 65 21
a 398 428 12 17
a 398 429 68 38
a 398 399 12 99
a 399 428 68 2
a 399 398 60 94
a 399 429 24 4
a 399 430 56 28
a 399 400 57 81
a 400 429 90 91
a 400 399 82 59
a 400 430 41 60
a 400 431 58 28
a 400 401 34 14
a 401 430 72 97
a 401 400 31 47
a 401 431 60 15
a 401 432 25 54
a 401 402 19 93
a 402 431 76 1
a 402 401 69 4
a 402 432 50 50
a 402 433 16 21
a 402 403 29 41
a 403 432 88 57
a 403 402 8 42
a 403 433 18 51
a 403 434 56 67
a 403 404 2 46
a 404 433 74 44
a 404 403 29 85
a 404 434 1 27
a 404 435 93 66
a 404 405 26 9
a 405 434 35 31
a 405 404 32 17
a 405 435 55 76
a 405 436 9 86
a 405 406 6 57
a 406 435 8 49
a 406 405 74 83
a 406 436 29 98
a 406 437 96 48
a 406 407 62 61
a 407 436 7 84
a 407 406 37 15
a 407 437 66 23
a 407 438 42 51
a 407 408 74 12
a 408 437 4 38
a 408 407 57 32
a 408 438 100 55
a 408 439 79 37
a 408 409 49 29
a 409 438 75 2
a 409 408 36 58
a 409 439 76 24
a 409 440 60 91
a 409 410 39 93
a 410 439 31 46
a 410 409 4 93
a 410 440 71 20
a 410 441 52 67
a 410 411 31 87
a 411 440 12 28
a 411 410 94 75
a 411 441 61 27
a 411 442 94 17
a 411 412 17 91
a 412 441 27 100
a 412 411 31 18
a 412 442 15 58
a 412 443 44 50
a 412 413 57 32
a 413 442 20 92
a 413 412 90 90
a 413 443 9 26
a 413 444 16 78
a 413 414 86 85
a 414 443 64 71
a 414 413 4 59
a 414 444 72 97
a 414 445 66 98
a 414 415 76 48
a 415 444 30 19
a 415 414 73 31
a 415 445 57 47
a 415 446 11 8
a 415 416 56 52
a 416 445 9 70
a 416 415 90 91
a 416 446 73 38
a 416 447 89 46
a 416 417 5 98
a 417 446 85 41
a 417 416 64 79
a 417 447 68 99
a 417 448 26 11
a 417 418 9 63
a 418 447 19 77
a 418 417 24 96
a 418 448 5 57
a 418 449 58 35
a 418 419 61 4
a 419 448 34 7
a 419 418 27 32
a 419 449 35 24
a 419 450 2 32
a 419 420 54 89
a 420 449 9 12
a 420 419 40 7
a 420 450 17 80
a 421 451 58 67
a 421 452 81 63
a 421 422 37 3
a 422 451 55 3
a 422 421 41 67
a 422 452 35 96
a 422 453 29 75
a 422 423 85 10
a 423 452 76 62
a 423 422 39 43
a 423 453 51 25
a 423 454 5 74
a 423 424 63 56
a 424 453 69 11
a 424 423 24 58
a 424 454 85 65
a 424 455 12 28
a 424 425 55 74
a 425 454 39 75
a 425 424 76 18
a 425 455 79 99
a 425 456 29 53
a 425 426 39 31
a 426 455 26 18
a 426 425 68 2
a 426 456 34 43
a 426 457 15 91
a 426 427 52 7
a 427 456 24 50
a 427 426 44 8
a 427 457 97 60
a 427 458 77 78
a 427 428 80 65
a 428 457 63 52
a 428 427 14 61
a 428 458 66 70
a 428 459 35 28
a 428 429 21 59
a 429 458 95 59
a 429 428 37 25
a 429 459 44 29
a 429 460 63 35
a 429 430 91 2
a 430 459 45 75
a 430 429 61 12
a 430 460 66 35
a 430 461 22 7
a 430 431 36 3
a 431 460 45 3
a 431 430 6 64
a 431 461 35 66
a 431 462 88 19
a 431 432 94 71
a 432 461 98 48
a 432 431 2 19
a 432 462 6 78
a 432 463 99 46
a 432 433 42 76
a 433 462 54 10
a 433 432 61 15
a 433 463 2 89
a 433 464 11 19
a 433 434 95 41
a 434 463 36 72
a 434 433 54 25
a 434 464 10 15
a 434 465 29 86
a 434 435 7 21
a 435 464 90 19
a 435 434 24 40
a 435 465 59 99
a 435 466 85 40
a 435 436 40 94
a 436 465 7 90
a 436 435 40 83
a 436 466 60 73
a 436 467 15 49
a 436 437 75 21
a 437 466 9 52
a 437 436 95 17
a 437 467 73 80
a 437 468 38 61
a 437 438 13 41
a 438 467 19 29
a 438 437 93 73
a 438 468 12 89
a 438 469 15 7
a 438 439 38 1
a 439 468 89 64
a 439 438 75 89
a 439 469 74 45
a 439 470 38 95
a 439 440 44 85
a 440 469 11 9
a 440 439 96 49
a 440 470 46 43
a 440 471 17 6
a 440 441 66 25
a 441 470 2 11
a 441 440 59 46
a 441 471 30 28
a 441 472 93 77
a 441 442 37 34
a 442 471 56 64
a 442 441 25 9
a 442 472 9 68
a 442 473 16 12
a 442 443 87 8
a 443 472 93 12
a 443 442 18 70
a 443 473 47 96
a 443 474 25 97
a 443 444 77 90
a 444 473 83 28
a 444 443 17 3
a 444 474 13 3
a 444 475 60 81
a 444 445 79 72
a 445 474 6 90
a 445 444 57 98
a 445 475 15 72
a 445 476 25 83
a 445 446 25 87
a 446 475 82 3
a 446 445 19 55
a 446 476 57 25
a 446 477 71 33
a 446 447 64 6
a 447 476 75 69
a 447 446 35 93
a 447 477 9 15
a 447 478 67 10
a 447 448 85 18
a 448 477 83 88
a 448 447 30 49
a 448 478 50 81
a 448 479 25 13
a 448 449 23 84
a 449 478 14 4
a 449 448 96 31
a 449 479 24 33
a 449 480 54 78
a 449 450 75 20
a 450 479 66 80
a 450 449 46 93
a 450 480 69 29
a 451 481 43 17
a 451 482 10 47
a 451 452 76 82
a 452 481 20 91
a 452 451 51 85
a 452 482 94 87
a 452 483 70 25
a 452 453 52 57
a 453 482 14 22
a 453 452 89 89
a 453 483 1 71
a 453 484 87 16
a 453 454 72 93
a 454 483 12 95
a 454 453 58 30
a 454 484 98 80
a 454 485 99 11
a 454 455 17 44
a 455 484 80 66
a 455 454 74 81
a 455 485 68 44
a 455 486 52 74
a 455 456 66 67
a 456 485 43 34
a 456 455 66 60
a 456 486 96 66
a 456 487 70 23
a 456 457 12 96
a 457 486 81 56
a 457 456 14 77
a 457 487 67 63
a 457 488 36 6
a 457 458 20 27
a 458 487 46 66
a 458 457 79 88
a 458 488 97 64
a 458 489 15 31
a 458 459 3 12
a 459 488 37 99
a 459 458 28 69
a 459 489 33 63
a 459 490 31 47
a 459 460 87 76
a 460 489 51 78
a 460 459 47 8
a 460 490 52 99
a 460 491 53 100
a 460 461 90 90
a 461 490 38 6
a 461 460 95 66
a 461 491 16 44
a 461 492 62 85
a 461 462 65 22
a 462 491 52 64
a 462 461 39 94
a 462 492 84 56
a 462 493 100 27
a 462 463 80 46
a 463 492 85 35
a 463 462 14 49
a 463 493 89 99
a 463 494 45 86
a 463 464 31 58
a 464 493 76 65
a 464 463 2 36
a 464 494 53 95
a 464 495 83 93
a 464 465 56 67
a 465 494 57 21
a 465 464 87 3
a 465 495 24 48
a 465 496 62 83
a 465 466 22 64
a 466 495 24 77
a 466 465 22 75
a 466 496 92 46
a 466 497 88 15
a 466 467 70 25
a 467 496 71 24
a 467 466 94 10
a 467 497 64 58
a 467 498 44 41
a 467 468 75 67
a 468 497 87 48
a 468 467 75 88
a 468 498 92 43
a 468 499 44 48
a 468 469 78 79
a 469 498 76 86
a 469 468 91 95
a 469 499 91 13
a 469 500 89 65
a 469 470 91 66
a 470 499 55 84
a 470 469 60 38
a 470 500 77 82
a 470 501 83 65
a 470 471 92 72
a 471 500 66 15
a 471 470 67 89
a 471 501 12 67
a 471 502 46 97
a 471 472 11 10
a 472 501 60 92
a 472 471 6 69
a 472 502 44 9
a 472 503 21 27
a 472 473 54 17
a 473 502 15 10
a 473 472 24 55
a 473 503 34 89
a 473 504 48 73
a 473 474 92 56
a 474 503 84 92
a 474 473 79 64
a 474 504 5 30
a 474 505 80 10
a 474 475 6 94
a 475 504 93 70
a 475 474 37 58
a 475 505 70 41
a 475 506 48 85
a 475 476 82 32
a 476 505 66 23
a 476 475 60 24
a 476 506 69 74
a 476 507 73 56
a 476 477 96 70
a 477 506 58 54
a 477 476 13 81
a 477 507 2 83
a 477 508 48 82
a 477 478 18 48
a 478 507 88 85
a 478 477 62 45
a 478 508 40 44
a 478 509 91 42
a 478 479 67 72
a 479 508 36 13
a 479 478 97 66
a 479 509 57 44
a 479 510 9 37
a 479 480 94 92
a 480 509 15 74
a 480 479 90 71
a 480 510 67 24
a 481 511 27 98
a 481 512 53 74
a 481 482 23 95
a 482 511 52 2
a 482 481 30 39
a 482 512 61 55
a 482 513 39 75
a 482 483 93 3
a 483 512 13 41
a 483 482 60 11
a 483 513 10 82
a 483 514 1 93
a 483 484 99 8
a 484 513 67 5
a 484 483 59 78
a 484 514 66 20
a 484 515 94 4
a 484 485 34 97
a 485 514 58 65
a 485 484 94 57
a 485 515 41 67
a 485 516 53 95
a 485 486 83 6
a 486 515 62 17
a 486 485 3 49
a 486 516 33 98
a 486 517 4 2
a 486 487 21 73
a 487 516 45 13
a 487 486 51 15
a 487 517 26 41
a 487 518 2 9
a 487 488 19 55
a 488 517 73 45
a 488 487 12 63
a 488 518 69 94
a 488 519 51 49
a 488 489 39 39
a 489 518 74 21
a 489 488 37 30
a 489 519 32 12
a 489 520 42 47
a 489 490 43 88
a 490 519 93 45
a 490 489 64 38
a 490 520 48 59
a 490 521 98 98
a 490 491 98 55
a 491 520 10 19
a 491 490 65 47
a 491 521 32 54
a 491 522 46 26
a 491 492 4 49
a 492 521 79 40
a 492 491 44 38
a 492 522 48 54
a 492 523 70 22
a 492 493 3 85
a 493 522 18 84
a 493 492 1 69
a 493 523 84 19
a 493 524 17 33
a 493 494 64 98
a 494 523 87 46
a 494 493 23 40
a 494 524 19 54
a 494 525 35 16
a 494 495 25 83
a 495 524 4 84
a 495 494 29 53
a 495 525 38 47
a 495 526 28 77
a 495 496 51 52
a 496 525 6 1
a 496 495 69 89
a 496 526 96 21
a 496 527 25 21
a 496 497 70 11
a 497 526 27 94
a 497 496 21 10
a 497 527 2 95
a 497 528 42 36
a 497 498 13 22
a 498 527 38 43
a 498 497 40 38
a 498 528 74 20
a 498 529 48 37
a 498 499 20 36
a 499 528 89 49
a 499 498 93 90
a 499 529 58 49
a 499 530 31 9
a 499 500 84 63
a 500 529 15 31
a 500 499 72 48
a 500 530 23 60
a 500 531 27 8
a 500 501 50 78
a 501 530 37 28
a 501 500 20 21
a 501 531 86 34
a 501 532 29 30
a 501 502 5 88
a 502 531 31 97
a 502 501 95 94
a 502 532 7 53
a 502 533 82 70
a 502 503 86 66
a 503 532 95 89
a 503 502 93 17
a 503 533 7 73
a 503 534 99 14
a 503 504 71 69
a 504 533 31 39
a 504 503 39 34
a 504 534 65 45
a 504 535 27 32
a 504 505 86 66
a 505 534 10 44
a 505 504 32 38
a 505 535 52 74
a 505 536 41 34
a 505 506 64 25
a 506 535 89 34
a 506 505 79 48
a 506 536 15 27
a 506 537 7 1
a 506 507 59 38
a 507 536 76 13
a 507 506 10 64
a 507 537 60 27
a 507 538 95 79
a 507 508 8 69
a 508 537 34 38
a 508 507 14 13
a 508 538 8 38
a 508 539 94 77
a 508 509 54 45
a 509 538 69 83
a 509 508 19 27
a 509 539 81 44
a 509 540 33 23
a 509 510 84 3
a 510 539 84 47
a 510 509 47 45
a 510 540 97 49
a 511 541 60 69
a 511 542 6 52
a 511 512 71 64
a 512 541 40 67
a 512 511 58 87
a 512 542 91 9
a 512 543 16 96
a 512 513 26 93
a 513 542 64 78
a 513 512 33 32
a 513 543 23 19
a 513 544 39 9
a 513 514 95 85
a 514 543 82 65
a 514 513 100 19
a 514 544 55 70
a 514 545 98 87
a 514 515 56 70
a 515 544 73 97
a 515 514 84 76
a 515 545 37 41
a 515 546 37 87
a 515 516 17 6
a 516 545 73 46
a 516 515 38 51
a 516 546 67 85
a 516 547 6 56
a 516 517 94 63
a 517 546 92 38
a 517 516 32 69
a 517 547 40 26
a 517 548 37 46
a 517 518 38 40
a 518 547 99 35
a 518 517 15 21
a 518 548 58 55
a 518 549 100 17
a 518 519 69 28
a 519 548 15 3
a 519 518 47 46
a 519 549 70 38
a 519 550 29 94
a 519 520 91 44
a 520 549 97 11
a 520 519 42 5
a 520 550 88 69
a 520 551 77 87
a 520 521 97 45
a 521 550 57 62
a 521 520 25 2
a 521 551 79 19
a 521 552 47 33
a 521 522 54 17
a 522 551 64 49
a 522 521 89 64
a 522 552 77 47
a 522 553 14 78
a 522 523 15 84
a 523 552 60 41
a 523 522 80 13
a 523 553 6 16
a 523 554 8 43
a 523 524 44 42
a 524 553 78 57
a 524 523 35 67
a 524 554 43 91
a 524 555 11 84
a 524 525 34 1
a 525 554 12 35
a 525 524 70 29
a 525 555 51 21
a 525 556 38 34
a 525 526 74 9
a 526 555 44 82
a 526 525 15 27
a 526 556 88 42
a 526 557 83 73
a 526 527 49 37
a 527 556 38 97
a 527 526 12 44
a 527 557 39 64
a 527 558 76 34
a 527 528 1 47
a 528 557 87 69
a 528 527 98 61
a 528 558 39 3
a 528 559 89 97
a 528 529 59 90
a 529 558 99 38
a 529 528 49 35
a 529 559 46 4
a 529 560 40 6
a 529 530 10 17
a 530 559 78 37
a 530 529 61 86
a 530 560 52 47
a 530 561 74 21
a 530 531 47 79
a 531 560 7 81
a 531 530 31 62
a 531 561 35 8
a 531 562 71 77
a 531 532 43 20
a 532 561 23 92
a 532 531 13 12
a 532 562 22 9
a 532 563 59 19
a 532 533 32 37
a 533 562 74 97
a 533 532 9 94
a 533 563 99 65
a 533 564 60 37
a 533 534 75 18
a 534 563 59 91
a 534 533 23 41
a 534 564 80 47
a 534 565 7 24
a 534 535 49 23
a 535 564 53 47
a 535 534 74 84
a 535 565 31 49
a 535 566 91 75
a 535 536 61 33
a 536 565 48 54
a 536 535 36 43
a 536 566 48 29
a 536 567 82 80
a 536 537 55 75
a 537 566 3 87
a 537 536 53 29
a 537 567 91 99
a 537 568 16 5
a 537 538 35 14
a 538 567 10 83
a 538 537 87 45
a 538 568 52 37
a 538 569 89 15
a 538 539 43 77
a 539 568 87 4
a 539 538 85 62
a 539 569 67 84
a 539 570 24 36
a 539 540 48 86
a 540 569 66 89
a 540 539 29 64
a 540 570 73 56
a 541 571 14 100
a 541 572 95 32
a 541 542 91 3
a 542 571 30 94
a 542 541 41 10
a 542 572 17 76
a 542 573 72 80
a 542 543 67 40
a 543 572 63 8
a 543 542 94 97
a 543 573 96 91
a 543 574 69 17
a 543 544 27 48
a 544 573 95 90
a 544 543 50 69
a 544 574 75 2
a 544 575 7 19
a 544 545 3 87
a 545 574 74 74
a 545 544 57 93
a 545 575 27 39
a 545 576 94 17
a 545 546 8 58
a 546 575 15 94
a 546 545 4 43
a 546 576 43 86
a 546 577 18 62
a 546 547 35 26
a 547 576 45 36
a 547 546 61 7
a 547 577 69 45
a 547 578 2 10
a 547 548 8 80
a 548 577 94 59
a 548 547 13 74
a 548 578 70 75
a 548 579 21 59
a 548 549 74 79
a 549 578 48 18
a 549 548 55 5
a 549 579 33 28
a 549 580 81 94
a 549 550 6 4
a 550 579 9 65
a 550 549 16 86
a 550 580 44 16
a 550 581 87 78
a 550 551 35 13
a 551 580 12 44
a 551 550 95 48
a 551 581 47 95
a 551 582 71 76
a 551 552 99 51
a 552 581 30 71
a 552 551 29 52
a 552 582 71 24
a 552 583 100 76
a 552 553 91 20
a 553 582 47 45
a 553 552 28 69
a 553 583 38 85
a 553 584 92 88
a 553 554 84 22
a 554 583 22 97
a 554 553 71 50
a 554 584 91 53
a 554 585 76 40
a 554 555 2 76
a 555 584 53 10
a 555 554 32 73
a 555 585 54 44
a 555 586 34 27
a 555 556 12 97
a 556 585 29 1
a 556 555 38 84
a 556 586 28 86
a 556 587 74 61
a 556 557 94 80
a 557 586 23 67
a 557 556 27 80
a 557 587 28 15
a 557 588 5 67
a 557 558 34 11
a 558 587 48 95
a 558 557 20 40
a 558 588 82 64
a 558 589 23 94
a 558 559 77 34
a 559 588 25 35
a 559 558 67 5
a 559 589 71 86
a 559 590 89 29
a 559 560 47 67
a 560 589 41 40
a 560 559 32 95
a 560 590 61 28
a 560 591 57 46
a 560 561 69 10
a 561 590 34 26
a 561 560 76 45
a 561 591 2 18
a 561 592 100 49
a 561 562 74 65
a 562 591 52 61
a 562 561 87 81
a 562 592 10 36
a 562 593 65 12
a 562 563 78 100
a 563 592 23 74
a 563 562 38 63
a 563 593 92 91
a 563 594 30 15
a 563 564 29 64
a 564 593 79 29
a 564 563 51 46
a 564 594 52 71
a 564 595 52 52
a 564 565 32 68
a 565 594 9 19
a 565 564 63 21
a 565 595 45 83
a 565 596 57 77
a 565 566 28 76
a 566 595 37 65
a 566 565 85 22
a 566 596 7 58
a 566 597 91 91
a 566 567 72 84
a 567 596 44 92
a 567 566 64 9
a 567 597 50 59
a 567 598 82 32
a 567 568 46 36
a 568 597 96 48
a 568 567 60 74
a 568 598 61 80
a 568 599 5 2
a 568 569 72 33
a 569 598 1 23
a 569 568 8 6
a 569 599 29 72
a 569 600 50 60
a 569 570 16 27
a 570 599 48 100
a 570 569 2 94
a 570 600 95 6
a 571 601 26 2
a 571 602 91 76
a 571 572 29 48
a 572 601 15 14
a 572 571 72 4
a 572 602 100 80
a 572 603 54 5
a 572 573 20 83
a 573 602 44 5
a 573 572 99 85
a 573 603 79 51
a 573 604 47 15
a 573 574 24 15
a 574 603 29 1
a 574 573 15 31
a 574 604 64 19
a 574 605 81 45
a 574 575 46 87
a 575 604 71 28
a 575 574 89 25
a 575 605 24 59
a 575 606 2 16
a 575 576 88 28
a 576 605 3 28
a 576 575 56 22
a 576 606 72 18
a 576 607 2 32
a 576 577 52 1
a 577 606 26 91
a 577 576 49 100
a 577 607 15 74
a 577 608 99 53
a 577 578 43 72
a 578 607 29 65
a 578 577 37 63
a 578 608 31 63
a 578 609 25 92
a 578 579 47 16
a 579 608 47 60
a 579 578 52 24
a 579 609 34 42
a 579 610 77 63
a 579 580 16 22
a 580 609 39 22
a 580 579 98 98
a 580 610 26 78
a 580 611 70 84
a 580 581 61 16
a 581 610 65 61
a 581 580 74 18
a 581 611 44 93
a 581 612 16 5
a 581 582 46 32
a 582 611 61 1
a 582 581 15 52
a 582 612 80 38
a 582 613 9 21
a 582 583 28 93
a 583 612 24 58
a 583 582 55 91
a 583 613 46 46
a 583 614 25 66
a 583 584 68 36
a 584 613 89 7
a 584 583 27 19
a 584 614 66 7
a 584 615 22 47
a 584 585 44 66
a 585 614 72 21
a 585 584 74 73
a 585 615 60 49
a 585 616 5 40
a 585 586 86 34
a 586 615 87 53
a 586 585 42 99
a 586 616 44 88
a 586 617 43 90
a 586 587 86 48
a 587 616 85 34
a 587 586 27 31
a 587 617 80 62
a 587 618 33 42
a 587 588 33 64
a 588 617 100 40
a 588 587 43 64
a 588 618 40 37
a 588 619 15 94
a 588 589 45 87
a 589 618 88 31
a 589 588 66 57
a 589 619 26 81
a 589 620 51 5
a 589 590 88 93
a 590 619 16 28
a 590 589 13 91
a 590 620 76 63
a 590 621 8 5
a 590 591 99 33
a 591 620 39 65
a 591 590 30 76
a 591 621 22 24
a 591 622 21 74
a 591 592 70 52
a 592 621 63 78
a 592 591 40 46
a 592 622 59 87
a 592 623 76 77
a 592 593 43 5
a 593 622 30 80
a 593 592 41 66
a 593 623 100 74
a 593 624 3 93
a 593 594 8 50
a 594 623 3 31
a 594 593 66 8
a 594 624 32 70
a 594 625 42 91
a 594 595 29 15
a 595 624 22 10
a 595 594 48 87
a 595 625 69 29
a 595 626 72 10
a 595 596 88 90
a 596 625 48 93
a 596 595 60 44
a 596 626 87 59
a 596 627 39 8
a 596 597 76 2
a 597 626 100 7
a 597 596 62 44
a 597 627 32 100
a 597 628 2 73
a 597 598 34 80
a 598 627 42 84
a 598 597 99 56
a 598 628 86 6
a 598 629 4 82
a 598 599 98 19
a 599 628 82 89
a 599 598 26 32
a 599 629 8 47
a 599 630 75 1
a 599 600 96 72
a 600 629 75 93
a 600 599 11 53
a 600 630 48 88
a 601 631 15 39
a 601 632 30 66
a 601 602 34 75
a 602 631 10 49
a 602 601 1 19
a 602 632 36 45
a 602 633 21 18
a 602 603 41 16
a 603 632 94 52
a 603 602 10 15
a 603 633 86 6
a 603 634 68 10
a 603 604 76 46
a 604 633 21 32
a 604 603 78 8
a 604 634 17 40
a 604 635 74 33
a 604 605 74 48
a 605 634 15 43
a 605 604 50 71
a 605 635 57 82
a 605 636 18 54
a 605 606 50 69
a 606 635 65 42
a 606 605 21 14
a 606 636 7 6
a 606 637 67 81
a 606 607 64 41
a 607 636 7 75
a 607 606 53 56
a 607 637 80 28
a 607 638 93 58
a 607 608 84 2
a 608 637 81 64
a 608 607 69 81
a 608 638 42 28
a 608 639 73 37
a 608 609 25 33
a 609 638 94 27
a 609 608 65 90
a 609 639 1 65
a 609 640 85 17
a 609 610 46 12
a 610 639 77 90
a 610 609 94 23
a 610 640 15 93
a 610 641 33 41
a 610 611 19 92
a 611 640 55 75
a 611 610 72 18
a 611 641 83 10
a 611 642 78 86
a 611 612 58 33
a 612 641 48 56
a 612 611 55 36
a 612 642 54 59
a 612 643 31 53
a 612 613 33 59
a 613 642 80 90
a 613 612 48 65
a 613 643 87 60
a 613 644 84 34
a 613 614 79 51
a 614 643 56 45
a 614 613 18 64
a 614 644 82 33
a 614 645 86 20
a 614 615 45 32
a 615 644 53 78
a 615 614 15 65
a 615 645 33 92
a 615 646 20 9
a 615 616 27 54
a 616 645 22 81
a 616 615 17 85
a 616 646 77 75
a 616 647 83 8
a 616 617 66 32
a 617 646 23 66
a 617 616 32 1
a 617 647 52 55
a 617 648 15 67
a 617 618 85 88
a 618 647 4 62
a 618 617 92 82
a 618 648 46 56
a 618 649 73 75
a 618 619 99 28
a 619 648 22 69
a 619 618 72 38
a 619 649 68 4
a 619 650 12 34
a 619 620 83 23
a 620 649 32 50
a 620 619 20 98
a 620 650 63 36
a 620 651 19 15
a 620 621 7 93
a 621 650 77 42
a 621 620 79 92
a 621 651 20 12
a 621 652 30 75
a 621 622 35 76
a 622 651 23 28
a 622 621 94 6
a 622 652 8 35
a 622 653 82 2
a 622 623 60 64
a 623 652 81 68
a 623 622 71 77
a 623 653 8 66
a 623 654 20 3
a 623 624 50 57
a 624 653 2 2
a 624 623 42 78
a 624 654 30 6
a 624 655 70 21
a 624 625 6 40
a 625 654 6 5
a 625 624 31 50
a 625 655 12 88
a 625 656 60 8
a 625 626 94 52
a 626 655 10 76
a 626 625 75 31
a 626 656 77 57
a 626 657 39 24
a 626 627 4 44
a 627 656 77 35
a 627 626 21 84
a 627 657 98 56
a 627 658 69 88
a 627 628 80 47
a 628 657 71 87
a 628 627 51 84
a 628 658 4 68
a 628 659 33 39
a 628 629 22 32
a 629 658 44 75
a 629 628 98 66
a 629 659 79 49
a 629 660 17 81
a 629 630 70 74
a 630 659 31 89
a 630 629 76 53
a 630 660 71 8
a 631 661 88 68
a 631 662 43 83
a 631 632 4 2
a 632 661 95 6
a 632 631 49 47
a 632 662 62 44
a 632 663 63 59
a 632 633 98 4
a 633 662 58 97
a 633 632 28 98
a 633 663 87 5
a 633 664 23 74
a 633 634 84 53
a 634 663 17 13
a 634 633 55 26
a 634 664 29 81
a 634 665 14 53
a 634 635 29 98
a 635 664 40 56
a 635 634 16 18
a 635 665 57 8
a 635 666 85 53
a 635 636 55 53
a 636 665 98 24
a 636 635 33 35
a 636 666 43 32
a 636 667 73 75
a 636 637 7 80
a 637 666 26 38
a 637 636 78 92
a 637 667 98 78
a 637 668 14 28
a 637 638 92 89
a 638 667 59 33
a 638 637 2 20
a 638 668 77 70
a 638 669 26 72
a 638 639 56 67
a 639 668 90 81
a 639 638 80 35
a 639 669 76 37
a 639 670 45 57
a 639 640 43 44
a 640 669 70 15
a 640 639 28 87
a 640 670 25 26
a 640 671 53 93
a 640 641 50 85
a 641 670 63 54
a 641 640 21 48
a 641 671 65 31
a 641 672 7 60
a 641 642 33 99
a 642 671 69 66
a 642 641 42 86
a 642 672 95 18
a 642 673 72 51
a 642 643 56 60
a 643 672 35 71
a 643 642 71 14
a 643 673 81 53
a 643 674 79 35
a 643 644 36 92
a 644 673 49 7
a 644 643 83 94
a 644 674 10 15
a 644 675 56 83
a 644 645 40 73
a 645 674 73 41
a 645 644 98 51
a 645 675 5 44
a 645 676 19 85
a 645 646 92 57
a 646 675 57 44
a 646 645 3 29
a 646 676 94 29
a 646 677 69 72
a 646 647 84 96
a 647 676 71 15
a 647 646 3 3
a 647 677 51 99
a 647 678 75 98
a 647 648 21 48
a 648 677 78 69
a 648 647 11 66
a 648 678 3 28
a 648 679 77 76
a 648 649 93 39
a 649 678 57 31
a 649 648 31 3
a 649 679 10 85
a 649 680 68 46
a 649 650 94 23
a 650 679 76 91
a 650 649 42 29
a 650 680 73 33
a 650 681 72 78
a 650 651 24 22
a 651 680 67 60
a 651 650 41 51
a 651 681 46 34
a 651 682 90 3
a 651 652 20 29
a 652 681 48 85
a 652 651 82 16
a 652 682 64 76
a 652 683 52 72
a 652 653 96 39
a 653 682 33 32
a 653 652 58 98
a 653 683 41 46
a 653 684 6 72
a 653 654 81 63
a 654 683 1 22
a 654 653 5 82
a 654 684 55 64
a 654 685 83 5
a 654 655 93 63
a 655 684 21 3
a 655 654 88 43
a 655 685 69 18
a 655 686 90 60
a 655 656 96 29
a 656 685 82 72
a 656 655 28 70
a 656 686 48 100
a 656 687 72 71
a 656 657 3 5
a 657 686 18 34
a 657 656 74 33
a 657 687 9 83
a 657 688 54 15
a 657 658 25 22
a 658 687 86 24
a 658 657 67 11
a 658 688 18 76
a 658 689 38 67
a 658 659 82 61
a 659 688 44 44
a 659 658 59 35
a 659 689 91 64
a 659 690 96 25
a 659 660 11 47
a 660 689 38 64
a 660 659 17 91
a 660 690 26 57
a 661 691 18 1
a 661 692 25 6
a 661 662 65 15
a 662 691 86 6
a 662 661 12 84
a 662 692 9 61
a 662 693 10 65
a 662 663 52 1
a 663 692 63 26
a 663 662 85 62
a 663 693 85 52
a 663 694 2 9
a 663 664 50 34
a 664 693 1 12
a 664 663 83 54
a 664 694 82 10
a 664 695 72 16
a 664 665 48 58
a 665 694 99 6
a 665 664 72 21
a 665 695 11 51
a 665 696 73 26
a 665 666 13 74
a 666 695 43 10
a 666 665 33 6
a 666 696 19 86
a 666 697 79 36
a 666 667 8 1
a 667 696 13 37
a 667 666 48 30
a 667 697 47 83
a 667 698 66 66
a 667 668 67 11
a 668 697 44 6
a 668 667 38 76
a 668 698 63 10
a 668 699 67 67
a 668 669 34 90
a 669 698 2 55
a 669 668 36 74
a 669 699 26 36
a 669 700 70 86
a 669 670 24 53
a 670 699 16 19
a 670 669 17 71
a 670 700 49 69
a 670 701 2 53
a 670 671 54 74
a 671 700 14 38
a 671 670 64 4
a 671 701 46 70
a 671 702 70 11
a 671 672 50 77
a 672 701 33 58
a 672 671 9 100
a 672 702 79 72
a 672 703 41 57
a 672 673 43 71
a 673 702 9 68
a 673 672 40 65
a 673 703 72 81
a 673 704 58 83
a 673 674 19 38
a 674 703 61 11
a 674 673 11 74
a 674 704 88 29
a 674 705 81 74
a 674 675 86 98
a 675 704 15 63
a 675 674 93 14
a 675 705 87 57
a 675 706 56 21
a 675 676 76 25
a 676 705 87 92
a 676 675 29 95
a 676 706 98 38
a 676 707 59 22
a 676 677 38 18
a 677 706 80 48
a 677 676 61 20
a 677 707 69 82
a 677 708 1 32
a 677 678 92 49
a 678 707 3 62
a 678 677 62 76
a 678 708 30 89
a 678 709 52 54
a 678 679 63 39
a 679 708 50 91
a 679 678 89 55
a 679 709 45 51
a 679 710 70 6
a 679 680 87 71
a 680 709 97 22
a 680 679 25 29
a 680 710 8 37
a 680 711 40 70
a 680 681 50 90
a 681 710 89 99
a 681 680 88 19
a 681 711 15 73
a 681 712 5 12
a 681 682 59 11
a 682 711 15 51
a 682 681 75 3
a 682 712 42 54
a 682 713 97 28
a 682 683 6 65
a 683 712 50 47
a 683 682 28 36
a 683 713 31 59
a 683 714 79 34
a 683 684 72 43
a 684 713 75 63
a 684 683 16 60
a 684 714 59 49
a 684 715 70 73
a 684 685 24 38
a 685 714 73 3
a 685 684 46 90
a 685 715 59 61
a 685 716 97 57
a 685 686 4 45
a 686 715 96 71
a 686 685 18 94
a 686 716 18 32
a 686 717 65 71
a 686 687 69 23
a 687 716 49 48
a 687 686 92 27
a 687 717 84 11
a 687 718 82 21
a 687 688 10 37
a 688 717 45 9
a 688 687 37 68
a 688 718 54 35
a 688 719 70 82
a 688 689 70 17
a 689 718 34 76
a 689 688 85 61
a 689 719 85 45
a 689 720 7 26
a 689 690 92 9
a 690 719 12 16
a 690 689 3 42
a 690 720 94 1
a 691 721 30 86
a 691 722 90 49
a 691 692 69 43
a 692 721 68 43
a 692 691 84 1
a 692 722 91 22
a 692 723 93 30
a 692 693 69 34
a 693 722 48 44
a 693 692 21 29
a 693 723 52 79
a 693 724 16 81
a 693 694 68 13
a 694 723 94 94
a 694 693 35 16
a 694 724 28 65
a 694 725 57 56
a 694 695 67 67
a 695 724 30 78
a 695 694 27 12
a 695 725 73 49
a 695 726 79 3
a 695 696 14 92
a 696 725 51 80
a 696 695 66 60
a 696 726 16 9
a 696 727 52 76
a 696 697 23 90
a 697 726 8 99
a 697 696 8 84
a 697 727 79 63
a 697 728 26 45
a 697 698 22 28
a 698 727 4 58
a 698 697 69 59
a 698 728 88 85
a 698 729 45 9
a 698 699 36 74
a 699 728 86 96
a 699 698 2 90
a 699 729 59 26
a 699 730 65 48
a 699 700 67 1
a 700 729 14 56
a 700 699 56 47
a 700 730 89 94
a 700 731 52 2
a 700 701 56 71
a 701 730 52 99
a 701 700 79 54
a 701 731 26 89
a 701 732 30 74
a 701 702 99 2
a 702 731 95 12
a 702 701 49 98
a 702 732 61 13
a 702 733 11 8
a 702 703 17 10
a 703 732 59 94
a 703 702 29 33
a 703 733 1 44
a 703 734 95 16
a 703 704 22 37
a 704 733 99 12
a 704 703 48 82
a 704 734 34 55
a 704 735 86 85
a 704 705 82 35
a 705 734 72 10
a 705 704 84 35
a 705 735 75 68
a 705 736 37 25
a 705 706 11 51
a 706 735 64 40
a 706 705 51 93
a 706 736 66 82
a 706 737 55 4
a 706 707 16 70
a 707 736 81 81
a 707 706 14 95
a 707 737 78 79
a 707 738 58 98
a 707 708 27 50
a 708 737 7 71
a 708 707 55 42
a 708 738 95 61
a 708 739 1 51
a 708 709 12 5
a 709 738 15 59
a 709 708 22 72
a 709 739 54 97
a 709 740 23 38
a 709 710 85 9
a 710 739 81 76
a 710 709 82 57
a 710 740 6 69
a 710 741 48 99
a 710 711 50 9
a 711 740 18 96
a 711 710 73 55
a 711 741 61 62
a 711 742 60 41
a 711 712 97 73
a 712 741 5 70
a 712 711 26 100
a 712 742 19 8
a 712 743 6 79
a 712 713 7 71
a 713 742 92 97
a 713 712 46 71
a 713 743 15 65
a 713 744 25 90
a 713 714 29 54
a 714 743 36 62
a 714 713 11 32
a 714 744 92 82
a 714 745 22 89
a 714 715 22 55
a 715 744 44 81
a 715 714 76 75
a 715 745 53 42
a 715 746 58 26
a 715 716 94 81
a 716 745 35 78
a 716 715 15 22
a 716 746 15 93
a 716 747 73 86
a 716 717 17 29
a 717 746 31 44
a 717 716 66 52
a 717 747 62 45
a 717 748 29 65
a 717 718 37 69
a 718 747 66 99
a 718 717 2 4
a 718 748 9 21
a 718 749 3 73
a 718 719 64 16
a 719 748 1 62
a 719 718 30 30
a 719 749 63 53
a 719 750 19 64
a 719 720 40 96
a 720 749 93 95
a 720 719 14 89
a 720 750 73 83
a 721 751 95 100
a 721 752 30 92
a 721 722 14 69
a 722 751 84 78
a 722 721 20 21
a 722 752 61 32
a 722 753 29 17
a 722 723 53 37
a 723 752 89 71
a 723 722 84 60
a 723 753 75 98
a 723 754 56 99
a 723 724 25 49
a 724 753 18 56
a 724 723 96 89
a 724 754 17 75
a 724 755 11 64
a 724 725 90 26
a 725 754 98 77
a 725 724 15 74
a 725 755 44 48
a 725 756 7 88
a 725 726 62 18
a 726 755 89 18
a 726 725 37 79
a 726 756 21 84
a 726 757 16 66
a 726 727 87 2
a 727 756 10 8
a 727 726 70 11
a 727 757 6 27
a 727 758 17 80
a 727 728 72 29
a 728 757 14 92
a 728 727 45 40
a 728 758 97 29
a 728 759 72 74
a 728 729 96 16
a 729 758 11 15
a 729 728 27 61
a 729 759 33 47
a 729 760 85 30
a 729 730 49 62
a 730 759 63 41
a 730 729 1 62
a 730 760 47 45
a 730 761 94 73
a 730 731 39 23
a 731 760 99 100
a 731 730 76 26
a 731 761 86 59
a 731 762 16 74
a 731 732 6 14
a 732 761 50 5
a 732 731 52 10
a 732 762 36 99
a 732 763 73 22
a 732 733 61 49
a 733 762 91 9
a 733 732 43 13
a 733 763 48 5
a 733 764 17 65
a 733 734 96 97
a 734 763 21 86
a 734 733 25 48
a 734 764 83 20
a 734 765 38 11
a 734 735 65 37
a 735 764 92 65
a 735 734 83 26
a 735 765 59 57
a 735 766 36 9
a 735 736 92 100
a 736 765 44 77
a 736 735 86 54
a 736 766 42 88
a 736 767 61 1
a 736 737 98 1
a 737 766 99 96
a 737 736 36 99
a 737 767 72 86
a 737 768 27 89
a 737 738 56 34
a 738 767 27 22
a 738 737 64 38
a 738 768 99 8
a 738 769 51 37
a 738 739 95 74
a 739 768 76 58
a 739 738 75 84
a 739 769 29 61
a 739 770 81 44
a 739 740 38 48
a 740 769 56 79
a 740 739 8 59
a 740 770 71 45
a 740 771 90 17
a 740 741 41 25
a 741 770 73 41
a 741 740 48 57
a 741 771 80 30
a 741 772 68 91
a 741 742 74 83
a 742 771 37 94
a 742 741 96 40
a 742 772 77 20
a 742 773 48 81
a 742 743 4 76
a 743 772 9 57
a 743 742 98 83
a 743 773 66 48
a 743 774 68 12
a 743 744 57 17
a 744 773 35 34
a 744 743 80 40
a 744 774 18 67
a 744 775 50 24
a 744 745 36 70
a 745 774 24 17
a 745 744 33 57
a 745 775 20 76
a 745 776 14 50
a 745 746 36 100
a 746 775 63 36
a 746 745 68 97
a 746 776 57 30
a 746 777 90 92
a 746 747 37 12
a 747 776 47 99
a 747 746 20 86
a 747 777 18 91
a 747 778 82 67
a 747 748 20 88
a 748 777 10 78
a 748 747 6 28
a 748 778 40 15
a 748 779 4 8
a 748 749 38 89
a 749 778 45 36
a 749 748 45 32
a 749 779 89 74
a 749 780 24 68
a 749 750 27 59
a 750 779 99 41
a 750 749 58 90
a 750 780 69 65
a 751 781 82 66
a 751 782 44 68
a 751 752 81 91
a 752 781 10 51
a 752 751 32 8
a 752 782 50 93
a 752 783 56 88
a 752 753 81 22
a 753 782 70 46
a 753 752 96 77
a 753 783 79 80
a 753 784 59 9
a 753 754 2 65
a 754 783 74 32
a 754 753 60 71
a 754 784 32 1
a 754 785 1 92
a 754 755 8 80
a 755 784 4 72
a 755 754 25 80
a 755 785 33 33
a 755 786 79 29
a 755 756 80 78
a 756 785 12 77
a 756 755 63 87
a 756 786 22 97
a 756 787 49 45
a 756 757 6 68
a 757 786 46 26
a 757 756 13 100
a 757 787 51 97
a 757 788 16 56
a 757 758 70 55
a 758 787 89 46
a 758 757 43 27
a 758 788 70 6
a 758 789 14 94
a 758 759 42 93
a 759 788 44 49
a 759 758 42 29
a 759 789 78 85
a 759 790 27 6
a 759 760 93 60
a 760 789 81 58
a 760 759 76 93
a 760 790 86 65
a 760 791 85 56
a 760 761 65 30
a 761 790 74 26
a 761 760 64 87
a 761 791 45 5
a 761 792 41 1
a 761 762 94 97
a 762 791 60 68
a 762 761 25 94
a 762 792 64 7
a 762 793 24 65
a 762 763 5 31
a 763 792 18 10
a 763 762 77 66
a 763 793 32 84
a 763 794 87 91
a 763 764 4 93
a 764 793 99 57
a 764 763 100 60
a 764 794 65 85
a 764 795 54 10
a 764 765 82 20
a 765 794 26 81
a 765 764 34 86
a 765 795 37 79
a 765 796 72 42
a 765 766 99 87
a 766 795 94 52
a 766 765 40 33
a 766 796 77 98
a 766 797 36 41
a 766 767 17 78
a 767 796 46 76
a 767 766 39 67
a 767 797 45 62
a 767 798 48 70
a 767 768 17 68
a 768 797 2 20
a 768 767 29 65
a 768 798 17 67
a 768 799 73 84
a 768 769 60 4
a 769 798 87 78
a 769 768 95 45
a 769 799 35 25
a 769 800 94 63
a 769 770 55 94
a 770 799 28 38
a 770 769 54 75
a 770 800 36 4
a 770 801 73 21
a 770 771 77 100
a 771 800 24 49
a 771 770 96 85
a 771 801 100 38
a 771 802 64 96
a 771 772 41 68
a 772 801 80 39
a 772 771 43 48
a 772 802 48 46
a 772 803 50 17
a 772 773 62 100
a 773 802 27 45
a 773 772 35 12
a 773 803 60 44
a 773 804 43 42
a 773 774 35 19
a 774 803 39 77
a 774 773 46 57
a 774 804 61 54
a 774 805 98 1
a 774 775 1 23
a 775 804 61 23
a 775 774 94 87
a 775 805 24 28
a 775 806 85 52
a 775 776 63 93
a 776 805 63 83
a 776 775 49 51
a 776 806 67 22
a 776 807 83 11
a 776 777 78 62
a 777 806 84 1
a 777 776 43 32
a 777 807 31 71
a 777 808 31 48
a 777 778 56 92
a 778 807 41 54
a 778 777 90 10
a 778 808 52 66
a 778 809 13 45
a 778 779 26 53
a 779 808 13 62
a 779 778 49 77
a 779 809 64 48
a 779 810 48 34
a 779 780 37 99
a 780 809 59 83
a 780 779 19 75
a 780 810 73 78
a 781 811 79 7
a 781 812 100 43
a 781 782 5 96
a 782 811 80 96
a 782 781 42 36
a 782 812 25 69
a 782 813 15 89
a 782 783 2 59
a 783 812 36 63
a 783 782 90 49
a 783 813 44 1
a 783 814 86 79
a 783 784 45 48
a 784 813 98 55
a 784 783 88 29
a 784 814 93 85
a 784 815 70 82
a 784 785 15 34
a 785 814 86 29
a 785 784 10 53
a 785 815 58 33
a 785 816 89 79
a 785 786 98 42
a 786 815 42 45
a 786 785 48 84
a 786 816 92 80
a 786 817 34 3
a 786 787 9 89
a 787 816 39 79
a 787 786 77 39
a 787 817 64 55
a 787 818 94 34
a 787 788 92 91
a 788 817 97 86
a 788 787 74 83
a 788 818 27 85
a 788 819 27 26
a 788 789 37 66
a 789 818 89 13
a 789 788 6 43
a 789 819 97 74
a 789 820 74 66
a 789 790 54 61
a 790 819 28 60
a 790 789 51 75
a 790 820 50 23
a 790 821 31 16
a 790 791 9 82
a 791 820 49 43
a 791 790 52 11
a 791 821 86 66
a 791 822 22 49
a 791 792 67 31
a 792 821 24 27
a 792 791 80 26
a 792 822 1 9
a 792 823 75 96
a 792 793 8 79
a 793 822 71 70
a 793 792 60 73
a 793 823 93 64
a 793 824 48 62
a 793 794 4 14
a 794 823 58 52
a 794 793 41 61
a 794 824 90 4
a 794 825 54 1
a 794 795 88 11
a 795 824 88 2
a 795 794 2 30
a 795 825 88 77
a 795 826 49 32
a 795 796 78 83
a 796 825 35 66
a 796 795 78 18
a 796 826 37 66
a 796 827 69 47
a 796 797 39 93
a 797 826 36 79
a 797 796 1 92
a 797 827 56 93
a 797 828 91 82
a 797 798 73 30
a 798 827 85 13
a 798 797 84 38
a 798 828 36 74
a 798 829 57 86
a 798 799 60 58
a 799 828 78 2
a 799 798 42 67
a 799 829 34 44
a 799 830 67 5
a 799 800 35 92
a 800 829 16 3
a 800 799 34 97
a 800 830 54 70
a 800 831 90 72
a 800 801 41 5
a 801 830 27 47
a 801 800 45 17
a 801 831 5 88
a 801 832 56 84
a 801 802 42 13
a 802 831 95 85
a 802 801 4 90
a 802 832 45 64
a 802 833 56 22
a 802 803 18 77
a 803 832 99 69
a 803 802 54 2
a 803 833 51 74
a 803 834 72 10
a 803 804 39 5
a 804 833 2 80
a 804 803 37 54
a 804 834 59 81
a 804 835 41 98
a 804 805 44 3
a 805 834 63 74
a 805 804 54 48
a 805 835 38 18
a 805 836 57 27
a 805 806 99 42
a 806 835 77 90
a 806 805 97 13
a 806 836 97 35
a 806 837 78 55
a 806 807 84 37
a 807 836 95 57
a 807 806 41 12
a 807 837 31 61
a 807 838 56 73
a 807 808 2 11
a 808 837 48 72
a 808 807 53 81
a 808 838 12 19
a 808 839 53 30
a 808 809 8 85
a 809 838 12 17
a 809 808 81 56
a 809 839 81 5
a 809 840 5 89
a 809 810 76 41
a 810 839 14 53
a 810 809 95 95
a 810 840 27 84
a 811 841 84 85
a 811 842 80 83
a 811 812 62 28
a 812 841 98 11
a 812 811 72 61
a 812 842 90 22
a 812 843 21 43
a 812 813 84 13
a 813 842 79 48
a 813 812 42 3
a 813 843 19 91
a 813 844 91 10
a 813 814 5 30
a 814 843 66 76
a 814 813 45 59
a 814 844 54 17
a 814 845 45 99
a 814 815 43 100
a 815 844 31 4
a 815 814 84 28
a 815 845 3 68
a 815 846 64 54
a 815 816 78 84
a 816 845 81 44
a 816 815 15 53
a 816 846 84 8
a 816 847 7 34
a 816 817 94 7
a 817 846 32 75
a 817 816 55 65
a 817 847 22 30
a 817 848 92 91
a 817 818 69 89
a 818 847 24 89
a 818 817 60 40
a 818 848 41 94
a 818 849 95 68
a 818 819 58 53
a 819 848 49 41
a 819 818 29 74
a 819 849 76 65
a 819 850 46 78
a 819 820 13 31
a 820 849 82 3
a 820 819 53 79
a 820 850 82 36
a 820 851 31 100
a 820 821 81 22
a 821 850 37 4
a 821 820 21 57
a 821 851 16 59
a 821 852 98 42
a 821 822 55 51
a 822 851 28 53
a 822 821 8 39
a 822 852 78 98
a 822 853 15 36
a 822 823 9 12
a 823 852 49 77
a 823 822 16 31
a 823 853 93 36
a 823 854 75 45
a 823 824 90 75
a 824 853 71 5
a 824 823 48 55
a 824 854 12 39
a 824 855 37 37
a 824 825 82 15
a 825 854 4 51
a 825 824 85 61
a 825 855 44 94
a 825 856 52 81
a 825 826 76 49
a 826 855 93 20
a 826 825 56 45
a 826 856 79 59
a 826 857 96 53
a 826 827 54 85
a 827 856 52 73
a 827 826 88 17
a 827 857 23 40
a 827 858 86 34
a 827 828 66 7
a 828 857 81 58
a 828 827 33 9
a 828 858 59 69
a 828 859 30 76
a 828 829 61 95
a 829 858 18 74
a 829 828 66 5
a 829 859 48 42
a 829 860 3 43
a 829 830 13 97
a 830 859 83 70
a 830 829 66 34
a 830 860 23 33
a 830 861 1 18
a 830 831 2 71
a 831 860 3 72
a 831 830 75 63
a 831 861 59 9
a 831 862 80 25
a 831 832 92 16
a 832 861 47 71
a 832 831 85 86
a 832 862 76 20
a 832 863 26 16
a 832 833 89 6
a 833 862 84 98
a 833 832 73 26
a 833 863 26 41
a 833 864 100 6
a 833 834 43 100
a 834 863 86 15
a 834 833 47 97
a 834 864 21 25
a 834 865 53 59
a 834 835 80 41
a 835 864 12 59
a 835 834 25 50
a 835 865 50 52
a 835 866 2 27
a 835 836 11 64
a 836 865 15 65
a 836 835 62 86
a 836 866 49 52
a 836 867 98 58
a 836 837 32 52
a 837 866 12 80
a 837 836 60 47
a 837 867 56 1
a 837 868 81 89
a 837 838 52 43
a 838 867 9 85
a 838 837 4 71
a 838 868 51 87
a 838 869 49 38
a 838 839 29 88
a 839 868 69 37
a 839 838 23 67
a 839 869 23 87
a 839 870 95 72
a 839 840 4 14
a 840 869 46 7
a 840 839 89 12
a 840 870 41 1
a 841 871 77 40
a 841 872 54 99
a 841 842 36 4
a 842 871 85 66
a 842 841 30 88
a 842 872 58 88
a 842 873 9 2
a 842 843 29 46
a 843 872 33 24
a 843 842 1 25
a 843 873 74 47
a 843 874 19 34
a 843 844 82 64
a 844 873 30 82
a 844 843 1 62
a 844 874 37 19
a 844 875 74 75
a 844 845 9 11
a 845 874 11 80
a 845 844 61 83
a 845 875 48 64
a 845 876 45 11
a 845 846 55 1
a 846 875 26 49
a 846 845 8 48
a 846 876 15 63
a 846 877 8 15
a 846 847 1 94
a 847 876 10 52
a 847 846 77 97
a 847 877 65 16
a 847 878 67 40
a 847 848 11 85
a 848 877 36 84
a 848 847 52 86
a 848 878 93 28
a 848 879 96 70
a 848 849 4 20
a 849 878 50 48
a 849 848 11 21
a 849 879 16 73
a 849 880 55 16
a 849 850 80 63
a 850 879 12 21
a 850 849 14 27
a 850 880 46 14
a 850 881 85 55
a 850 851 9 96
a 851 880 20 75
a 851 850 54 46
a 851 881 25 17
a 851 882 17 17
a 851 852 96 87
a 852 881 83 77
a 852 851 79 89
a 852 882 5 98
a 852 883 35 100
a 852 853 88 41
a 853 882 63 3
a 853 852 13 14
a 853 883 40 84
a 853 884 45 39
a 853 854 36 51
a 854 883 33 28
a 854 853 57 72
a 854 884 19 59
a 854 885 7 58
a 854 855 16 42
a 855 884 66 1
a 855 854 47 27
a 855 885 65 53
a 855 886 8 44
a 855 856 67 77
a 856 885 62 74
a 856 855 56 47
a 856 886 60 4
a 856 887 82 12
a 856 857 10 77
a 857 886 47 44
a 857 856 24 66
a 857 887 10 64
a 857 888 67 13
a 857 858 13 26
a 858 887 16 79
a 858 857 33 88
a 858 888 75 13
a 858 889 73 99
a 858 859 92 64
a 859 888 54 66
a 859 858 50 2
a 859 889 12 14
a 859 890 76 21
a 859 860 59 38
a 860 889 90 11
a 860 859 49 2
a 860 890 66 12
a 860 891 59 28
a 860 861 35 88
a 861 890 23 67
a 861 860 63 57
a 861 891 4 55
a 861 892 3 5
a 861 862 42 93
a 862 891 97 96
a 862 861 86 53
a 862 892 39 78
a 862 893 46 30
a 862 863 91 68
a 863 892 90 99
a 863 862 84 82
a 863 893 54 37
a 863 894 78 84
a 863 864 40 8
a 864 893 70 86
a 864 863 26 54
a 864 894 57 30
a 864 895 13 30
a 864 865 96 4
a 865 894 73 26
a 865 864 10 2
a 865 895 37 78
a 865 896 85 62
a 865 866 39 30
a 866 895 11 50
a 866 865 97 66
a 866 896 88 46
a 866 897 83 20
a 866 867 21 28
a 867 896 65 66
a 867 866 65 25
a 867 897 94 47
a 867 898 64 72
a 867 868 99 41
a 868 897 24 74
a 868 867 22 26
a 868 898 92 1
a 868 899 98 48
a 868 869 85 45
a 869 898 83 85
a 869 868 25 33
a 869 899 27 35
a 869 900 30 62
a 869 870 60 53
a 870 899 87 87
a 870 869 82 100
a 870 900 98 57
