p sp 402 1826
n 0 s
n 401 t
a 0 1 86 89
a 0 2 48 14
a 0 3 55 5
a 0 4 35 7
a 0 5 79 49
a 0 6 70 74
a 0 7 18 64
a 0 8 63 35
a 0 9 93 63
a 0 10 97 90
a 0 11 77 33
a 0 12 11 100
a 0 13 75 60
a 0 14 99 54
a 0 15 38 3
a 0 16 6 55
a 0 17 1 7
a 0 18 64 56
a 0 19 90 21
a 0 20 76 35
a 381 401 16 61
a 382 401 78 38
a 383 401 78 93
a 384 401 21 89
a 385 401 1 58
a 386 401 53 34
a 387 401 77 56
a 388 401 37 46
a 389 401 59 30
a 390 401 5 85
a 391 401 1 52
a 392 401 87 84
a 393 401 99 97
a 394 401 9 15
a 395 401 66 29
a 396 401 60 17
a 397 401 16 59
a 398 401 23 88
a 399 401 93 32
a 400 401 2 98
a 1 21 89 63
a 1 22 42 9
a 2 21 86 70
a 2 22 80 96
a 2 23 60 11
a 3 22 18 27
a 3 23 75 21
a 3 24 54 26
a 4 23 2 2
a 4 24 37 51
a 4 25 75 33
a 5 24 95 76
a 5 25 95 25
a 5 26 9 44
a 6 25 4 48
a 6 26 68 81
a 6 27 52 34
a 7 26 58 67
a 7 27 78 46
a 7 28 51 70
a 8 27 9 4
a 8 28 91 77
a 8 29 17 97
a 9 28 22 100
a 9 29 35 20
a 9 30 29 72
a 10 29 51 6
a 10 30 96 57
a 10 31 65 92
a 11 30 17 37
a 11 31 89 29
a 11 32 12 63
a 12 31 64 91
a 12 32 80 96
a 12 33 93 64
a 13 32 95 43
a 13 33 24 98
a 13 34 2 76
a 14 33 58 65
a 14 34 8 58
a 14 35 50 57
a 15 34 58 50
a 15 35 84 47
a 15 36 92 47
a 16 35 89 36
a 16 36 78 9
a 16 37 43 36
a 17 36 97 71
a 17 37 71 30
a 17 38 96 9
a 18 37 41 41
a 18 38 36 7
a 18 39 99 88
a 19 38 29 10
a 19 39 3 100
a 19 40 92 61
a 20 39 39 34
a 20 40 6 33
a 21 41 82 16
a 21 42 10 67
a 21 22 97 8
a 22 41 84 39
a 22 21 3 68
a 22 42 33 18
a 22 43 19 46
a 22 23 95 92
a 23 42 37 80
a 23 22 69 99
a 23 43 84 64
a 23 44 75 1
a 23 24 55 90
a 24 43 70 73
a 24 23 41 59
a 24 44 51 77
a 24 45 32 69
a 24 25 67 76
a 25 44 51 21
a 25 24 47 20
a 25 45 40 9
a 25 46 25 87
a 25 26 42 40
a 26 45 79 70
a 26 25 98 49
a 26 46 59 63
a 26 47 77 48
a 26 27 40 12
a 27 46 10 99
a 27 26 49 85
a 27 47 62 3
a 27 48 100 26
a 27 28 66 35
a 28 47 67 71
a 28 27 52 16
a 28 48 99 18
a 28 49 87 100
a 28 29 4 43
a 29 48 21 52
a 29 28 54 11
a 29 49 6 4
a 29 50 93 30
a 29 30 7 54
a 30 49 69 22
a 30 29 9 4
a 30 50 86 30
a 30 51 37 59
a 30 31 42 9
a 31 50 65 29
a 31 30 37 72
a 31 51 77 90
a 31 52 64 82
a 31 32 95 11
a 32 51 96 5
a 32 31 68 6
a 32 52 22 71
a 32 53 45 14
a 32 33 96 25
a 33 52 30 34
a 33 32 64 9
a 33 53 7 67
a 33 54 24 7
a 33 34 17 79
a 34 53 99 32
a 34 33 64 4
a 34 54 70 90
a 34 55 60 50
a 34 35 3 28
a 35 54 64 20
a 35 34 10 90
a 35 55 67 53
a 35 56 21 95
a 35 36 6 78
a 36 55 24 99
a 36 35 11 50
a 36 56 87 15
a 36 57 69 63
a 36 37 4 68
a 37 56 64 71
a 37 36 100 100
a 37 57 56 98
a 37 58 10 85
a 37 38 66 74
a 38 57 58 12
a 38 37 63 83
a 38 58 69 26
a 38 59 6 70
a 38 39 70 1
a 39 58 57 76
a 39 38 33 73
a 39 59 16 28
a 39 60 88 82
a 39 40 22 57
a 40 59 54 95
a 40 39 80 7
a 40 60 50 69
a 41 61 48 29
a 41 62 48 14
a 41 42 35 8
a 42 61 75 70
a 42 41 11 90
a 42 62 55 24
a 42 63 5 37
a 42 43 34 74
a 43 62 30 41
a 43 42 62 74
a 43 63 9 5
a 43 64 9 25
a 43 44 78 51
a 44 63 26 41
a 44 43 74 90
a 44 64 12 84
a 44 65 52 60
a 44 45 5 49
a 45 64 94 62
a 45 44 41 55
a 45 65 57 95
a 45 66 13 24
a 45 46 79 50
a 46 65 15 95
a 46 45 46 56
a 46 66 76 79
a 46 67 44 85
a 46 47 9 64
a 47 66 74 88
a 47 46 19 29
a 47 67 10 98
a 47 68 54 47
a 47 48 37 76
a 48 67 21 1
a 48 47 25 48
a 48 68 68 45
a 48 69 32 13
a 48 49 42 15
a 49 68 18 1
a 49 48 23 6
a 49 69 25 37
a 49 70 10 91
a 49 50 96 52
a 50 69 81 18
a 50 49 77 12
a 50 70 70 41
a 50 71 84 69
a 50 51 44 72
a 51 70 26 95
a 51 50 95 66
a 51 71 51 64
a 51 72 29 29
a 51 52 72 85
a 52 71 19 5
a 52 51 84 73
a 52 72 48 56
a 52 73 90 88
a 52 53 45 39
a 53 72 76 93
a 53 52 27 73
a 53 73 8 92
a 53 74 42 81
a 53 54 88 19
a 54 73 66 25
a 54 53 35 7
a 54 74 68 17
a 54 75 31 60
a 54 55 10 39
a 55 74 78 82
a 55 54 60 21
a 55 75 27 91
a 55 76 20 50
a 55 56 85 94
a 56 75 77 90
a 56 55 10 66
a 56 76 40 84
a 56 77 26 51
a 56 57 64 34
a 57 76 46 10
a 57 56 33 84
a 57 77 17 32
a 57 78 60 70
a 57 58 31 22
a 58 77 29 100
a 58 57 57 4
a 58 78 28 76
a 58 79 29 63
a 58 59 38 70
a 59 78 67 78
a 59 58 10 53
a 59 79 96 45
a 59 80 77 47
a 59 60 91 9
a 60 79 52 19
a 60 59 54 88
a 60 80 19 47
a 61 81 96 84
a 61 82 10 52
a 61 62 85 75
a 62 81 68 50
a 62 61 42 31
a 62 82 37 49
a 62 83 51 17
a 62 63 58 34
a 63 82 31 44
a 63 62 7 44
a 63 83 92 42
a 63 84 89 58
a 63 64 76 86
a 64 83 85 25
a 64 63 72 26
a 64 84 38 64
a 64 85 55 61
a 64 65 3 92
a 65 84 94 46
a 65 64 25 79
a 65 85 24 27
a 65 86 56 81
a 65 66 73 5
a 66 85 77 53
a 66 65 17 9
a 66 86 48 26
a 66 87 72 71
a 66 67 60 89
a 67 86 20 59
a 67 66 64 68
a 67 87 23 40
a 67 88 49 13
a 67 68 74 90
a 68 87 10 53
a 68 67 82 66
a 68 88 71 61
a 68 89 95 69
a 68 69 68 51
a 69 88 27 94
a 69 68 49 18
a 69 89 82 87
a 69 90 15 75
a 69 70 77 34
a 70 89 90 88
a 70 69 16 31
a 70 90 21 27
a 70 91 65 2
a 70 71 48 40
a 71 90 9 4
a 71 70 25 48
a 71 91 46 58
a 71 92 39 26
a 71 72 40 44
a 72 91 47 48
a 72 71 77 61
a 72 92 24 71
a 72 93 54 80
a 72 73 14 72
a 73 92 7 40
a 73 72 39 27
a 73 93 47 66
a 73 94 15 78
a 73 74 96 39
a 74 93 87 47
a 74 73 25 10
a 74 94 81 100
a 74 95 48 39
a 74 75 51 24
a 75 94 74 41
a 75 74 77 31
a 75 95 95 86
a 75 96 57 66
a 75 76 71 76
a 76 95 86 13
a 76 75 30 61
a 76 96 12 94
a 76 97 69 21
a 76 77 79 30
a 77 96 85 69
a 77 76 51 12
a 77 97 14 100
a 77 98 13 26
a 77 78 4 93
a 78 97 97 77
a 78 77 54 78
a 78 98 36 93
a 78 99 77 56
a 78 79 28 33
a 79 98 31 85
a 79 78 14 45
a 79 99 30 13
a 79 100 55 93
a 79 80 67 50
a 80 99 9 71
a 80 79 100 74
a 80 100 70 94
a 81 101 35 62
a 81 102 7 17
a 81 82 92 51
a 82 101 39 19
a 82 81 27 89
a 82 102 74 1
a 82 103 6 93
a 82 83 5 39
a 83 102 34 9
a 83 82 39 28
a 83 103 62 20
a 83 104 6 100
a 83 84 20 64
a 84 103 32 60
a 84 83 53 58
a 84 104 30 45
a 84 105 24 8
a 84 85 4 50
a 85 104 15 71
a 85 84 15 20
a 85 105 85 50
a 85 106 19 96
a 85 86 60 71
a 86 105 48 84
a 86 85 51 71
a 86 106 5 20
a 86 107 60 65
a 86 87 92 59
a 87 106 57 40
a 87 86 93 34
a 87 107 32 3
a 87 108 50 52
a 87 88 30 23
a 88 107 72 33
a 88 87 40 83
a 88 108 32 62
a 88 109 81 51
a 88 89 53 65
a 89 108 17 91
a 89 88 21 3
a 89 109 42 96
a 89 110 47 74
a 89 90 83 13
a 90 109 73 86
a 90 89 37 4
a 90 110 56 68
a 90 111 77 47
a 90 91 6 73
a 91 110 64 22
a 91 90 86 97
a 91 111 97 76
a 91 112 38 47
a 91 92 99 82
a 92 111 38 33
a 92 91 55 49
a 92 112 41 62
a 92 113 100 99
a 92 93 50 84
a 93 112 82 24
a 93 92 13 78
a 93 113 92 19
a 93 114 24 83
a 93 94 64 64
a 94 113 30 67
a 94 93 90 30
a 94 114 63 54
a 94 115 28 73
a 94 95 14 38
a 95 114 17 82
a 95 94 54 60
a 95 115 32 60
a 95 116 23 92
a 95 96 80 72
a 96 115 78 34
a 96 95 98 89
a 96 116 17 73
a 96 117 7 33
a 96 97 86 62
a 97 116 97 27
a 97 96 50 66
a 97 117 69 29
a 97 118 34 73
a 97 98 23 4
a 98 117 2 3
a 98 97 85 27
a 98 118 30 73
a 98 119 89 70
a 98 99 23 25
a 99 118 71 75
a 99 98 38 16
a 99 119 84 62
a 99 120 59 52
a 99 100 74 26
a 100 119 10 34
a 100 99 64 99
a 100 120 55 18
a 101 121 88 13
a 101 122 76 54
a 101 102 48 23
a 102 121 96 85
a 102 101 55 82
a 102 122 98 100
a 102 123 70 97
a 102 103 85 81
a 103 122 96 85
a 103 102 91 96
a 103 123 42 49
a 103 124 29 59
a 103 104 7 87
a 104 123 87 30
a 104 103 80 83
a 104 124 55 71
a 104 125 56 14
a 104 105 93 72
a 105 124 48 11
a 105 104 46 70
a 105 125 10 62
a 105 126 38 31
a 105 106 55 26
a 106 125 73 32
a 106 105 43 37
a 106 126 5 85
a 106 127 9 59
a 106 107 10 3
a 107 126 48 31
a 107 106 10 91
a 107 127 26 86
a 107 128 64 37
a 107 108 76 94
a 108 127 88 27
a 108 107 15 100
a 108 128 70 93
a 108 129 6 47
a 108 109 33 47
a 109 128 28 12
a 109 108 99 86
a 109 129 57 35
a 109 130 7 81
a 109 110 93 56
a 110 129 82 38
a 110 109 1 39
a 110 130 94 84
a 110 131 91 89
a 110 111 25 88
a 111 130 88 47
a 111 110 95 17
a 111 131 9 94
a 111 132 51 30
a 111 112 12 30
a 112 131 84 50
a 112 111 93 25
a 112 132 16 91
a 112 133 17 55
a 112 113 38 100
a 113 132 62 19
a 113 112 53 9
a 113 133 69 97
a 113 134 1 2
a 113 114 25 92
a 114 133 62 36
a 114 113 89 84
a 114 134 43 99
a 114 135 54 28
a 114 115 18 81
a 115 134 43 70
a 115 114 75 88
a 115 135 86 35
a 115 136 74 59
a 115 116 68 94
a 116 135 69 75
a 116 115 80 13
a 116 136 76 45
a 116 137 80 55
a 116 117 93 65
a 117 136 61 6
a 117 116 23 49
a 117 137 71 1
a 117 138 3 91
a 117 118 86 51
a 118 137 77 38
a 118 117 31 3
a 118 138 1 72
a 118 139 26 35
a 118 119 11 14
a 119 138 13 47
a 119 118 78 9
a 119 139 90 58
a 119 140 21 4
a 119 120 51 40
a 120 139 46 11
a 120 119 15 29
a 120 140 49 95
a 121 141 72 7
a 121 142 41 5
a 121 122 76 55
a 122 141 30 57
a 122 121 9 65
a 122 142 87 27
a 122 143 75 17
a 122 123 6 8
a 123 142 12 62
a 123 122 91 43
a 123 143 74 62
a 123 144 58 64
a 123 124 49 73
a 124 143 89 63
a 124 123 83 7
a 124 144 82 66
a 124 145 34 21
a 124 125 58 64
a 125 144 66 48
a 125 124 23 46
a 125 145 33 13
a 125 146 32 96
a 125 126 71 24
a 126 145 51 1
a 126 125 98 64
a 126 146 32 1
a 126 147 19 53
a 126 127 34 35
a 127 146 43 13
a 127 126 46 35
a 127 147 1 33
a 127 148 8 54
a 127 128 45 27
a 128 147 53 73
a 128 127 98 22
a 128 148 54 17
a 128 149 77 93
a 128 129 49 32
a 129 148 24 10
a 129 128 15 73
a 129 149 90 16
a 129 150 50 46
a 129 130 28 78
a 130 149 100 39
a 130 129 88 36
a 130 150 73 100
a 130 151 9 47
a 130 131 78 31
a 131 150 72 14
a 131 130 7 40
a 131 151 38 60
a 131 152 50 6
a 131 132 64 92
a 132 151 50 30
a 132 131 100 73
a 132 152 32 8
a 132 153 97 62
a 132 133 17 83
a 133 152 98 43
a 133 132 63 38
a 133 153 16 94
a 133 154 29 57
a 133 134 75 44
a 134 153 16 37
a 134 133 63 44
a 134 154 44 79
a 134 155 88 55
a 134 135 44 97
a 135 154 79 11
a 135 134 59 3
a 135 155 48 14
a 135 156 36 23
a 135 136 34 38
a 136 155 53 11
a 136 135 34 82
a 136 156 48 10
a 136 157 56 80
a 136 137 99 14
a 137 156 18 10
a 137 136 14 85
a 137 157 35 91
a 137 158 63 9
a 137 138 29 43
a 138 157 2 26
a 138 137 92 60
a 138 158 63 59
a 138 159 24 80
a 138 139 73 8
a 139 158 1 21
a 139 138 89 66
a 139 159 70 3
a 139 160 56 30
a 139 140 3 92
a 140 159 62 17
a 140 139 56 7
a 140 160 56 65
a 141 161 59 91
a 141 162 1 64
a 141 142 13 11
a 142 161 17 33
a 142 141 86 26
a 142 162 27 1
a 142 163 64 17
a 142 143 33 48
a 143 162 23 42
a 143 142 10 78
a 143 163 87 28
a 143 164 56 49
a 143 144 77 13
a 144 163 39 75
a 144 143 87 67
a 144 164 75 58
a 144 165 92 42
a 144 145 14 72
a 145 164 76 69
a 145 144 62 42
a 145 165 42 53
a 145 166 62 37
a 145 146 88 67
a 146 165 11 43
a 146 145 51 49
a 146 166 55 60
a 146 167 89 39
a 146 147 67 41
a 147 166 19 8
a 147 146 94 74
a 147 167 52 28
a 147 168 2 4
a 147 148 17 10
a 148 167 85 98
a 148 147 66 47
a 148 168 28 41
a 148 169 75 66
a 148 149 1 80
a 149 168 16 19
a 149 148 16 82
a 149 169 70 31
a 149 170 70 55
a 149 150 76 89
a 150 169 69 73
a 150 149 37 15
a 150 170 31 98
a 150 171 36 37
a 150 151 84 100
a 151 170 14 47
a 151 150 55 26
a 151 171 31 10
a 151 172 51 95
a 151 152 66 88
a 152 171 72 30
a 152 151 67 53
a 152 172 98 47
a 152 173 67 70
a 152 153 40 36
a 153 172 15 18
a 153 152 50 48
a 153 173 78 17
a 153 174 25 43
a 153 154 33 57
a 154 173 7 12
a 154 153 100 79
a 154 174 84 31
a 154 175 75 82
a 154 155 19 50
a 155 174 70 59
a 155 154 91 6
a 155 175 55 49
a 155 176 75 79
a 155 156 66 37
a 156 175 20 86
a 156 155 64 10
a 156 176 98 100
a 156 177 22 94
a 156 157 52 19
a 157 176 72 65
a 157 156 78 50
a 157 177 42 16
a 157 178 23 45
a 157 158 61 54
a 158 177 44 79
a 158 157 99 3
a 158 178 49 20
a 158 179 86 78
a 158 159 69 31
a 159 178 64 45
a 159 158 24 98
a 159 179 6 36
a 159 180 73 76
a 159 160 25 15
a 160 179 18 13
a 160 159 1 65
a 160 180 14 96
a 161 181 96 57
a 161 182 37 37
a 161 162 63 52
a 162 181 51 63
a 162 161 90 81
a 162 182 58 49
a 162 183 42 57
a 162 163 22 61
a 163 182 41 60
a 163 162 45 19
a 163 183 12 69
a 163 184 4 40
a 163 164 100 67
a 164 183 5 99
a 164 163 12 68
a 164 184 93 43
a 164 185 11 90
a 164 165 10 3
a 165 184 35 70
a 165 164 14 8
a 165 185 50 12
a 165 186 60 33
a 165 166 57 2
a 166 185 21 83
a 166 165 3 45
a 166 186 22 23
a 166 187 83 41
a 166 167 49 52
a 167 186 43 58
a 167 166 6 9
a 167 187 100 39
a 167 188 13 44
a 167 168 71 32
a 168 187 21 78
a 168 167 87 37
a 168 188 87 63
a 168 189 68 60
a 168 169 77 31
a 169 188 56 21
a 169 168 6 7
a 169 189 28 36
a 169 190 64 62
a 169 170 72 64
a 170 189 58 80
a 170 169 93 24
a 170 190 4 16
a 170 191 51 43
a 170 171 60 54
a 171 190 87 54
a 171 170 11 35
a 171 191 89 32
a 171 192 65 69
a 171 172 39 10
a 172 191 78 68
a 172 171 11 69
a 172 192 46 71
a 172 193 32 1
a 172 173 55 97
a 173 192 13 62
a 173 172 50 88
a 173 193 50 94
a 173 194 28 3
a 173 174 67 9
a 174 193 32 8
a 174 173 35 48
a 174 194 43 29
a 174 195 18 97
a 174 175 100 96
a 175 194 71 97
a 175 174 46 7
a 175 195 18 52
a 175 196 79 30
a 175 176 62 53
a 176 195 50 80
a 176 175 51 94
a 176 196 57 40
a 176 197 14 11
a 176 177 38 99
a 177 196 10 20
a 177 176 24 76
a 177 197 59 2
a 177 198 71 69
a 177 178 42 78
a 178 197 40 70
a 178 177 13 61
a 178 198 58 45
a 178 199 5 68
a 178 179 83 71
a 179 198 6 35
a 179 178 55 90
a 179 199 30 5
a 179 200 72 52
a 179 180 86 79
a 180 199 57 28
a 180 179 98 51
a 180 200 73 8
a 181 201 80 81
a 181 202 53 74
a 181 182 45 28
a 182 201 22 1
a 182 181 36 90
a 182 202 14 65
a 182 203 32 73
a 182 183 25 48
a 183 202 5 80
a 183 182 91 59
a 183 203 70 67
a 183 204 49 96
a 183 184 34 99
a 184 203 42 93
a 184 183 73 13
a 184 204 9 46
a 184 205 62 84
a 184 185 61 25
a 185 204 35 47
a 185 184 44 79
a 185 205 57 69
a 185 206 69 12
a 185 186 95 69
a 186 205 93 96
a 186 185 70 2
a 186 206 53 12
a 186 207 3 24
a 186 187 90 96
a 187 206 85 25
a 187 186 5 83
a 187 207 93 35
a 187 208 18 93
a 187 188 12 75
a 188 207 56 93
a 188 187 96 15
a 188 208 36 74
a 188 209 79 97
a 188 189 32 41
a 189 208 21 10
a 189 188 15 86
a 189 209 74 19
a 189 210 99 89
a 189 190 5 63
a 190 209 69 48
a 190 189 79 88
a 190 210 73 13
a 190 211 19 85
a 190 191 10 92
a 191 210 90 51
a 191 190 38 15
a 191 211 76 63
a 191 212 21 28
a 191 192 31 42
a 192 211 7 21
a 192 191 8 66
a 192 212 23 96
a 192 213 87 42
a 192 193 73 69
a 193 212 83 22
a 193 192 72 72
a 193 213 33 5
a 193 214 39 59
a 193 194 35 70
a 194 213 99 61
a 194 193 13 10
a 194 214 63 39
a 194 215 62 8
a 194 195 99 24
a 195 214 4 17
a 195 194 49 60
a 195 215 2 47
a 195 216 9 13
a 195 196 44 12
a 196 215 81 53
a 196 195 67 67
a 196 216 10 76
a 196 217 78 74
a 196 197 63 43
a 197 216 33 80
a 197 196 92 35
a 197 217 96 11
a 197 218 54 72
a 197 198 100 6
a 198 217 2 45
a 198 197 58 4
a 198 218 27 53
a 198 219 37 37
a 198 199 98 73
a 199 218 47 91
a 199 198 33 88
a 199 219 87 55
a 199 220 28 56
a 199 200 66 10
a 200 219 4 74
a 200 199 9 65
a 200 220 25 58
a 201 221 59 11
a 201 222 16 2
a 201 202 88 69
a 202 221 58 97
a 202 201 21 82
a 202 222 81 52
a 202 223 99 74
a 202 203 29 19
a 203 222 48 58
a 203 202 85 87
a 203 223 21 45
a 203 224 20 32
a 203 204 90 5
a 204 223 15 7
a 204 203 6 66
a 204 224 91 14
a 204 225 23 64
a 204 205 40 22
a 205 224 35 12
a 205 204 12 27
a 205 225 95 8
a 205 226 46 26
a 205 206 49 16
a 206 225 30 37
a 206 205 31 6
a 206 226 67 97
a 206 227 31 15
a 206 207 92 41
a 207 226 9 87
a 207 206 12 31
a 207 227 22 2
a 207 228 28 67
a 207 208 99 81
a 208 227 63 12
a 208 207 78 9
a 208 228 86 75
a 208 229 5 76
a 208 209 87 75
a 209 228 35 84
a 209 208 89 94
a 209 229 13 48
a 209 230 89 83
a 209 210 2 71
a 210 229 86 69
a 210 209 16 85
a 210 230 90 49
a 210 231 27 31
a 210 211 6 9
a 211 230 32 74
a 211 210 89 39
a 211 231 51 74
a 211 232 30 32
a 211 212 81 93
a 212 231 7 38
a 212 211 97 22
a 212 232 74 10
a 212 233 90 65
a 212 213 51 84
a 213 232 86 46
a 213 212 44 13
a 213 233 46 26
a 213 234 42 15
a 213 214 79 19
a 214 233 7 23
a 214 213 45 91
a 214 234 30 71
a 214 235 3 55
a 214 215 99 16
a 215 234 18 83
a 215 214 68 23
a 215 235 75 94
a 215 236 93 57
a 215 216 68 68
a 216 235 19 85
a 216 215 91 67
a 216 236 85 10
a 216 237 16 7
a 216 217 15 77
a 217 236 56 67
a 217 216 65 95
a 217 237 18 33
a 217 238 21 94
a 217 218 38 62
a 218 237 85 2
a 218 217 93 62
a 218 238 95 56
a 218 239 49 99
a 218 219 11 59
a 219 238 82 58
a 219 218 54 90
a 219 239 29 64
a 219 240 73 98
a 219 220 25 62
a 220 239 59 80
a 220 219 35 11
a 220 240 63 44
a 221 241 32 87
a 221 242 34 85
a 221 222 44 81
a 222 241 44 30
a 222 221 97 39
a 222 242 15 50
a 222 243 91 11
a 222 223 46 28
a 223 242 25 94
a 223 222 71 69
a 223 243 60 99
a 223 244 69 98
a 223 224 25 65
a 224 243 55 63
a 224 223 93 75
a 224 244 94 91
a 224 245 47 14
a 224 225 31 23
a 225 244 28 6
a 225 224 89 20
a 225 245 67 21
a 225 246 74 36
a 225 226 36 88
a 226 245 32 60
a 226 225 19 8
a 226 246 36 49
a 226 247 32 37
a 226 227 23 43
a 227 246 13 99
a 227 226 78 75
a 227 247 48 42
a 227 248 68 14
a 227 228 85 60
a 228 247 10 25
a 228 227 16 87
a 228 248 94 48
a 228 249 66 64
a 228 229 29 63
a 229 248 82 78
a 229 228 64 71
a 229 249 100 24
a 229 250 2 100
a 229 230 32 2
a 230 249 97 47
a 230 229 16 85
a 230 250 50 24
a 230 251 21 33
a 230 231 7 82
a 231 250 8 91
a 231 230 28 22
a 231 251 63 88
a 231 252 41 46
a 231 232 74 81
a 232 251 36 22
a 232 231 99 79
a 232 252 94 21
a 232 253 94 43
a 232 233 73 10
a 233 252 86 42
a 233 232 22 92
a 233 253 26 26
a 233 254 72 9
a 233 234 48 12
a 234 253 5 27
a 234 233 96 22
a 234 254 92 75
a 234 255 32 95
a 234 235 81 58
a 235 254 80 79
a 235 234 46 74
a 235 255 16 73
a 235 256 71 91
a 235 236 60 55
a 236 255 24 45
a 236 235 48 100
a 236 256 6 8
a 236 257 80 50
a 236 237 40 34
a 237 256 4 79
a 237 236 44 41
a 237 257 72 86
a 237 258 75 75
a 237 238 28 46
a 238 257 62 16
a 238 237 27 10
a 238 258 12 10
a 238 259 66 57
a 238 239 81 63
a 239 258 3 39
a 239 238 80 50
a 239 259 11 57
a 239 260 9 5
a 239 240 10 69
a 240 259 1 41
a 240 239 79 53
a 240 260 31 64
a 241 261 20 50
a 241 262 57 27
a 241 242 12 26
a 242 261 88 68
a 242 241 19 55
a 242 262 85 16
a 242 263 19 27
a 242 243 34 66
a 243 262 97 32
a 243 242 16 11
a 243 263 48 57
a 243 264 3 6
a 243 244 10 100
a 244 263 52 35
a 244 243 60 44
a 244 264 10 96
a 244 265 13 10
a 244 245 37 22
a 245 264 50 47
a 245 244 60 46
a 245 265 69 24
a 245 266 94 64
a 245 246 20 47
a 246 265 36 20
a 246 245 78 24
a 246 266 10 60
a 246 267 65 52
a 246 247 49 38
a 247 266 83 38
a 247 246 40 78
a 247 267 82 14
a 247 268 38 6
a 247 248 78 42
a 248 267 88 50
a 248 247 63 13
a 248 268 72 10
a 248 269 61 75
a 248 249 95 19
a 249 268 45 88
a 249 248 25 53
a 249 269 29 2
a 249 270 55 28
a 249 250 7 10
a 250 269 17 23
a 250 249 74 43
a 250 270 42 30
a 250 271 22 64
a 250 251 57 56
a 251 270 8 75
a 251 250 50 79
a 251 271 55 59
a 251 272 82 4
a 251 252 65 12
a 252 271 20 52
a 252 251 46 8
a 252 272 92 50
a 252 273 46 38
a 252 253 6 48
a 253 272 62 10
a 253 252 69 4
a 253 273 5 43
a 253 274 54 90
a 253 254 61 29
a 254 273 37 75
a 254 253 30 84
a 254 274 38 58
a 254 275 26 90
a 254 255 33 73
a 255 274 52 97
a 255 254 28 48
a 255 275 90 29
a 255 276 94 53
a 255 256 41 40
a 256 275 49 55
a 256 255 6 13
a 256 276 72 56
a 256 277 52 31
a 256 257 51 7
a 257 276 93 95
a 257 256 13 56
a 257 277 64 25
a 257 278 93 63
a 257 258 92 6
a 258 277 65 43
a 258 257 11 48
a 258 278 71 43
a 258 279 91 16
a 258 259 81 100
a 259 278 92 9
a 259 258 77 94
a 259 279 70 27
a 259 280 50 17
a 259 260 97 34
a 260 279 26 80
a 260 259 99 96
a 260 280 49 37
a 261 281 95 78
a 261 282 27 9
a 261 262 68 91
a 262 281 6 31
a 262 261 88 40
a 262 282 63 12
a 262 283 40 72
a 262 263 47 33
a 263 282 44 32
a 263 262 85 52
a 263 283 40 84
a 263 284 99 38
a 263 264 46 88
a 264 283 27 70
a 264 263 83 37
a 264 284 93 68
a 264 285 54 12
a 264 265 83 36
a 265 284 64 17
a 265 264 16 45
a 265 285 51 42
a 265 286 90 60
a 265 266 72 95
a 266 285 94 49
a 266 265 39 50
a 266 286 67 74
a 266 287 11 19
a 266 267 43 31
a 267 286 19 74
a 267 266 26 21
a 267 287 45 50
a 267 288 57 59
a 267 268 53 94
a 268 287 22 94
a 268 267 3 19
a 268 288 7 66
a 268 289 30 21
a 268 269 1 22
a 269 288 53 35
a 269 268 92 77
a 269 289 56 13
a 269 290 40 95
a 269 270 50 69
a 270 289 99 16
a 270 269 43 59
a 270 290 54 23
a 270 291 37 86
a 270 271 94 63
a 271 290 21 100
a 271 270 32 76
a 271 291 80 42
a 271 292 28 32
a 271 272 60 25
a 272 291 35 54
a 272 271 13 5
a 272 292 64 51
a 272 293 84 3
a 272 273 7 48
a 273 292 59 2
a 273 272 42 68
a 273 293 79 55
a 273 294 51 7
a 273 274 3 67
a 274 293 34 89
a 274 273 54 59
a 274 294 64 56
a 274 295 20 10
a 274 275 2 57
a 275 294 6 22
a 275 274 17 69
a 275 295 85 28
a 275 296 54 85
a 275 276 98 40
a 276 295 10 89
a 276 275 72 78
a 276 296 79 85
a 276 297 45 74
a 276 277 47 95
a 277 296 98 31
a 277 276 87 99
a 277 297 75 82
a 277 298 47 82
a 277 278 60 95
a 278 297 41 31
a 278 277 34 28
a 278 298 91 99
a 278 299 81 6
a 278 279 99 41
a 279 298 50 10
a 279 278 66 5
a 279 299 82 61
a 279 300 60 22
a 279 280 84 61
a 280 299 28 15
a 280 279 44 75
a 280 300 4 43
a 281 301 72 89
a 281 302 17 21
a 281 282 26 32
a 282 301 21 23
a 282 281 40 100
a 282 302 80 71
a 282 303 57 17
a 282 283 37 37
a 283 302 65 43
a 283 282 46 48
a 283 303 37 22
a 283 304 73 59
a 283 284 61 15
a 284 303 67 80
a 284 283 7 70
a 284 304 85 64
a 284 305 41 88
a 284 285 25 6
a 285 304 55 31
a 285 284 78 62
a 285 305 11 49
a 285 306 41 14
a 285 286 93 26
a 286 305 82 12
a 286 285 55 82
a 286 306 75 23
a 286 307 17 14
a 286 287 88 60
a 287 306 18 44
a 287 286 79 34
a 287 307 77 30
a 287 308 54 53
a 287 288 92 64
a 288 307 76 28
a 288 287 91 22
a 288 308 8 10
a 288 309 87 28
a 288 289 78 15
a 289 308 89 97
a 289 288 13 21
a 289 309 26 23
a 289 310 49 30
a 289 290 90 5
a 290 309 22 73
a 290 289 7 53
a 290 310 29 48
a 290 311 48 97
a 290 291 56 72
a 291 310 18 92
a 291 290 81 60
a 291 311 86 61
a 291 312 40 81
a 291 292 20 39
a 292 311 2 47
a 292 291 85 94
a 292 312 94 98
a 292 313 81 47
a 292 293 51 44
a 293 312 80 7
a 293 292 92 54
a 293 313 71 21
a 293 314 33 38
a 293 294 25 44
a 294 313 29 76
a 294 293 57 16
a 294 314 41 34
a 294 315 72 58
a 294 295 17 90
a 295 314 91 24
a 295 294 62 30
a 295 315 100 40
a 295 316 61 78
a 295 296 29 1
a 296 315 38 58
a 296 295 27 11
a 296 316 69 71
a 296 317 74 100
a 296 297 94 14
a 297 316 12 87
a 297 296 23 96
a 297 317 56 41
a 297 318 56 64
a 297 298 88 71
a 298 317 59 40
a 298 297 32 59
a 298 318 74 79
a 298 319 88 32
a 298 299 82 68
a 299 318 72 97
a 299 298 42 7
a 299 319 18 43
a 299 320 97 69
a 299 300 96 18
a 300 319 93 49
a 300 299 29 93
a 300 320 49 30
a 301 321 72 42
a 301 322 50 21
a 301 302 36 30
a 302 321 70 69
a 302 301 94 78
a 302 322 1 58
a 302 323 19 38
a 302 303 33 50
a 303 322 29 7
a 303 302 70 59
a 303 323 35 9
a 303 324 100 94
a 303 304 11 8
a 304 323 58 53
a 304 303 28 96
a 304 324 3 41
a 304 325 88 35
a 304 305 82 67
a 305 324 74 56
a 305 304 18 52
a 305 325 37 35
a 305 326 96 64
a 305 306 27 66
a 306 325 7 91
a 306 305 37 4
a 306 326 35 44
a 306 327 92 61
a 306 307 10 3
a 307 326 60 1
a 307 306 100 42
a 307 327 5 66
a 307 328 41 69
a 307 308 12 68
a 308 327 21 86
a 308 307 4 28
a 308 328 87 76
a 308 329 6 5
a 308 309 47 52
a 309 328 14 16
a 309 308 23 47
a 309 329 11 71
a 309 330 29 27
a 309 310 43 9
a 310 329 71 88
a 310 309 61 49
a 310 330 12 23
a 310 331 96 44
a 310 311 67 42
a 311 330 85 34
a 311 310 54 23
a 311 331 48 49
a 311 332 85 79
a 311 312 68 92
a 312 331 77 24
a 312 311 61 43
a 312 332 84 54
a 312 333 4 49
a 312 313 23 47
a 313 332 62 91
a 313 312 28 1
a 313 333 69 36
a 313 334 37 73
a 313 314 100 97
a 314 333 82 96
a 314 313 70 80
a 314 334 14 66
a 314 335 51 38
a 314 315 25 96
a 315 334 55 33
a 315 314 11 73
a 315 335 12 64
a 315 336 89 28
a 315 316 43 44
a 316 335 74 29
a 316 315 2 57
a 316 336 84 23
a 316 337 17 55
a 316 317 61 36
a 317 336 91 27
a 317 316 76 62
a 317 337 64 54
a 317 338 81 2
a 317 318 93 92
a 318 337 54 79
a 318 317 8 39
a 318 338 21 61
a 318 339 67 19
a 318 319 63 97
a 319 338 8 2
a 319 318 38 32
a 319 339 83 53
a 319 340 42 84
a 319 320 56 45
a 320 339 66 10
a 320 319 99 48
a 320 340 3 58
a 321 341 30 61
a 321 342 59 92
a 321 322 18 11
a 322 341 24 19
a 322 321 27 98
a 322 342 62 4
a 322 343 66 24
a 322 323 67 89
a 323 342 88 2
a 323 322 54 94
a 323 343 53 55
a 323 344 72 61
a 323 324 86 99
a 324 343 4 6
a 324 323 82 21
a 324 344 50 27
a 324 345 60 67
a 324 325 27 31
a 325 344 22 98
a 325 324 55 6
a 325 345 74 63
a 325 346 35 73
a 325 326 13 94
a 326 345 38 60
a 326 325 78 41
a 326 346 87 31
a 326 347 72 33
a 326 327 58 31
a 327 346 76 3
a 327 326 96 90
a 327 347 94 6
a 327 348 61 93
a 327 328 91 55
a 328 347 74 55
a 328 327 5 31
a 328 348 23 11
a 328 349 83 97
a 328 329 75 77
a 329 348 51 90
a 329 328 66 18
a 329 349 63 93
a 329 350 29 92
a 329 330 32 85
a 330 349 14 68
a 330 329 74 71
a 330 350 34 2
a 330 351 100 27
a 330 331 32 36
a 331 350 71 58
a 331 330 35 22
a 331 351 35 36
a 331 352 65 86
a 331 332 18 100
a 332 351 32 91
a 332 331 90 84
a 332 352 45 91
a 332 353 82 48
a 332 333 67 89
a 333 352 37 68
a 333 332 86 70
a 333 353 66 6
a 333 354 66 71
a 333 334 12 95
a 334 353 8 49
a 334 333 70 82
a 334 354 27 81
a 334 355 88 58
a 334 335 35 31
a 335 354 38 8
a 335 334 55 20
a 335 355 1 72
a 335 356 90 55
a 335 336 31 22
a 336 355 10 53
a 336 335 70 2
a 336 356 84 99
a 336 357 67 93
a 336 337 91 73
a 337 356 30 47
a 337 336 87 26
a 337 357 95 45
a 337 358 46 47
a 337 338 83 17
a 338 357 51 2
a 338 337 75 10
a 338 358 7 71
a 338 359 35 78
a 338 339 17 26
a 339 358 3 53
a 339 338 77 68
a 339 359 97 95
a 339 360 82 5
a 339 340 18 95
a 340 359 74 19
a 340 339 26 99
a 340 360 91 44
a 341 361 39 14
a 341 362 87 69
a 341 342 46 20
a 342 361 80 27
a 342 341 46 80
a 342 362 54 1
a 342 363 77 69
a 342 343 75 32
a 343 362 53 23
a 343 342 2 71
a 343 363 64 30
a 343 364 99 78
a 343 344 97 52
a 344 363 82 69
a 344 343 64 55
a 344 364 87 11
a 344 365 100 26
a 344 345 47 42
a 345 364 67 5
a 345 344 2 34
a 345 365 90 57
a 345 366 73 61
a 345 346 36 70
a 346 365 94 9
a 346 345 62 7
a 346 366 99 78
a 346 367 53 100
a 346 347 11 76
a 347 366 63 4
a 347 346 33 32
a 347 367 87 94
a 347 368 63 71
a 347 348 21 71
a 348 367 98 44
a 348 347 7 34
a 348 368 93 91
a 348 369 96 14
a 348 349 24 96
a 349 368 38 65
a 349 348 80 1
a 349 369 77 58
a 349 370 28 88
a 349 350 2 93
a 350 369 42 73
a 350 349 45 4
a 350 370 16 88
a 350 371 13 46
a 350 351 35 12
a 351 370 99 24
a 351 350 23 59
a 351 371 71 84
a 351 372 53 70
a 351 352 95 21
a 352 371 62 13
a 352 351 60 18
a 352 372 99 1
a 352 373 98 50
a 352 353 46 5
a 353 372 40 1
a 353 352 21 51
a 353 373 70 11
a 353 374 82 48
a 353 354 77 5
a 354 373 83 35
a 354 353 85 73
a 354 374 7 8
a 354 375 41 74
a 354 355 31 11
a 355 374 35 77
a 355 354 15 17
a 355 375 26 76
a 355 376 53 43
a 355 356 30 77
a 356 375 41 39
a 356 355 67 72
a 356 376 30 41
a 356 377 83 25
a 356 357 97 85
a 357 376 86 84
a 357 356 24 34
a 357 377 80 39
a 357 378 14 82
a 357 358 78 42
a 358 377 78 23
a 358 357 1 2
a 358 378 69 72
a 358 379 56 88
a 358 359 25 84
a 359 378 40 63
a 359 358 61 15
a 359 379 99 25
a 359 380 71 22
a 359 360 59 50
a 360 379 66 2
a 360 359 1 54
a 360 380 64 78
a 361 381 79 17
a 361 382 71 90
a 361 362 38 62
a 362 381 97 12
a 362 361 88 73
a 362 382 46 57
a 362 383 61 10
a 362 363 92 37
a 363 382 89 42
a 363 362 69 44
a 363 383 88 13
a 363 384 19 24
a 363 364 6 43
a 364 383 80 84
a 364 363 78 73
a 364 384 45 60
a 364 385 10 39
a 364 365 51 68
a 365 384 92 11
a 365 364 46 19
a 365 385 17 49
a 365 386 3 20
a 365 366 95 78
a 366 385 100 88
a 366 365 4 48
a 366 386 42 11
a 366 387 22 8
a 366 367 86 70
a 367 386 13 47
a 367 366 20 6
a 367 387 78 95
a 367 388 58 38
a 367 368 42 93
a 368 387 6 59
a 368 367 70 69
a 368 388 40 32
a 368 389 91 66
a 368 369 27 74
a 369 388 69 4
a 369 368 83 30
a 369 389 30 100
a 369 390 59 43
a 369 370 52 22
a 370 389 88 80
a 370 369 35 14
a 370 390 94 61
a 370 391 19 33
a 370 371 7 5
a 371 390 46 28
a 371 370 43 83
a 371 391 19 23
a 371 392 100 40
a 371 372 54 96
a 372 391 43 35
a 372 371 50 3
a 372 392 83 16
a 372 393 25 26
a 372 373 17 6
a 373 392 44 2
a 373 372 10 81
a 373 393 25 5
a 373 394 22 24
a 373 374 54 43
a 374 393 5 2
a 374 373 63 39
a 374 394 63 42
a 374 395 54 67
a 374 375 88 33
a 375 394 3 36
a 375 374 63 34
a 375 395 75 48
a 375 396 46 84
a 375 376 84 35
a 376 395 96 56
a 376 375 100 25
a 376 396 26 3
a 376 397 46 27
a 376 377 19 88
a 377 396 38 100
a 377 376 30 43
a 377 397 8 59
a 377 398 82 13
a 377 378 13 31
a 378 397 74 80
a 378 377 17 17
a 378 398 63 64
a 378 399 73 35
a 378 379 51 100
a 379 398 52 30
a 379 378 43 2
a 379 399 14 99
a 379 400 30 41
a 379 380 90 8
a 380 399 57 89
a 380 379 61 22
a 380 400 60 94
