p sp 402 1826
n 0 s
n 401 t
a 0 1 63 53
a 0 2 4 59
a 0 3 68 6
a 0 4 12 47
a 0 5 63 28
a 0 6 93 9
a 0 7 53 61
a 0 8 63 53
a 0 9 70 77
a 0 10 63 49
a 0 11 76 70
a 0 12 23 4
a 0 13 40 4
a 0 14 34 24
a 0 15 70 42
a 0 16 83 84
a 0 17 95 11
a 0 18 46 38
a 0 19 83 26
a 0 20 85 34
a 381 401 29 67
a 382 401 96 3
a 383 401 62 97
a 384 401 7 42
a 385 401 65 49
a 386 401 45 50
a 387 401 54 81
a 388 401 74 83
a 389 401 59 10
a 390 401 87 95
a 391 401 87 89
a 392 401 27 3
a 393 401 10 36
a 394 401 78 2
a 395 401 37 10
a 396 401 28 45
a 397 401 48 76
a 398 401 60 3
a 399 401 76 92
a 400 401 99 24
a 1 21 46 84
a 1 22 12 25
a 2 21 77 75
a 2 22 99 55
a 2 23 83 68
a 3 22 2 66
a 3 23 95 44
a 3 24 64 84
a 4 23 85 91
a 4 24 24 83
a 4 25 87 87
a 5 24 67 47
a 5 25 71 93
a 5 26 94 77
a 6 25 50 96
a 6 26 30 49
a 6 27 11 68
a 7 26 39 96
a 7 27 98 8
a 7 28 84 23
a 8 27 17 57
a 8 28 17 60
a 8 29 9 27
a 9 28 87 7
a 9 29 10 25
a 9 30 77 24
a 10 29 4 36
a 10 30 56 92
a 10 31 30 77
a 11 30 84 68
a 11 31 53 82
a 11 32 34 27
a 12 31 21 32
a 12 32 26 69
a 12 33 9 35
a 13 32 70 93
a 13 33 53 70
a 13 34 86 62
a 14 33 29 29
a 14 34 64 4
a 14 35 78 89
a 15 34 52 58
a 15 35 89 15
a 15 36 20 16
a 16 35 84 21
a 16 36 17 34
a 16 37 84 62
a 17 36 41 89
a 17 37 13 41
a 17 38 30 92
a 18 37 33 70
a 18 38 53 73
a 18 39 91 61
a 19 38 48 51
a 19 39 72 24
a 19 40 54 44
a 20 39 10 59
a 20 40 65 76
a 21 41 81 7
a 21 42 30 31
a 21 22 91 36
a 22 41 73 60
a 22 21 96 48
a 22 42 52 19
a 22 43 5 42
a 22 23 13 79
a 23 42 54 76
a 23 22 56 81
a 23 43 60 34
a 23 44 72 36
a 23 24 34 78
a 24 43 27 90
a 24 23 72 68
a 24 44 96 31
a 24 45 25 15
a 24 25 64 25
a 25 44 50 47
a 25 24 21 85
a 25 45 28 88
a 25 46 19 85
a 25 26 75 4
a 26 45 9 52
a 26 25 78 64
a 26 46 17 82
a 26 47 54 87
a 26 27 28 93
a 27 46 58 53
a 27 26 81 77
a 27 47 10 8
a 27 48 14 23
a 27 28 68 17
a 28 47 92 63
a 28 27 73 1
a 28 48 68 95
a 28 49 33 22
a 28 29 49 84
a 29 48 45 66
a 29 28 98 67
a 29 49 74 4
a 29 50 38 69
a 29 30 90 19
a 30 49 74 65
a 30 29 17 59
a 30 50 13 71
a 30 51 86 73
a 30 31 58 79
a 31 50 79 39
a 31 30 43 43
a 31 51 100 62
a 31 52 90 95
a 31 32 30 6
a 32 51 60 43
a 32 31 65 64
a 32 52 94 26
a 32 53 68 46
a 32 33 76 37
a 33 52 25 27
a 33 32 70 57
a 33 53 38 49
a 33 54 35 28
a 33 34 66 89
a 34 53 56 68
a 34 33 94 87
a 34 54 17 47
a 34 55 59 43
a 34 35 39 36
a 35 54 76 68
a 35 34 46 77
a 35 55 65 31
a 35 56 23 23
a 35 36 60 71
a 36 55 22 90
a 36 35 77 73
a 36 56 54 5
a 36 57 10 15
a 36 37 54 50
a 37 56 52 32
a 37 36 32 42
a 37 57 28 55
a 37 58 1 6
a 37 38 82 76
a 38 57 48 19
a 38 37 87 47
a 38 58 32 20
a 38 59 59 66
a 38 39 84 62
a 39 58 81 72
a 39 38 82 92
a 39 59 96 33
a 39 60 60 76
a 39 40 28 57
a 40 59 23 90
a 40 39 2 13
a 40 60 63 89
a 41 61 21 68
a 41 62 57 8
a 41 42 28 43
a 42 61 12 64
a 42 41 26 77
a 42 62 49 87
a 42 63 57 86
a 42 43 90 76
a 43 62 84 95
a 43 42 42 63
a 43 63 88 81
a 43 64 87 47
a 43 44 13 27
a 44 63 82 49
a 44 43 6 28
a 44 64 44 84
a 44 65 50 90
a 44 45 39 18
a 45 64 3 74
a 45 44 47 90
a 45 65 17 16
a 45 66 63 26
a 45 46 37 78
a 46 65 39 65
a 46 45 24 97
a 46 66 39 55
a 46 67 27 44
a 46 47 52 74
a 47 66 28 45
a 47 46 7 22
a 47 67 94 14
a 47 68 20 79
a 47 48 19 13
a 48 67 44 82
a 48 47 31 5
a 48 68 54 34
a 48 69 9 17
a 48 49 84 58
a 49 68 82 10
a 49 48 73 17
a 49 69 78 49
a 49 70 13 73
a 49 50 11 87
a 50 69 9 72
a 50 49 18 75
a 50 70 2 85
a 50 71 9 14
a 50 51 85 28
a 51 70 59 77
a 51 50 7 62
a 51 71 22 14
a 51 72 95 12
a 51 52 94 16
a 52 71 65 29
a 52 51 51 27
a 52 72 32 7
a 52 73 38 89
a 52 53 16 39
a 53 72 90 40
a 53 52 52 6
a 53 73 38 20
a 53 74 98 38
a 53 54 2 13
a 54 73 81 81
a 54 53 31 1
a 54 74 2 93
a 54 75 9 64
a 54 55 21 19
a 55 74 23 54
a 55 54 86 29
a 55 75 42 96
a 55 76 42 64
a 55 56 2 48
a 56 75 51 43
a 56 55 67 79
a 56 76 17 24
a 56 77 13 14
a 56 57 40 33
a 57 76 51 65
a 57 56 7 3
a 57 77 70 15
a 57 78 99 66
a 57 58 16 16
a 58 77 21 80
a 58 57 49 93
a 58 78 30 65
a 58 79 90 10
a 58 59 1 67
a 59 78 53 18
a 59 58 71 28
a 59 79 89 11
a 59 80 82 65
a 59 60 95 31
a 60 79 52 15
a 60 59 35 49
a 60 80 20 85
a 61 81 24 86
a 61 82 31 56
a 61 62 43 64
a 62 81 69 43
a 62 61 39 9
a 62 82 51 33
a 62 83 71 24
a 62 63 4 6
a 63 82 61 18
a 63 62 4 79
a 63 83 34 24
a 63 84 25 50
a 63 64 71 77
a 64 83 58 82
a 64 63 6 23
a 64 84 99 40
a 64 85 63 53
a 64 65 18 44
a 65 84 94 28
a 65 64 36 55
a 65 85 82 4
a 65 86 7 21
a 65 66 29 7
a 66 85 8 82
a 66 65 26 33
a 66 86 86 90
a 66 87 33 75
a 66 67 97 99
a 67 86 49 90
a 67 66 46 20
a 67 87 4 99
a 67 88 4 84
a 67 68 44 53
a 68 87 40 55
a 68 67 61 59
a 68 88 18 97
a 68 89 65 73
a 68 69 11 1
a 69 88 7 69
a 69 68 35 66
a 69 89 25 60
a 69 90 88 78
a 69 70 25 91
a 70 89 42 91
a 70 69 2 19
a 70 90 55 68
a 70 91 8 65
a 70 71 3 4
a 71 90 34 67
a 71 70 28 90
a 71 91 5 89
a 71 92 59 53
a 71 72 85 80
a 72 91 51 34
a 72 71 23 65
a 72 92 79 48
a 72 93 66 21
a 72 73 20 80
a 73 92 24 72
a 73 72 13 39
a 73 93 82 64
a 73 94 86 34
a 73 74 56 82
a 74 93 81 17
a 74 73 74 85
a 74 94 51 11
a 74 95 96 7
a 74 75 96 10
a 75 94 37 36
a 75 74 2 94
a 75 95 72 60
a 75 96 76 97
a 75 76 96 89
a 76 95 56 99
a 76 75 37 3
a 76 96 69 3
a 76 97 56 41
a 76 77 75 2
a 77 96 31 78
a 77 76 16 10
a 77 97 79 12
a 77 98 17 36
a 77 78 51 32
a 78 97 64 41
a 78 77 82 51
a 78 98 25 87
a 78 99 70 88
a 78 79 96 48
a 79 98 96 76
a 79 78 20 31
a 79 99 64 60
a 79 100 54 38
a 79 80 56 18
a 80 99 14 100
a 80 79 69 11
a 80 100 63 77
a 81 101 19 40
a 81 102 70 76
a 81 82 71 88
a 82 101 40 73
a 82 81 3 15
a 82 102 64 88
a 82 103 73 9
a 82 83 9 78
a 83 102 49 82
a 83 82 6 40
a 83 103 53 81
a 83 104 85 17
a 83 84 43 15
a 84 103 78 93
a 84 83 90 48
a 84 104 79 28
a 84 105 62 93
a 84 85 13 32
a 85 104 86 8
a 85 84 30 59
a 85 105 25 61
a 85 106 3 81
a 85 86 37 2
a 86 105 46 31
a 86 85 59 19
a 86 106 97 66
a 86 107 63 80
a 86 87 12 79
a 87 106 49 80
a 87 86 44 40
a 87 107 98 26
a 87 108 2 47
a 87 88 49 7
a 88 107 60 86
a 88 87 93 88
a 88 108 36 39
a 88 109 84 21
a 88 89 98 67
a 89 108 46 35
a 89 88 43 39
a 89 109 100 83
a 89 110 68 33
a 89 90 16 81
a 90 109 18 82
a 90 89 73 28
a 90 110 16 84
a 90 111 49 63
a 90 91 47 32
a 91 110 80 77
a 91 90 25 15
a 91 111 57 18
a 91 112 5 41
a 91 92 7 7
a 92 111 60 64
a 92 91 96 53
a 92 112 93 57
a 92 113 97 45
a 92 93 56 34
a 93 112 23 83
a 93 92 60 92
a 93 113 100 61
a 93 114 90 59
a 93 94 95 59
a 94 113 42 24
a 94 93 98 45
a 94 114 33 76
a 94 115 56 33
a 94 95 66 32
a 95 114 86 59
a 95 94 18 89
a 95 115 91 79
a 95 116 71 77
a 95 96 53 71
a 96 115 40 12
a 96 95 16 54
a 96 116 19 61
a 96 117 93 37
a 96 97 42 61
a 97 116 93 36
a 97 96 72 70
a 97 117 11 90
a 97 118 27 76
a 97 98 72 18
a 98 117 46 53
a 98 97 82 17
a 98 118 16 23
a 98 119 80 5
a 98 99 9 13
a 99 118 93 75
a 99 98 6 83
a 99 119 67 15
a 99 120 88 78
a 99 100 49 42
a 100 119 79 96
a 100 99 85 45
a 100 120 72 28
a 101 121 80 67
a 101 122 49 63
a 101 102 55 99
a 102 121 77 11
a 102 101 91 69
a 102 122 50 57
a 102 123 29 100
a 102 103 64 59
a 103 122 28 59
a 103 102 56 7
a 103 123 80 21
a 103 124 55 47
a 103 104 8 86
a 104 123 42 57
a 104 103 8 67
a 104 124 82 47
a 104 125 93 61
a 104 105 37 53
a 105 124 63 71
a 105 104 87 96
a 105 125 12 35
a 105 126 56 87
a 105 106 31 80
a 106 125 14 80
a 106 105 12 65
a 106 126 15 72
a 106 127 99 21
a 106 107 46 8
a 107 126 60 22
a 107 106 99 5
a 107 127 6 28
a 107 128 98 55
a 107 108 29 65
a 108 127 88 30
a 108 107 23 75
a 108 128 29 57
a 108 129 86 90
a 108 109 9 13
a 109 128 78 15
a 109 108 65 15
a 109 129 77 26
a 109 130 39 50
a 109 110 29 94
a 110 129 47 24
a 110 109 36 82
a 110 130 90 39
a 110 131 35 92
a 110 111 37 11
a 111 130 4 41
a 111 110 66 15
a 111 131 78 74
a 111 132 21 65
a 111 112 56 8
a 112 131 38 4
a 112 111 94 56
a 112 132 29 65
a 112 133 72 94
a 112 113 92 74
a 113 132 68 8
a 113 112 97 68
a 113 133 98 30
a 113 134 90 71
a 113 114 68 78
a 114 133 30 12
a 114 113 76 50
a 114 134 70 82
a 114 135 62 93
a 114 115 14 18
a 115 134 78 47
a 115 114 59 22
a 115 135 28 24
a 115 136 8 2
a 115 116 56 81
a 116 135 97 58
a 116 115 53 76
a 116 136 96 63
a 116 137 58 94
a 116 117 44 41
a 117 136 31 34
a 117 116 49 69
a 117 137 70 68
a 117 138 18 85
a 117 118 86 39
a 118 137 45 37
a 118 117 38 4
a 118 138 52 53
a 118 139 42 37
a 118 119 52 49
a 119 138 18 99
a 119 118 11 12
a 119 139 84 65
a 119 140 45 86
a 119 120 65 50
a 120 139 77 29
a 120 119 9 72
a 120 140 23 43
a 121 141 9 63
a 121 142 56 67
a 121 122 65 68
a 122 141 68 13
a 122 121 65 28
a 122 142 80 96
a 122 143 33 58
a 122 123 32 39
a 123 142 98 88
a 123 122 54 91
a 123 143 41 67
a 123 144 51 65
a 123 124 3 1
a 124 143 26 19
a 124 123 27 18
a 124 144 50 46
a 124 145 14 14
a 124 125 77 48
a 125 144 73 49
a 125 124 94 91
a 125 145 18 25
a 125 146 88 7
a 125 126 78 92
a 126 145 29 100
a 126 125 63 28
a 126 146 26 39
a 126 147 25 11
a 126 127 10 3
a 127 146 59 49
a 127 126 70 48
a 127 147 83 53
a 127 148 32 42
a 127 128 92 43
a 128 147 88 96
a 128 127 13 53
a 128 148 67 3
a 128 149 6 92
a 128 129 96 14
a 129 148 75 50
a 129 128 30 47
a 129 149 13 94
a 129 150 67 21
a 129 130 74 89
a 130 149 50 25
a 130 129 61 12
a 130 150 95 63
a 130 151 79 95
a 130 131 41 26
a 131 150 33 29
a 131 130 79 55
a 131 151 77 5
a 131 152 88 77
a 131 132 80 41
a 132 151 28 25
a 132 131 2 37
a 132 152 3 33
a 132 153 30 4
a 132 133 72 39
a 133 152 73 36
a 133 132 20 19
a 133 153 30 36
a 133 154 26 19
a 133 134 93 19
a 134 153 52 51
a 134 133 89 55
a 134 154 64 86
a 134 155 20 4
a 134 135 12 24
a 135 154 70 84
a 135 134 19 56
a 135 155 77 56
a 135 156 32 89
a 135 136 47 36
a 136 155 34 7
a 136 135 91 56
a 136 156 67 49
a 136 157 6 95
a 136 137 99 74
a 137 156 3 38
a 137 136 32 80
a 137 157 33 58
a 137 158 64 96
a 137 138 72 62
a 138 157 79 68
a 138 137 80 84
a 138 158 39 68
a 138 159 82 95
a 138 139 14 61
a 139 158 26 60
a 139 138 45 91
a 139 159 82 17
a 139 160 23 94
a 139 140 68 10
a 140 159 86 80
a 140 139 47 11
a 140 160 20 38
a 141 161 12 87
a 141 162 59 72
a 141 142 20 60
a 142 161 45 31
a 142 141 91 55
a 142 162 54 52
a 142 163 83 83
a 142 143 27 55
a 143 162 99 34
a 143 142 81 5
a 143 163 99 81
a 143 164 81 42
a 143 144 21 21
a 144 163 27 59
a 144 143 91 38
a 144 164 69 37
a 144 165 27 60
a 144 145 28 84
a 145 164 16 53
a 145 144 71 95
a 145 165 11 64
a 145 166 85 88
a 145 146 38 63
a 146 165 70 75
a 146 145 65 67
a 146 166 37 96
a 146 167 63 49
a 146 147 60 71
a 147 166 84 48
a 147 146 45 12
a 147 167 29 88
a 147 168 41 44
a 147 148 70 58
a 148 167 21 12
a 148 147 68 34
a 148 168 24 61
a 148 169 87 6
a 148 149 55 48
a 149 168 61 100
a 149 148 92 18
a 149 169 53 31
a 149 170 55 13
a 149 150 12 71
a 150 169 44 11
a 150 149 6 15
a 150 170 85 24
a 150 171 35 21
a 150 151 3 92
a 151 170 96 97
a 151 150 60 54
a 151 171 56 50
a 151 172 92 20
a 151 152 23 74
a 152 171 6 16
a 152 151 54 45
a 152 172 27 60
a 152 173 46 2
a 152 153 89 14
a 153 172 8 78
a 153 152 33 94
a 153 173 62 82
a 153 174 27 50
a 153 154 15 75
a 154 173 23 21
a 154 153 29 77
a 154 174 74 67
a 154 175 16 13
a 154 155 52 89
a 155 174 40 89
a 155 154 24 20
a 155 175 96 90
a 155 176 10 45
a 155 156 69 12
a 156 175 79 85
a 156 155 49 59
a 156 176 24 70
a 156 177 81 73
a 156 157 74 90
a 157 176 99 25
a 157 156 30 98
a 157 177 62 42
a 157 178 6 20
a 157 158 12 100
a 158 177 46 8
a 158 157 14 37
a 158 178 42 13
a 158 179 78 40
a 158 159 29 20
a 159 178 74 5
a 159 158 99 60
a 159 179 9 1
a 159 180 12 13
a 159 160 83 95
a 160 179 24 4
a 160 159 78 24
a 160 180 67 96
a 161 181 11 88
a 161 182 74 48
a 161 162 32 35
a 162 181 29 24
a 162 161 88 19
a 162 182 84 74
a 162 183 66 86
a 162 163 37 30
a 163 182 100 13
a 163 162 67 73
a 163 183 35 24
a 163 184 57 59
a 163 164 2 98
a 164 183 39 76
a 164 163 84 38
a 164 184 50 91
a 164 185 71 78
a 164 165 84 3
a 165 184 5 80
a 165 164 10 74
a 165 185 75 95
a 165 186 42 98
a 165 166 55 1
a 166 185 20 2
a 166 165 99 51
a 166 186 45 71
a 166 187 6 81
a 166 167 36 26
a 167 186 45 88
a 167 166 40 31
a 167 187 28 74
a 167 188 32 50
a 167 168 63 50
a 168 187 49 13
a 168 167 1 53
a 168 188 11 98
a 168 189 30 1
a 168 169 95 79
a 169 188 81 92
a 169 168 4 78
a 169 189 52 17
a 169 190 66 74
a 169 170 20 43
a 170 189 51 44
a 170 169 54 31
a 170 190 19 83
a 170 191 68 9
a 170 171 71 62
a 171 190 90 30
a 171 170 73 2
a 171 191 9 50
a 171 192 43 67
a 171 172 58 13
a 172 191 16 13
a 172 171 8 100
a 172 192 53 3
a 172 193 66 5
a 172 173 81 83
a 173 192 24 71
a 173 172 80 53
a 173 193 53 1
a 173 194 71 2
a 173 174 87 2
a 174 193 49 3
a 174 173 25 52
a 174 194 80 38
a 174 195 77 90
a 174 175 74 74
a 175 194 46 22
a 175 174 65 42
a 175 195 7 43
a 175 196 46 16
a 175 176 22 40
a 176 195 85 20
a 176 175 77 48
a 176 196 23 47
a 176 197 43 19
a 176 177 74 51
a 177 196 97 50
a 177 176 98 24
a 177 197 71 58
a 177 198 61 62
a 177 178 9 29
a 178 197 28 6
a 178 177 39 10
a 178 198 18 79
a 178 199 96 12
a 178 179 23 71
a 179 198 36 67
a 179 178 29 63
a 179 199 61 59
a 179 200 47 16
a 179 180 28 97
a 180 199 14 38
a 180 179 62 56
a 180 200 12 58
a 181 201 41 29
a 181 202 61 45
a 181 182 50 32
a 182 201 66 17
a 182 181 76 95
a 182 202 86 21
a 182 203 94 16
a 182 183 32 41
a 183 202 35 56
a 183 182 6 62
a 183 203 27 39
a 183 204 79 16
a 183 184 51 19
a 184 203 16 11
a 184 183 2 68
a 184 204 5 29
a 184 205 70 93
a 184 185 48 15
a 185 204 82 26
a 185 184 59 81
a 185 205 18 79
a 185 206 70 43
a 185 186 73 58
a 186 205 9 81
a 186 185 92 80
a 186 206 44 63
a 186 207 83 56
a 186 187 50 72
a 187 206 61 65
a 187 186 67 46
a 187 207 41 15
a 187 208 64 24
a 187 188 91 42
a 188 207 10 32
a 188 187 22 51
a 188 208 40 18
a 188 209 12 36
a 188 189 15 21
a 189 208 29 95
a 189 188 67 76
a 189 209 14 95
a 189 210 62 97
a 189 190 61 71
a 190 209 69 100
a 190 189 65 87
a 190 210 5 80
a 190 211 11 60
a 190 191 10 28
a 191 210 88 60
a 191 190 26 60
a 191 211 71 44
a 191 212 39 17
a 191 192 63 40
a 192 211 70 99
a 192 191 6 1
a 192 212 89 66
a 192 213 57 29
a 192 193 34 33
a 193 212 45 71
a 193 192 22 80
a 193 213 47 25
a 193 214 28 92
a 193 194 40 64
a 194 213 66 29
a 194 193 28 27
a 194 214 94 43
a 194 215 7 80
a 194 195 14 54
a 195 214 58 21
a 195 194 86 33
a 195 215 24 71
a 195 216 8 79
a 195 196 35 53
a 196 215 6 9
a 196 195 7 96
a 196 216 44 31
a 196 217 53 66
a 196 197 97 33
a 197 216 96 58
a 197 196 68 66
a 197 217 7 3
a 197 218 4 46
a 197 198 44 36
a 198 217 100 53
a 198 197 14 96
a 198 218 97 19
a 198 219 23 30
a 198 199 38 14
a 199 218 61 5
a 199 198 55 47
a 199 219 15 31
a 199 220 43 54
a 199 200 80 4
a 200 219 100 53
a 200 199 19 26
a 200 220 4 64
a 201 221 34 39
a 201 222 77 23
a 201 202 80 59
a 202 221 6 85
a 202 201 47 45
a 202 222 33 54
a 202 223 11 33
a 202 203 29 19
a 203 222 22 68
a 203 202 5 25
a 203 223 57 27
a 203 224 88 16
a 203 204 15 37
a 204 223 32 68
a 204 203 53 97
a 204 224 14 7
a 204 225 17 65
a 204 205 8 20
a 205 224 1 74
a 205 204 35 23
a 205 225 24 56
a 205 226 36 37
a 205 206 13 73
a 206 225 28 76
a 206 205 87 29
a 206 226 7 81
a 206 227 65 69
a 206 207 62 3
a 207 226 95 22
a 207 206 31 72
a 207 227 18 54
a 207 228 91 82
a 207 208 43 87
a 208 227 67 100
a 208 207 93 32
a 208 228 3 22
a 208 229 62 12
a 208 209 50 100
a 209 228 95 76
a 209 208 68 75
a 209 229 27 93
a 209 230 55 46
a 209 210 71 96
a 210 229 1 60
a 210 209 39 48
a 210 230 51 58
a 210 231 34 94
a 210 211 42 54
a 211 230 20 90
a 211 210 96 91
a 211 231 46 93
a 211 232 78 63
a 211 212 28 7
a 212 231 61 19
a 212 211 26 53
a 212 232 60 93
a 212 233 72 61
a 212 213 43 33
a 213 232 67 77
a 213 212 94 66
a 213 233 37 41
a 213 234 93 31
a 213 214 90 100
a 214 233 96 6
a 214 213 5 99
a 214 234 80 77
a 214 235 62 18
a 214 215 17 18
a 215 234 42 48
a 215 214 55 6
a 215 235 70 38
a 215 236 12 29
a 215 216 54 11
a 216 235 36 60
a 216 215 81 91
a 216 236 55 79
a 216 237 73 78
a 216 217 92 94
a 217 236 44 32
a 217 216 64 55
a 217 237 34 48
a 217 238 67 95
a 217 218 23 30
a 218 237 22 27
a 218 217 2 74
a 218 238 89 61
a 218 239 63 39
a 218 219 64 72
a 219 238 10 20
a 219 218 1 64
a 219 239 17 14
a 219 240 30 72
a 219 220 92 23
a 220 239 38 27
a 220 219 1 19
a 220 240 58 9
a 221 241 46 26
a 221 242 28 79
a 221 222 4 90
a 222 241 48 53
a 222 221 33 35
a 222 242 27 65
a 222 243 14 72
a 222 223 25 86
a 223 242 67 20
a 223 222 12 2
a 223 243 11 3
a 223 244 3 40
a 223 224 61 40
a 224 243 61 58
a 224 223 49 68
a 224 244 66 4
a 224 245 74 89
a 224 225 8 75
a 225 244 24 41
a 225 224 76 1
a 225 245 77 69
a 225 246 85 40
a 225 226 5 58
a 226 245 86 34
a 226 225 38 87
a 226 246 31 89
a 226 247 99 41
a 226 227 52 100
a 227 246 73 8
a 227 226 58 31
a 227 247 13 72
a 227 248 60 47
a 227 228 57 97
a 228 247 96 78
a 228 227 37 63
a 228 248 96 50
a 228 249 54 93
a 228 229 34 36
a 229 248 13 53
a 229 228 55 5
a 229 249 27 29
a 229 250 51 97
a 229 230 58 33
a 230 249 51 8
a 230 229 36 33
a 230 250 85 82
a 230 251 99 94
a 230 231 45 7
a 231 250 76 41
a 231 230 33 48
a 231 251 82 13
a 231 252 95 9
a 231 232 55 7
a 232 251 83 40
a 232 231 15 35
a 232 252 44 83
a 232 253 29 53
a 232 233 56 58
a 233 252 38 2
a 233 232 15 64
a 233 253 21 46
a 233 254 18 32
a 233 234 89 55
a 234 253 60 3
a 234 233 66 31
a 234 254 2 65
a 234 255 10 50
a 234 235 5 90
a 235 254 25 87
a 235 234 56 32
a 235 255 81 90
a 235 256 34 79
a 235 236 29 77
a 236 255 1 92
a 236 235 40 52
a 236 256 5 3
a 236 257 29 6
a 236 237 4 16
a 237 256 65 69
a 237 236 42 12
a 237 257 4 18
a 237 258 94 94
a 237 238 59 63
a 238 257 19 96
a 238 237 4 53
a 238 258 37 64
a 238 259 1 34
a 238 239 92 6
a 239 258 22 28
a 239 238 24 4
a 239 259 36 72
a 239 260 99 50
a 239 240 75 43
a 240 259 80 17
a 240 239 100 67
a 240 260 85 18
a 241 261 18 81
a 241 262 60 41
a 241 242 72 79
a 242 261 4 41
a 242 241 19 37
a 242 262 82 89
a 242 263 29 46
a 242 243 70 48
a 243 262 72 81
a 243 242 99 80
a 243 263 59 49
a 243 264 11 28
a 243 244 39 91
a 244 263 14 93
a 244 243 79 50
a 244 264 99 57
a 244 265 6 66
a 244 245 49 84
a 245 264 29 26
a 245 244 36 58
a 245 265 98 3
a 245 266 94 53
a 245 246 91 2
a 246 265 61 32
a 246 245 60 77
a 246 266 39 14
a 246 267 55 32
a 246 247 53 22
a 247 266 43 27
a 247 246 26 96
a 247 267 73 81
a 247 268 39 92
a 247 248 15 11
a 248 267 13 26
a 248 247 18 21
a 248 268 75 14
a 248 269 10 42
a 248 249 6 82
a 249 268 37 31
a 249 248 12 55
a 249 269 18 1
a 249 270 99 93
a 249 250 58 8
a 250 269 79 52
a 250 249 24 43
a 250 270 27 88
a 250 271 1 53
a 250 251 66 71
a 251 270 43 45
a 251 250 7 75
a 251 271 23 15
a 251 272 82 55
a 251 252 38 48
a 252 271 78 59
a 252 251 69 4
a 252 272 79 56
a 252 273 97 15
a 252 253 49 45
a 253 272 22 77
a 253 252 71 41
a 253 273 1 23
a 253 274 3 10
a 253 254 5 68
a 254 273 79 36
a 254 253 18 64
a 254 274 65 67
a 254 275 44 77
a 254 255 64 57
a 255 274 91 27
a 255 254 54 68
a 255 275 57 42
a 255 276 66 85
a 255 256 78 12
a 256 275 23 10
a 256 255 17 28
a 256 276 52 6
a 256 277 35 99
a 256 257 36 47
a 257 276 39 65
a 257 256 86 97
a 257 277 57 24
a 257 278 9 42
a 257 258 89 2
a 258 277 89 58
a 258 257 25 93
a 258 278 97 93
a 258 279 79 40
a 258 259 6 67
a 259 278 100 92
a 259 258 38 69
a 259 279 37 24
a 259 280 75 91
a 259 260 85 79
a 260 279 54 74
a 260 259 45 9
a 260 280 91 19
a 261 281 72 29
a 261 282 40 73
a 261 262 10 90
a 262 281 74 36
a 262 261 63 36
a 262 282 8 75
a 262 283 62 30
a 262 263 42 41
a 263 282 56 79
a 263 262 66 32
a 263 283 40 38
a 263 284 38 51
a 263 264 88 87
a 264 283 99 67
a 264 263 82 15
a 264 284 27 17
a 264 285 94 71
a 264 265 1 46
a 265 284 27 90
a 265 264 9 91
a 265 285 38 89
a 265 286 91 32
a 265 266 81 45
a 266 285 78 5
a 266 265 38 77
a 266 286 46 17
a 266 287 16 97
a 266 267 7 19
a 267 286 11 74
a 267 266 18 58
a 267 287 81 40
a 267 288 93 24
a 267 268 72 18
a 268 287 42 51
a 268 267 80 5
a 268 288 61 57
a 268 289 65 4
a 268 269 98 82
a 269 288 22 77
a 269 268 47 8
a 269 289 57 13
a 269 290 4 55
a 269 270 15 25
a 270 289 78 91
a 270 269 20 58
a 270 290 38 19
a 270 291 40 27
a 270 271 41 100
a 271 290 89 13
a 271 270 93 7
a 271 291 57 24
a 271 292 75 8
a 271 272 40 33
a 272 291 21 28
a 272 271 36 92
a 272 292 100 50
a 272 293 5 25
a 272 273 42 98
a 273 292 52 47
a 273 272 37 98
a 273 293 3 73
a 273 294 12 63
a 273 274 98 24
a 274 293 83 28
a 274 273 14 62
a 274 294 39 62
a 274 295 50 2
a 274 275 93 68
a 275 294 89 76
a 275 274 7 62
a 275 295 79 76
a 275 296 97 14
a 275 276 3 79
a 276 295 93 66
a 276 275 42 87
a 276 296 86 13
a 276 297 89 89
a 276 277 39 32
a 277 296 71 56
a 277 276 24 5
a 277 297 14 75
a 277 298 8 32
a 277 278 84 88
a 278 297 70 7
a 278 277 49 69
a 278 298 29 48
a 278 299 30 57
a 278 279 26 21
a 279 298 38 77
a 279 278 9 71
a 279 299 99 27
a 279 300 80 32
a 279 280 38 56
a 280 299 9 80
a 280 279 35 46
a 280 300 75 43
a 281 301 98 66
a 281 302 3 42
a 281 282 69 80
a 282 301 70 71
a 282 281 95 100
a 282 302 35 54
a 282 303 95 86
a 282 283 40 54
a 283 302 23 61
a 283 282 45 54
a 283 303 2 77
a 283 304 47 38
a 283 284 57 19
a 284 303 80 54
a 284 283 85 66
a 284 304 97 1
a 284 305 33 1
a 284 285 62 22
a 285 304 98 37
a 285 284 49 24
a 285 305 88 60
a 285 306 73 9
a 285 286 37 55
a 286 305 38 78
a 286 285 66 48
a 286 306 90 81
a 286 307 58 29
a 286 287 80 92
a 287 306 78 46
a 287 286 13 26
a 287 307 71 41
a 287 308 68 52
a 287 288 88 33
a 288 307 3 14
a 288 287 39 20
a 288 308 64 71
a 288 309 43 27
a 288 289 82 83
a 289 308 56 36
a 289 288 44 41
a 289 309 90 54
a 289 310 92 70
a 289 290 61 38
a 290 309 90 21
a 290 289 54 81
a 290 310 60 8
a 290 311 92 3
a 290 291 38 44
a 291 310 34 14
a 291 290 87 69
a 291 311 49 32
a 291 312 34 32
a 291 292 98 23
a 292 311 48 34
a 292 291 76 31
a 292 312 79 2
a 292 313 44 59
a 292 293 63 12
a 293 312 26 36
a 293 292 49 59
a 293 313 17 64
a 293 314 41 88
a 293 294 68 22
a 294 313 98 36
a 294 293 96 36
a 294 314 82 47
a 294 315 10 46
a 294 295 12 87
a 295 314 85 74
a 295 294 45 93
a 295 315 93 57
a 295 316 49 95
a 295 296 79 59
a 296 315 7 71
a 296 295 77 24
a 296 316 90 40
a 296 317 54 75
a 296 297 39 75
a 297 316 87 81
a 297 296 93 29
a 297 317 5 79
a 297 318 91 88
a 297 298 43 80
a 298 317 68 55
a 298 297 17 74
a 298 318 90 24
a 298 319 83 8
a 298 299 68 25
a 299 318 84 6
a 299 298 3 99
a 299 319 66 85
a 299 320 35 20
a 299 300 74 38
a 300 319 28 36
a 300 299 13 33
a 300 320 49 34
a 301 321 30 67
a 301 322 28 4
a 301 302 13 5
a 302 321 76 21
a 302 301 17 4
a 302 322 58 43
a 302 323 10 19
a 302 303 72 63
a 303 322 90 88
a 303 302 76 57
a 303 323 73 95
a 303 324 91 16
a 303 304 100 8
a 304 323 6 78
a 304 303 18 88
a 304 324 36 81
a 304 325 39 20
a 304 305 3 52
a 305 324 78 50
a 305 304 27 97
a 305 325 58 80
a 305 326 43 31
a 305 306 54 71
a 306 325 67 23
a 306 305 69 49
a 306 326 22 55
a 306 327 74 91
a 306 307 27 44
a 307 326 13 71
a 307 306 89 35
a 307 327 42 46
a 307 328 14 48
a 307 308 83 45
a 308 327 68 98
a 308 307 64 6
a 308 328 70 34
a 308 329 56 14
a 308 309 19 78
a 309 328 79 19
a 309 308 31 2
a 309 329 75 40
a 309 330 5 19
a 309 310 61 81
a 310 329 16 72
a 310 309 100 57
a 310 330 91 39
a 310 331 57 49
a 310 311 45 91
a 311 330 90 12
a 311 310 13 32
a 311 331 57 46
a 311 332 4 25
a 311 312 70 38
a 312 331 19 10
a 312 311 41 80
a 312 332 52 27
a 312 333 2 71
a 312 313 77 4
a 313 332 30 35
a 313 312 99 59
a 313 333 22 87
a 313 334 54 40
a 313 314 68 96
a 314 333 91 19
a 314 313 9 31
a 314 334 68 85
a 314 335 39 77
a 314 315 37 53
a 315 334 8 32
a 315 314 70 46
a 315 335 53 4
a 315 336 40 15
a 315 316 42 36
a 316 335 61 78
a 316 315 45 44
a 316 336 20 34
a 316 337 94 30
a 316 317 47 87
a 317 336 29 8
a 317 316 43 32
a 317 337 96 84
a 317 338 79 9
a 317 318 72 87
a 318 337 45 75
a 318 317 84 51
a 318 338 98 10
a 318 339 17 70
a 318 319 65 46
a 319 338 40 88
a 319 318 14 85
a 319 339 42 69
a 319 340 45 88
a 319 320 45 24
a 320 339 42 29
a 320 319 69 3
a 320 340 18 66
a 321 341 54 9
a 321 342 4 97
a 321 322 98 81
a 322 341 53 11
a 322 321 75 33
a 322 342 85 38
a 322 343 18 92
a 322 323 98 3
a 323 342 51 8
a 323 322 48 50
a 323 343 77 60
a 323 344 32 62
a 323 324 22 90
a 324 343 3 93
a 324 323 12 5
a 324 344 50 60
a 324 345 16 27
a 324 325 55 55
a 325 344 76 10
a 325 324 7 13
a 325 345 3 29
a 325 346 12 7
a 325 326 4 62
a 326 345 67 51
a 326 325 24 34
a 326 346 67 15
a 326 347 62 72
a 326 327 44 56
a 327 346 98 88
a 327 326 73 19
a 327 347 43 77
a 327 348 89 83
a 327 328 89 82
a 328 347 74 41
a 328 327 77 90
a 328 348 86 40
a 328 349 96 22
a 328 329 27 27
a 329 348 48 56
a 329 328 53 30
a 329 349 90 71
a 329 350 38 42
a 329 330 29 74
a 330 349 17 30
a 330 329 53 10
a 330 350 62 99
a 330 351 4 47
a 330 331 99 66
a 331 350 26 66
a 331 330 71 49
a 331 351 39 26
a 331 352 23 61
a 331 332 25 37
a 332 351 66 24
a 332 331 100 19
a 332 352 7 19
a 332 353 50 43
a 332 333 22 14
a 333 352 11 33
a 333 332 68 15
a 333 353 14 87
a 333 354 80 85
a 333 334 68 16
a 334 353 18 99
a 334 333 70 23
a 334 354 63 29
a 334 355 49 38
a 334 335 60 23
a 335 354 79 62
a 335 334 8 45
a 335 355 21 75
a 335 356 33 47
a 335 336 56 29
a 336 355 67 67
a 336 335 22 90
a 336 356 56 28
a 336 357 33 69
a 336 337 76 29
a 337 356 28 55
a 337 336 8 47
a 337 357 30 9
a 337 358 30 92
a 337 338 62 45
a 338 357 28 35
a 338 337 61 26
a 338 358 58 22
a 338 359 92 90
a 338 339 43 94
a 339 358 3 55
a 339 338 33 37
a 339 359 71 84
a 339 360 77 56
a 339 340 47 15
a 340 359 77 92
a 340 339 94 88
a 340 360 76 65
a 341 361 57 3
a 341 362 72 43
a 341 342 32 59
a 342 361 7 73
a 342 341 72 35
a 342 362 80 43
a 342 363 7 94
a 342 343 70 95
a 343 362 96 80
a 343 342 32 56
a 343 363 22 3
a 343 364 31 68
a 343 344 48 20
a 344 363 77 5
a 344 343 35 52
a 344 364 26 87
a 344 365 84 31
a 344 345 68 64
a 345 364 38 56
a 345 344 50 100
a 345 365 19 10
a 345 366 62 16
a 345 346 60 39
a 346 365 49 55
a 346 345 10 35
a 346 366 27 84
a 346 367 36 4
a 346 347 55 68
a 347 366 31 93
a 347 346 66 39
a 347 367 20 54
a 347 368 91 66
a 347 348 86 15
a 348 367 100 76
a 348 347 72 13
a 348 368 96 61
a 348 369 59 46
a 348 349 68 81
a 349 368 5 56
a 349 348 12 46
a 349 369 21 38
a 349 370 67 90
a 349 350 3 78
a 350 369 80 63
a 350 349 93 71
a 350 370 25 8
a 350 371 87 51
a 350 351 34 93
a 351 370 76 1
a 351 350 74 80
a 351 371 6 38
a 351 372 17 80
a 351 352 12 9
a 352 371 81 31
a 352 351 4 61
a 352 372 56 7
a 352 373 55 47
a 352 353 28 9
a 353 372 72 30
a 353 352 14 30
a 353 373 13 36
a 353 374 13 72
a 353 354 98 26
a 354 373 95 53
a 354 353 61 67
a 354 374 58 51
a 354 375 40 14
a 354 355 1 4
a 355 374 17 10
a 355 354 78 33
a 355 375 47 71
a 355 376 72 63
a 355 356 21 63
a 356 375 74 49
a 356 355 60 43
a 356 376 50 53
a 356 377 48 25
a 356 357 60 85
a 357 376 76 100
a 357 356 51 14
a 357 377 82 46
a 357 378 74 49
a 357 358 82 53
a 358 377 21 83
a 358 357 58 16
a 358 378 51 35
a 358 379 80 93
a 358 359 32 65
a 359 378 2 51
a 359 358 96 38
a 359 379 1 30
a 359 380 27 87
a 359 360 89 78
a 360 379 40 100
a 360 359 8 11
a 360 380 57 71
a 361 381 67 90
a 361 382 28 18
a 361 362 84 20
a 362 381 28 38
a 362 361 80 37
a 362 382 60 41
a 362 383 33 84
a 362 363 61 99
a 363 382 47 21
a 363 362 59 8
a 363 383 97 45
a 363 384 85 13
a 363 364 89 39
a 364 383 26 94
a 364 363 36 10
a 364 384 73 98
a 364 385 19 95
a 364 365 82 50
a 365 384 82 26
a 365 364 98 40
a 365 385 67 55
a 365 386 20 35
a 365 366 60 99
a 366 385 53 79
a 366 365 39 90
a 366 386 79 67
a 366 387 34 47
a 366 367 36 19
a 367 386 59 52
a 367 366 74 30
a 367 387 78 50
a 367 388 7 16
a 367 368 23 61
a 368 387 45 42
a 368 367 40 35
a 368 388 92 19
a 368 389 22 75
a 368 369 92 37
a 369 388 40 78
a 369 368 70 13
a 369 389 7 73
a 369 390 100 68
a 369 370 22 21
a 370 389 53 60
a 370 369 32 37
a 370 390 56 16
a 370 391 84 66
a 370 371 52 24
a 371 390 22 76
a 371 370 52 56
a 371 391 38 36
a 371 392 16 11
a 371 372 13 22
a 372 391 84 80
a 372 371 28 58
a 372 392 99 38
a 372 393 70 76
a 372 373 70 10
a 373 392 27 49
a 373 372 75 93
a 373 393 91 89
a 373 394 55 60
a 373 374 81 79
a 374 393 86 40
a 374 373 24 28
a 374 394 26 90
a 374 395 72 80
a 374 375 65 70
a 375 394 54 42
a 375 374 20 38
a 375 395 34 99
a 375 396 21 38
a 375 376 22 70
a 376 395 52 33
a 376 375 51 83
a 376 396 54 18
a 376 397 17 90
a 376 377 56 82
a 377 396 73 83
a 377 376 8 52
a 377 397 26 81
a 377 398 6 95
a 377 378 90 100
a 378 397 84 94
a 378 377 54 28
a 378 398 28 77
a 378 399 21 27
a 378 379 11 21
a 379 398 87 55
a 379 378 83 5
a 379 399 89 86
a 379 400 55 10
a 379 380 2 86
a 380 399 79 47
a 380 379 31 45
a 380 400 3 34
