p sp 402 1826
n 0 s
n 401 t
a 0 1 37 65
a 0 2 86 45
a 0 3 81 55
a 0 4 69 50
a 0 5 51 35
a 0 6 1 13
a 0 7 9 12
a 0 8 96 63
a 0 9 62 39
a 0 10 8 80
a 0 11 43 25
a 0 12 84 52
a 0 13 19 5
a 0 14 40 1
a 0 15 77 12
a 0 16 24 74
a 0 17 80 92
a 0 18 36 93
a 0 19 19 7
a 0 20 47 35
a 381 401 26 81
a 382 401 74 48
a 383 401 34 96
a 384 401 13 90
a 385 401 77 53
a 386 401 13 46
a 387 401 95 71
a 388 401 45 53
a 389 401 9 66
a 390 401 27 58
a 391 401 75 26
a 392 401 97 30
a 393 401 73 6
a 394 401 21 6
a 395 401 30 48
a 396 401 55 53
a 397 401 38 21
a 398 401 15 97
a 399 401 81 22
a 400 401 32 99
a 1 21 77 95
a 1 22 88 87
a 2 21 98 57
a 2 22 9 2
a 2 23 26 99
a 3 22 7 19
a 3 23 88 38
a 3 24 27 82
a 4 23 41 60
a 4 24 46 56
a 4 25 49 67
a 5 24 92 73
a 5 25 96 88
a 5 26 16 31
a 6 25 35 64
a 6 26 93 42
a 6 27 58 55
a 7 26 79 86
a 7 27 8 3
a 7 28 24 6
a 8 27 32 40
a 8 28 58 48
a 8 29 78 82
a 9 28 49 70
a 9 29 68 57
a 9 30 77 6
a 10 29 2 77
a 10 30 2 45
a 10 31 91 49
a 11 30 62 91
a 11 31 82 65
a 11 32 93 88
a 12 31 36 20
a 12 32 11 45
a 12 33 53 13
a 13 32 62 93
a 13 33 43 30
a 13 34 90 65
a 14 33 88 76
a 14 34 96 22
a 14 35 85 78
a 15 34 55 38
a 15 35 21 92
a 15 36 10 60
a 16 35 37 93
a 16 36 86 10
a 16 37 20 20
a 17 36 60 48
a 17 37 82 4
a 17 38 36 66
a 18 37 69 59
a 18 38 96 19
a 18 39 29 37
a 19 38 9 53
a 19 39 83 98
a 19 40 83 99
a 20 39 85 18
a 20 40 12 46
a 21 41 32 26
a 21 42 8 43
a 21 22 10 11
a 22 41 59 69
a 22 21 31 23
a 22 42 28 19
a 22 43 60 60
a 22 23 74 34
a 23 42 32 77
a 23 22 78 4
a 23 43 84 44
a 23 44 73 74
a 23 24 25 50
a 24 43 74 68
a 24 23 63 82
a 24 44 16 46
a 24 45 61 49
a 24 25 98 76
a 25 44 100 72
a 25 24 80 79
a 25 45 81 29
a 25 46 72 19
a 25 26 80 67
a 26 45 17 8
a 26 25 51 59
a 26 46 31 25
a 26 47 28 23
a 26 27 83 50
a 27 46 91 51
a 27 26 2 81
a 27 47 76 89
a 27 48 11 24
a 27 28 50 55
a 28 47 50 34
a 28 27 17 39
a 28 48 45 18
a 28 49 86 97
a 28 29 1 38
a 29 48 20 61
a 29 28 16 66
a 29 49 1 37
a 29 50 23 73
a 29 30 63 48
a 30 49 7 50
a 30 29 14 57
a 30 50 86 23
a 30 51 36 53
a 30 31 84 22
a 31 50 41 3
a 31 30 92 37
a 31 51 93 89
a 31 52 97 24
a 31 32 52 57
a 32 51 21 79
a 32 31 48 43
a 32 52 37 58
a 32 53 26 51
a 32 33 99 49
a 33 52 43 12
a 33 32 17 9
a 33 53 61 39
a 33 54 47 37
a 33 34 15 86
a 34 53 5 74
a 34 33 17 8
a 34 54 19 93
a 34 55 10 46
a 34 35 26 83
a 35 54 88 20
a 35 34 51 15
a 35 55 66 5
a 35 56 7 13
a 35 36 26 74
a 36 55 22 59
a 36 35 88 65
a 36 56 49 76
a 36 57 96 47
a 36 37 20 39
a 37 56 40 29
a 37 36 88 30
a 37 57 70 20
a 37 58 55 99
a 37 38 10 93
a 38 57 2 67
a 38 37 95 94
a 38 58 44 89
a 38 59 8 18
a 38 39 13 59
a 39 58 57 24
a 39 38 48 17
a 39 59 36 31
a 39 60 87 12
a 39 40 27 24
a 40 59 18 25
a 40 39 44 62
a 40 60 75 82
a 41 61 81 38
a 41 62 21 10
a 41 42 81 98
a 42 61 66 82
a 42 41 4 98
a 42 62 35 17
a 42 63 6 19
a 42 43 4 44
a 43 62 84 10
a 43 42 98 67
a 43 63 29 5
a 43 64 95 23
a 43 44 34 18
a 44 63 79 80
a 44 43 62 48
a 44 64 84 84
a 44 65 100 13
a 44 45 44 95
a 45 64 32 54
a 45 44 10 94
a 45 65 14 10
a 45 66 29 59
a 45 46 18 3
a 46 65 97 59
a 46 45 81 48
a 46 66 67 95
a 46 67 15 40
a 46 47 20 21
a 47 66 94 77
a 47 46 46 7
a 47 67 31 91
a 47 68 48 2
a 47 48 25 51
a 48 67 36 56
a 48 47 95 37
a 48 68 58 88
a 48 69 83 17
a 48 49 21 28
a 49 68 10 91
a 49 48 74 29
a 49 69 94 95
a 49 70 28 79
a 49 50 71 92
a 50 69 84 88
a 50 49 6 21
a 50 70 40 70
a 50 71 83 32
a 50 51 4 77
a 51 70 99 83
a 51 50 70 63
a 51 71 98 82
a 51 72 22 84
a 51 52 3 55
a 52 71 99 55
a 52 51 62 27
a 52 72 88 6
a 52 73 38 73
a 52 53 76 74
a 53 72 85 23
a 53 52 93 62
a 53 73 45 46
a 53 74 95 2
a 53 54 98 31
a 54 73 10 13
a 54 53 66 53
a 54 74 57 83
a 54 75 32 29
a 54 55 34 58
a 55 74 76 12
a 55 54 44 60
a 55 75 72 45
a 55 76 19 10
a 55 56 65 63
a 56 75 60 8
a 56 55 65 8
a 56 76 9 28
a 56 77 17 76
a 56 57 83 33
a 57 76 83 47
a 57 56 98 30
a 57 77 18 21
a 57 78 86 1
a 57 58 54 35
a 58 77 90 53
a 58 57 36 96
a 58 78 47 35
a 58 79 86 12
a 58 59 79 84
a 59 78 75 38
a 59 58 67 70
a 59 79 58 89
a 59 80 14 26
a 59 60 9 75
a 60 79 19 33
a 60 59 43 29
a 60 80 86 39
a 61 81 15 19
a 61 82 8 88
a 61 62 40 52
a 62 81 18 95
a 62 61 73 83
a 62 82 81 5
a 62 83 80 38
a 62 63 72 66
a 63 82 84 44
a 63 62 37 51
a 63 83 53 98
a 63 84 45 20
a 63 64 22 63
a 64 83 67 14
a 64 63 45 24
a 64 84 45 81
a 64 85 9 38
a 64 65 80 28
a 65 84 61 67
a 65 64 65 14
a 65 85 45 29
a 65 86 89 25
a 65 66 59 71
a 66 85 97 90
a 66 65 41 42
a 66 86 23 51
a 66 87 30 24
a 66 67 86 29
a 67 86 90 48
a 67 66 68 2
a 67 87 94 97
a 67 88 35 44
a 67 68 5 16
a 68 87 13 21
a 68 67 2 29
a 68 88 53 2
a 68 89 91 54
a 68 69 79 51
a 69 88 63 60
a 69 68 8 17
a 69 89 44 53
a 69 90 96 11
a 69 70 44 39
a 70 89 93 74
a 70 69 23 6
a 70 90 93 87
a 70 91 94 95
a 70 71 67 32
a 71 90 10 44
a 71 70 27 60
a 71 91 34 13
a 71 92 52 93
a 71 72 87 50
a 72 91 32 88
a 72 71 40 29
a 72 92 27 22
a 72 93 79 91
a 72 73 84 61
a 73 92 68 78
a 73 72 22 35
a 73 93 3 81
a 73 94 78 65
a 73 74 20 51
a 74 93 99 76
a 74 73 75 42
a 74 94 95 24
a 74 95 62 84
a 74 75 32 65
a 75 94 49 54
a 75 74 59 23
a 75 95 29 53
a 75 96 52 19
a 75 76 21 18
a 76 95 16 87
a 76 75 17 73
a 76 96 17 16
a 76 97 44 33
a 76 77 60 62
a 77 96 33 24
a 77 76 77 94
a 77 97 74 91
a 77 98 16 49
a 77 78 2 2
a 78 97 75 19
a 78 77 90 44
a 78 98 97 72
a 78 99 55 28
a 78 79 73 10
a 79 98 90 29
a 79 78 36 1
a 79 99 68 93
a 79 100 89 40
a 79 80 93 46
a 80 99 63 24
a 80 79 97 67
a 80 100 66 32
a 81 101 75 81
a 81 102 66 23
a 81 82 78 9
a 82 101 6 39
a 82 81 61 5
a 82 102 17 75
a 82 103 34 88
a 82 83 75 32
a 83 102 10 7
a 83 82 34 69
a 83 103 21 94
a 83 104 76 29
a 83 84 18 49
a 84 103 29 66
a 84 83 95 83
a 84 104 63 67
a 84 105 100 81
a 84 85 26 87
a 85 104 29 28
a 85 84 57 13
a 85 105 45 73
a 85 106 59 53
a 85 86 45 74
a 86 105 63 65
a 86 85 6 70
a 86 106 49 1
a 86 107 12 7
a 86 87 88 73
a 87 106 36 84
a 87 86 61 88
a 87 107 92 85
a 87 108 2 82
a 87 88 75 63
a 88 107 48 84
a 88 87 60 37
a 88 108 84 48
a 88 109 100 33
a 88 89 48 1
a 89 108 5 4
a 89 88 19 92
a 89 109 80 20
a 89 110 26 48
a 89 90 4 57
a 90 109 87 49
a 90 89 93 52
a 90 110 80 63
a 90 111 8 9
a 90 91 100 63
a 91 110 74 91
a 91 90 78 58
a 91 111 54 36
a 91 112 67 94
a 91 92 37 99
a 92 111 3 3
a 92 91 17 34
a 92 112 76 74
a 92 113 14 47
a 92 93 3 67
a 93 112 42 63
a 93 92 79 4
a 93 113 31 97
a 93 114 68 34
a 93 94 18 94
a 94 113 89 56
a 94 93 95 89
a 94 114 43 86
a 94 115 96 30
a 94 95 66 1
a 95 114 13 68
a 95 94 29 96
a 95 115 70 71
a 95 116 21 16
a 95 96 95 38
a 96 115 4 85
a 96 95 77 50
a 96 116 69 48
a 96 117 33 52
a 96 97 88 29
a 97 116 27 84
a 97 96 80 2
a 97 117 81 53
a 97 118 80 75
a 97 98 38 15
a 98 117 64 54
a 98 97 50 37
a 98 118 37 22
a 98 119 16 44
a 98 99 80 51
a 99 118 19 25
a 99 98 99 78
a 99 119 6 29
a 99 120 29 71
a 99 100 91 3
a 100 119 57 92
a 100 99 27 12
a 100 120 31 41
a 101 121 32 84
a 101 122 75 93
a 101 102 36 90
a 102 121 67 20
a 102 101 61 40
a 102 122 16 56
a 102 123 27 49
a 102 103 20 34
a 103 122 34 51
a 103 102 51 54
a 103 123 85 65
a 103 124 95 50
a 103 104 41 52
a 104 123 6 32
a 104 103 65 90
a 104 124 89 20
a 104 125 64 96
a 104 105 56 61
a 105 124 25 51
a 105 104 73 36
a 105 125 27 10
a 105 126 16 19
a 105 106 6 28
a 106 125 32 32
a 106 105 89 22
a 106 126 45 9
a 106 127 1 49
a 106 107 67 57
a 107 126 39 41
a 107 106 68 84
a 107 127 46 97
a 107 128 21 49
a 107 108 78 74
a 108 127 37 13
a 108 107 69 67
a 108 128 76 71
a 108 129 59 60
a 108 109 100 57
a 109 128 29 16
a 109 108 94 72
a 109 129 86 29
a 109 130 11 76
a 109 110 83 98
a 110 129 9 79
a 110 109 57 84
a 110 130 74 37
a 110 131 54 57
a 110 111 49 86
a 111 130 16 59
a 111 110 25 99
a 111 131 6 14
a 111 132 14 87
a 111 112 57 32
a 112 131 37 69
a 112 111 10 95
a 112 132 92 7
a 112 133 87 48
a 112 113 57 50
a 113 132 99 28
a 113 112 65 49
a 113 133 88 3
a 113 134 28 81
a 113 114 4 100
a 114 133 7 36
a 114 113 64 77
a 114 134 61 39
a 114 135 42 87
a 114 115 64 72
a 115 134 33 72
a 115 114 81 27
a 115 135 79 61
a 115 136 48 21
a 115 116 59 19
a 116 135 5 48
a 116 115 45 6
a 116 136 39 8
a 116 137 99 32
a 116 117 11 66
a 117 136 57 91
a 117 116 40 78
a 117 137 21 62
a 117 138 95 3
a 117 118 70 75
a 118 137 38 4
a 118 117 4 70
a 118 138 84 75
a 118 139 21 71
a 118 119 88 5
a 119 138 50 50
a 119 118 66 13
a 119 139 4 96
a 119 140 54 41
a 119 120 10 13
a 120 139 50 23
a 120 119 29 93
a 120 140 49 94
a 121 141 47 12
a 121 142 35 29
a 121 122 69 97
a 122 141 4 61
a 122 121 48 24
a 122 142 49 6
a 122 143 63 45
a 122 123 25 29
a 123 142 36 45
a 123 122 17 93
a 123 143 52 67
a 123 144 4 31
a 123 124 69 76
a 124 143 14 17
a 124 123 95 47
a 124 144 12 86
a 124 145 54 33
a 124 125 72 88
a 125 144 36 66
a 125 124 86 8
a 125 145 7 21
a 125 146 4 3
a 125 126 58 70
a 126 145 71 83
a 126 125 41 24
a 126 146 44 60
a 126 147 7 91
a 126 127 83 13
a 127 146 36 87
a 127 126 78 94
a 127 147 56 64
a 127 148 58 47
a 127 128 43 87
a 128 147 94 88
a 128 127 59 9
a 128 148 12 57
a 128 149 79 92
a 128 129 30 86
a 129 148 90 54
a 129 128 74 56
a 129 149 6 35
a 129 150 11 62
a 129 130 75 19
a 130 149 100 46
a 130 129 87 52
a 130 150 70 8
a 130 151 87 30
a 130 131 71 61
a 131 150 12 8
a 131 130 21 50
a 131 151 81 23
a 131 152 58 88
a 131 132 58 91
a 132 151 18 60
a 132 131 18 66
a 132 152 46 91
a 132 153 53 90
a 132 133 37 4
a 133 152 80 87
a 133 132 67 59
a 133 153 59 38
a 133 154 27 67
a 133 134 54 61
a 134 153 74 11
a 134 133 31 18
a 134 154 75 1
a 134 155 59 72
a 134 135 40 64
a 135 154 72 77
a 135 134 49 4
a 135 155 67 42
a 135 156 83 34
a 135 136 60 37
a 136 155 90 25
a 136 135 56 48
a 136 156 77 36
a 136 157 23 25
a 136 137 33 21
a 137 156 6 46
a 137 136 77 31
a 137 157 83 87
a 137 158 13 33
a 137 138 93 22
a 138 157 37 22
a 138 137 67 94
a 138 158 30 98
a 138 159 45 73
a 138 139 100 43
a 139 158 86 80
a 139 138 10 50
a 139 159 45 46
a 139 160 68 88
a 139 140 46 4
a 140 159 78 8
a 140 139 50 60
a 140 160 83 31
a 141 161 12 21
a 141 162 73 3
a 141 142 18 44
a 142 161 35 66
a 142 141 88 45
a 142 162 45 51
a 142 163 11 60
a 142 143 63 51
a 143 162 91 71
a 143 142 75 29
a 143 163 95 96
a 143 164 56 77
a 143 144 90 1
a 144 163 48 15
a 144 143 40 32
a 144 164 55 44
a 144 165 98 54
a 144 145 6 30
a 145 164 19 60
a 145 144 84 60
a 145 165 4 60
a 145 166 11 37
a 145 146 54 98
a 146 165 66 98
a 146 145 27 78
a 146 166 10 68
a 146 167 88 79
a 146 147 63 45
a 147 166 79 35
a 147 146 63 50
a 147 167 37 86
a 147 168 10 98
a 147 148 85 9
a 148 167 77 90
a 148 147 36 38
a 148 168 25 88
a 148 169 33 10
a 148 149 55 42
a 149 168 46 72
a 149 148 67 40
a 149 169 59 82
a 149 170 93 27
a 149 150 17 26
a 150 169 20 65
a 150 149 67 98
a 150 170 18 98
a 150 171 68 77
a 150 151 13 96
a 151 170 86 14
a 151 150 9 11
a 151 171 16 87
a 151 172 94 29
a 151 152 53 11
a 152 171 77 38
a 152 151 90 49
a 152 172 16 56
a 152 173 53 93
a 152 153 39 72
a 153 172 61 74
a 153 152 55 12
a 153 173 83 94
a 153 174 77 14
a 153 154 71 53
a 154 173 34 67
a 154 153 88 12
a 154 174 42 54
a 154 175 52 19
a 154 155 91 76
a 155 174 83 95
a 155 154 62 99
a 155 175 99 10
a 155 176 98 23
a 155 156 67 4
a 156 175 93 1
a 156 155 38 58
a 156 176 15 80
a 156 177 60 31
a 156 157 100 66
a 157 176 7 71
a 157 156 30 47
a 157 177 90 33
a 157 178 45 62
a 157 158 95 85
a 158 177 12 65
a 158 157 76 42
a 158 178 10 83
a 158 179 65 2
a 158 159 9 73
a 159 178 88 68
a 159 158 90 5
a 159 179 73 79
a 159 180 66 67
a 159 160 97 69
a 160 179 89 7
a 160 159 3 71
a 160 180 33 12
a 161 181 90 44
a 161 182 62 27
a 161 162 43 74
a 162 181 69 87
a 162 161 90 40
a 162 182 59 97
a 162 183 59 10
a 162 163 49 42
a 163 182 64 95
a 163 162 95 72
a 163 183 94 57
a 163 184 22 86
a 163 164 2 87
a 164 183 45 100
a 164 163 9 16
a 164 184 47 42
a 164 185 51 49
a 164 165 91 85
a 165 184 65 77
a 165 164 10 68
a 165 185 35 17
a 165 186 48 42
a 165 166 38 1
a 166 185 54 29
a 166 165 67 82
a 166 186 86 55
a 166 187 16 51
a 166 167 72 17
a 167 186 27 96
a 167 166 78 73
a 167 187 2 47
a 167 188 76 48
a 167 168 66 60
a 168 187 6 85
a 168 167 64 30
a 168 188 19 86
a 168 189 77 37
a 168 169 6 29
a 169 188 6 52
a 169 168 88 72
a 169 189 77 74
a 169 190 82 53
a 169 170 88 85
a 170 189 20 40
a 170 169 84 13
a 170 190 63 78
a 170 191 29 87
a 170 171 36 28
a 171 190 5 89
a 171 170 19 14
a 171 191 2 11
a 171 192 83 50
a 171 172 34 80
a 172 191 87 82
a 172 171 42 39
a 172 192 34 9
a 172 193 39 37
a 172 173 56 54
a 173 192 21 68
a 173 172 70 14
a 173 193 85 99
a 173 194 73 20
a 173 174 63 21
a 174 193 10 71
a 174 173 62 84
a 174 194 17 69
a 174 195 24 9
a 174 175 32 64
a 175 194 21 14
a 175 174 27 13
a 175 195 95 13
a 175 196 74 20
a 175 176 52 77
a 176 195 39 75
a 176 175 1 79
a 176 196 34 44
a 176 197 83 50
a 176 177 95 50
a 177 196 100 24
a 177 176 56 8
a 177 197 83 57
a 177 198 48 32
a 177 178 54 63
a 178 197 48 59
a 178 177 30 27
a 178 198 48 34
a 178 199 33 30
a 178 179 43 55
a 179 198 43 72
a 179 178 88 22
a 179 199 18 8
a 179 200 88 78
a 179 180 81 42
a 180 199 62 36
a 180 179 7 5
a 180 200 16 58
a 181 201 38 96
a 181 202 41 21
a 181 182 15 14
a 182 201 85 61
a 182 181 29 95
a 182 202 45 86
a 182 203 7 35
a 182 183 12 77
a 183 202 58 80
a 183 182 1 61
a 183 203 8 32
a 183 204 36 92
a 183 184 79 95
a 184 203 8 22
a 184 183 25 15
a 184 204 56 52
a 184 205 34 73
a 184 185 19 67
a 185 204 100 33
a 185 184 21 64
a 185 205 31 42
a 185 206 3 48
a 185 186 30 28
a 186 205 38 69
a 186 185 84 87
a 186 206 29 96
a 186 207 72 29
a 186 187 30 29
a 187 206 69 85
a 187 186 48 41
a 187 207 58 71
a 187 208 66 79
a 187 188 15 36
a 188 207 75 19
a 188 187 96 6
a 188 208 21 53
a 188 209 34 56
a 188 189 4 45
a 189 208 9 100
a 189 188 50 80
a 189 209 50 19
a 189 210 25 45
a 189 190 58 19
a 190 209 53 99
a 190 189 87 20
a 190 210 28 8
a 190 211 29 68
a 190 191 59 51
a 191 210 6 41
a 191 190 80 44
a 191 211 72 85
a 191 212 33 88
a 191 192 84 90
a 192 211 16 40
a 192 191 5 56
a 192 212 50 93
a 192 213 50 82
a 192 193 80 46
a 193 212 58 21
a 193 192 55 44
a 193 213 25 69
a 193 214 48 48
a 193 194 71 83
a 194 213 59 24
a 194 193 89 72
a 194 214 34 42
a 194 215 8 23
a 194 195 77 12
a 195 214 56 70
a 195 194 74 9
a 195 215 34 79
a 195 216 7 90
a 195 196 6 38
a 196 215 15 6
a 196 195 27 20
a 196 216 50 13
a 196 217 12 2
a 196 197 68 87
a 197 216 24 64
a 197 196 26 5
a 197 217 86 5
a 197 218 70 37
a 197 198 96 59
a 198 217 85 34
a 198 197 62 81
a 198 218 90 48
a 198 219 96 66
a 198 199 9 33
a 199 218 40 50
a 199 198 97 78
a 199 219 21 23
a 199 220 55 5
a 199 200 26 88
a 200 219 17 11
a 200 199 83 6
a 200 220 12 79
a 201 221 60 64
a 201 222 23 34
a 201 202 83 78
a 202 221 41 6
a 202 201 22 24
a 202 222 49 85
a 202 223 58 80
a 202 203 96 35
a 203 222 46 98
a 203 202 14 13
a 203 223 62 35
a 203 224 15 22
a 203 204 5 60
a 204 223 95 31
a 204 203 37 53
a 204 224 73 74
a 204 225 19 98
a 204 205 86 55
a 205 224 29 36
a 205 204 44 40
a 205 225 65 89
a 205 226 90 17
a 205 206 9 38
a 206 225 79 12
a 206 205 19 89
a 206 226 27 71
a 206 227 36 35
a 206 207 56 82
a 207 226 84 60
a 207 206 24 76
a 207 227 70 54
a 207 228 53 94
a 207 208 11 69
a 208 227 82 39
a 208 207 20 8
a 208 228 48 40
a 208 229 93 49
a 208 209 29 59
a 209 228 8 63
a 209 208 24 64
a 209 229 72 29
a 209 230 15 92
a 209 210 64 4
a 210 229 63 46
a 210 209 47 78
a 210 230 62 88
a 210 231 49 89
a 210 211 63 71
a 211 230 8 18
a 211 210 43 75
a 211 231 30 87
a 211 232 63 21
a 211 212 28 85
a 212 231 11 92
a 212 211 16 60
a 212 232 14 82
a 212 233 27 29
a 212 213 79 16
a 213 232 89 65
a 213 212 60 66
a 213 233 7 20
a 213 234 93 57
a 213 214 19 89
a 214 233 49 80
a 214 213 19 30
a 214 234 30 93
a 214 235 92 80
a 214 215 27 84
a 215 234 17 59
a 215 214 91 78
a 215 235 73 24
a 215 236 40 56
a 215 216 94 29
a 216 235 14 36
a 216 215 68 67
a 216 236 99 73
a 216 237 70 3
a 216 217 16 39
a 217 236 48 43
a 217 216 97 86
a 217 237 62 11
a 217 238 18 44
a 217 218 29 91
a 218 237 10 1
a 218 217 16 37
a 218 238 74 59
a 218 239 43 8
a 218 219 64 84
a 219 238 99 17
a 219 218 84 23
a 219 239 5 81
a 219 240 95 65
a 219 220 70 4
a 220 239 11 60
a 220 219 63 34
a 220 240 77 89
a 221 241 59 46
a 221 242 80 32
a 221 222 82 38
a 222 241 13 80
a 222 221 89 53
a 222 242 55 27
a 222 243 73 84
a 222 223 64 51
a 223 242 88 45
a 223 222 98 58
a 223 243 27 52
a 223 244 42 60
a 223 224 65 50
a 224 243 59 42
a 224 223 97 70
a 224 244 75 17
a 224 245 33 64
a 224 225 83 42
a 225 244 59 78
a 225 224 64 40
a 225 245 40 69
a 225 246 31 72
a 225 226 15 51
a 226 245 1 44
a 226 225 48 61
a 226 246 99 76
a 226 247 59 56
a 226 227 59 15
a 227 246 37 40
a 227 226 99 28
a 227 247 74 45
a 227 248 12 1
a 227 228 84 51
a 228 247 67 60
a 228 227 63 70
a 228 248 11 99
a 228 249 58 84
a 228 229 64 28
a 229 248 3 45
a 229 228 7 92
a 229 249 67 28
a 229 250 84 65
a 229 230 33 56
a 230 249 65 5
a 230 229 45 68
a 230 250 56 79
a 230 251 57 40
a 230 231 64 14
a 231 250 20 9
a 231 230 65 57
a 231 251 59 71
a 231 252 10 87
a 231 232 78 33
a 232 251 69 18
a 232 231 43 99
a 232 252 10 12
a 232 253 17 48
a 232 233 28 25
a 233 252 36 64
a 233 232 1 8
a 233 253 5 40
a 233 254 85 90
a 233 234 75 58
a 234 253 43 28
a 234 233 10 44
a 234 254 32 86
a 234 255 67 32
a 234 235 97 29
a 235 254 75 86
a 235 234 35 46
a 235 255 76 1
a 235 256 30 33
a 235 236 7 53
a 236 255 75 92
a 236 235 77 70
a 236 256 4 22
a 236 257 62 70
a 236 237 98 21
a 237 256 27 89
a 237 236 93 39
a 237 257 44 58
a 237 258 21 21
a 237 238 82 90
a 238 257 68 20
a 238 237 27 89
a 238 258 45 13
a 238 259 89 42
a 238 239 39 74
a 239 258 84 65
a 239 238 58 19
a 239 259 12 51
a 239 260 52 68
a 239 240 18 69
a 240 259 4 92
a 240 239 59 29
a 240 260 18 67
a 241 261 68 53
a 241 262 27 53
a 241 242 85 96
a 242 261 98 50
a 242 241 85 60
a 242 262 16 66
a 242 263 43 74
a 242 243 25 38
a 243 262 31 97
a 243 242 21 57
a 243 263 88 17
a 243 264 58 38
a 243 244 47 44
a 244 263 27 91
a 244 243 57 15
a 244 264 86 19
a 244 265 77 63
a 244 245 62 14
a 245 264 20 32
a 245 244 61 37
a 245 265 38 10
a 245 266 78 57
a 245 246 66 67
a 246 265 51 28
a 246 245 82 77
a 246 266 62 63
a 246 267 74 88
a 246 247 18 11
a 247 266 24 13
a 247 246 97 7
a 247 267 25 58
a 247 268 40 80
a 247 248 19 87
a 248 267 71 16
a 248 247 66 34
a 248 268 23 46
a 248 269 76 87
a 248 249 2 10
a 249 268 57 50
a 249 248 67 21
a 249 269 72 85
a 249 270 51 3
a 249 250 74 75
a 250 269 76 41
a 250 249 57 27
a 250 270 16 19
a 250 271 92 7
a 250 251 30 50
a 251 270 82 88
a 251 250 53 76
a 251 271 32 47
a 251 272 66 21
a 251 252 97 87
a 252 271 41 90
a 252 251 45 22
a 252 272 15 5
a 252 273 98 89
a 252 253 52 79
a 253 272 51 39
a 253 252 36 46
a 253 273 2 30
a 253 274 36 4
a 253 254 74 6
a 254 273 98 33
a 254 253 22 20
a 254 274 89 97
a 254 275 38 15
a 254 255 20 61
a 255 274 11 33
a 255 254 78 12
a 255 275 18 36
a 255 276 9 39
a 255 256 82 37
a 256 275 16 43
a 256 255 30 23
a 256 276 41 7
a 256 277 91 10
a 256 257 76 16
a 257 276 75 74
a 257 256 45 16
a 257 277 76 42
a 257 278 70 32
a 257 258 7 37
a 258 277 14 51
a 258 257 36 95
a 258 278 90 77
a 258 279 15 15
a 258 259 31 29
a 259 278 98 98
a 259 258 51 93
a 259 279 99 76
a 259 280 49 100
a 259 260 21 31
a 260 279 96 25
a 260 259 14 39
a 260 280 28 41
a 261 281 78 30
a 261 282 85 67
a 261 262 80 41
a 262 281 68 84
a 262 261 3 88
a 262 282 60 87
a 262 283 21 76
a 262 263 10 37
a 263 282 68 46
a 263 262 38 23
a 263 283 5 37
a 263 284 27 64
a 263 264 6 36
a 264 283 8 19
a 264 263 15 38
a 264 284 65 18
a 264 285 98 67
a 264 265 61 76
a 265 284 57 16
a 265 264 10 41
a 265 285 93 40
a 265 286 24 40
a 265 266 28 46
a 266 285 82 20
a 266 265 6 18
a 266 286 36 20
a 266 287 97 71
a 266 267 86 56
a 267 286 80 7
a 267 266 54 28
a 267 287 36 27
a 267 288 65 36
a 267 268 83 43
a 268 287 2 98
a 268 267 21 26
a 268 288 76 25
a 268 289 20 43
a 268 269 99 95
a 269 288 15 31
a 269 268 11 14
a 269 289 23 47
a 269 290 33 36
a 269 270 95 73
a 270 289 51 48
a 270 269 62 75
a 270 290 43 70
a 270 291 55 45
a 270 271 92 70
a 271 290 33 9
a 271 270 41 30
a 271 291 49 30
a 271 292 10 83
a 271 272 81 97
a 272 291 92 21
a 272 271 79 79
a 272 292 5 66
a 272 293 15 19
a 272 273 30 16
a 273 292 22 48
a 273 272 7 4
a 273 293 28 100
a 273 294 41 44
a 273 274 49 5
a 274 293 34 82
a 274 273 28 61
a 274 294 81 11
a 274 295 40 21
a 274 275 96 82
a 275 294 77 58
a 275 274 60 80
a 275 295 31 11
a 275 296 32 53
a 275 276 35 15
a 276 295 83 23
a 276 275 19 84
a 276 296 68 4
a 276 297 59 50
a 276 277 59 2
a 277 296 29 30
a 277 276 94 54
a 277 297 17 27
a 277 298 70 49
a 277 278 44 90
a 278 297 61 99
a 278 277 43 22
a 278 298 34 82
a 278 299 65 6
a 278 279 52 60
a 279 298 77 72
a 279 278 10 49
a 279 299 9 88
a 279 300 7 95
a 279 280 53 90
a 280 299 66 41
a 280 279 20 5
a 280 300 34 27
a 281 301 38 75
a 281 302 41 100
a 281 282 38 98
a 282 301 87 38
a 282 281 27 17
a 282 302 50 11
a 282 303 15 45
a 282 283 72 16
a 283 302 55 72
a 283 282 77 51
a 283 303 46 24
a 283 304 40 94
a 283 284 8 34
a 284 303 93 96
a 284 283 94 1
a 284 304 93 89
a 284 305 85 29
a 284 285 33 49
a 285 304 33 68
a 285 284 60 70
a 285 305 45 23
a 285 306 45 45
a 285 286 57 96
a 286 305 86 40
a 286 285 96 9
a 286 306 36 79
a 286 307 11 57
a 286 287 99 65
a 287 306 58 95
a 287 286 85 11
a 287 307 90 87
a 287 308 46 87
a 287 288 5 9
a 288 307 11 19
a 288 287 7 5
a 288 308 14 52
a 288 309 73 61
a 288 289 14 94
a 289 308 32 90
a 289 288 84 34
a 289 309 20 45
a 289 310 78 39
a 289 290 3 95
a 290 309 51 88
a 290 289 5 5
a 290 310 48 23
a 290 311 61 34
a 290 291 26 54
a 291 310 46 23
a 291 290 34 50
a 291 311 61 8
a 291 312 19 65
a 291 292 88 45
a 292 311 66 21
a 292 291 80 68
a 292 312 84 52
a 292 313 39 6
a 292 293 75 91
a 293 312 28 93
a 293 292 30 75
a 293 313 84 32
a 293 314 5 54
a 293 294 87 47
a 294 313 42 67
a 294 293 84 79
a 294 314 35 58
a 294 315 31 34
a 294 295 80 39
a 295 314 36 24
a 295 294 52 39
a 295 315 29 53
a 295 316 4 40
a 295 296 97 7
a 296 315 16 17
a 296 295 11 20
a 296 316 67 1
a 296 317 11 16
a 296 297 74 38
a 297 316 12 33
a 297 296 20 51
a 297 317 55 17
a 297 318 97 64
a 297 298 92 94
a 298 317 49 82
a 298 297 39 18
a 298 318 52 26
a 298 319 2 33
a 298 299 41 22
a 299 318 62 3
a 299 298 16 3
a 299 319 83 55
a 299 320 89 3
a 299 300 15 98
a 300 319 83 39
a 300 299 19 69
a 300 320 65 33
a 301 321 60 93
a 301 322 84 75
a 301 302 36 97
a 302 321 58 72
a 302 301 92 95
a 302 322 71 48
a 302 323 96 42
a 302 303 43 24
a 303 322 35 12
a 303 302 92 24
a 303 323 77 67
a 303 324 10 93
a 303 304 2 24
a 304 323 40 3
a 304 303 4 91
a 304 324 25 35
a 304 325 22 91
a 304 305 97 23
a 305 324 93 35
a 305 304 91 15
a 305 325 67 64
a 305 326 44 77
a 305 306 94 85
a 306 325 46 96
a 306 305 43 69
a 306 326 11 85
a 306 327 97 31
a 306 307 4 14
a 307 326 62 47
a 307 306 94 20
a 307 327 13 18
a 307 328 72 55
a 307 308 76 88
a 308 327 35 45
a 308 307 9 63
a 308 328 44 48
a 308 329 56 27
a 308 309 44 3
a 309 328 25 17
a 309 308 46 51
a 309 329 38 1
a 309 330 97 89
a 309 310 55 8
a 310 329 52 44
a 310 309 86 88
a 310 330 49 49
a 310 331 4 30
a 310 311 2 59
a 311 330 4 86
a 311 310 27 96
a 311 331 37 13
a 311 332 80 59
a 311 312 4 21
a 312 331 22 80
a 312 311 97 67
a 312 332 79 69
a 312 333 20 46
a 312 313 59 36
a 313 332 74 21
a 313 312 74 73
a 313 333 54 5
a 313 334 15 67
a 313 314 29 12
a 314 333 39 95
a 314 313 62 14
a 314 334 52 96
a 314 335 76 14
a 314 315 1 67
a 315 334 57 15
a 315 314 35 39
a 315 335 90 58
a 315 336 56 86
a 315 316 77 23
a 316 335 32 62
a 316 315 63 99
a 316 336 58 30
a 316 337 18 71
a 316 317 87 21
a 317 336 66 48
a 317 316 54 77
a 317 337 36 40
a 317 338 62 74
a 317 318 63 90
a 318 337 65 10
a 318 317 41 31
a 318 338 89 76
a 318 339 51 35
a 318 319 47 61
a 319 338 13 44
a 319 318 89 67
a 319 339 5 13
a 319 340 44 87
a 319 320 98 15
a 320 339 66 7
a 320 319 28 85
a 320 340 13 79
a 321 341 95 93
a 321 342 38 60
a 321 322 38 8
a 322 341 10 14
a 322 321 91 39
a 322 342 11 92
a 322 343 69 37
a 322 323 54 32
a 323 342 97 56
a 323 322 17 64
a 323 343 69 76
a 323 344 12 11
a 323 324 94 59
a 324 343 54 13
a 324 323 2 60
a 324 344 66 66
a 324 345 48 7
a 324 325 95 80
a 325 344 92 73
a 325 324 74 44
a 325 345 27 73
a 325 346 2 30
a 325 326 39 6
a 326 345 7 37
a 326 325 91 53
a 326 346 56 20
a 326 347 83 91
a 326 327 98 48
a 327 346 91 77
a 327 326 14 76
a 327 347 58 88
a 327 348 62 70
a 327 328 6 24
a 328 347 58 30
a 328 327 87 4
a 328 348 30 64
a 328 349 25 63
a 328 329 77 10
a 329 348 66 66
a 329 328 40 92
a 329 349 65 10
a 329 350 19 92
a 329 330 30 11
a 330 349 81 92
a 330 329 44 47
a 330 350 3 98
a 330 351 85 90
a 330 331 26 7
a 331 350 25 14
a 331 330 26 72
a 331 351 72 14
a 331 352 70 85
a 331 332 89 91
a 332 351 37 45
a 332 331 98 42
a 332 352 86 27
a 332 353 62 11
a 332 333 53 23
a 333 352 19 96
a 333 332 23 100
a 333 353 49 27
a 333 354 40 98
a 333 334 99 25
a 334 353 48 49
a 334 333 53 10
a 334 354 51 64
a 334 355 62 62
a 334 335 18 92
a 335 354 16 11
a 335 334 40 70
a 335 355 98 58
a 335 356 1 16
a 335 336 30 28
a 336 355 47 97
a 336 335 6 77
a 336 356 14 35
a 336 357 46 28
a 336 337 30 45
a 337 356 79 86
a 337 336 85 23
a 337 357 2 5
a 337 358 18 77
a 337 338 19 85
a 338 357 2 73
a 338 337 49 54
a 338 358 41 5
a 338 359 23 69
a 338 339 17 88
a 339 358 54 53
a 339 338 32 14
a 339 359 46 38
a 339 360 28 55
a 339 340 55 41
a 340 359 76 1
a 340 339 22 92
a 340 360 81 74
a 341 361 68 57
a 341 362 26 83
a 341 342 35 30
a 342 361 14 8
a 342 341 47 83
a 342 362 21 62
a 342 363 97 19
a 342 343 22 7
a 343 362 64 94
a 343 342 56 10
a 343 363 20 28
a 343 364 87 38
a 343 344 48 48
a 344 363 47 93
a 344 343 28 20
a 344 364 96 94
a 344 365 88 80
a 344 345 28 23
a 345 364 32 6
a 345 344 18 45
a 345 365 76 92
a 345 366 15 98
a 345 346 68 49
a 346 365 48 57
a 346 345 94 91
a 346 366 84 98
a 346 367 8 3
a 346 347 24 37
a 347 366 58 96
a 347 346 37 69
a 347 367 60 17
a 347 368 98 34
a 347 348 97 17
a 348 367 15 16
a 348 347 100 20
a 348 368 93 87
a 348 369 71 52
a 348 349 4 36
a 349 368 15 59
a 349 348 67 30
a 349 369 91 28
a 349 370 55 57
a 349 350 53 50
a 350 369 67 84
a 350 349 60 80
a 350 370 89 18
a 350 371 63 100
a 350 351 18 16
a 351 370 50 59
a 351 350 24 90
a 351 371 11 53
a 351 372 45 28
a 351 352 73 46
a 352 371 7 76
a 352 351 22 64
a 352 372 86 21
a 352 373 18 98
a 352 353 50 40
a 353 372 28 38
a 353 352 16 71
a 353 373 49 94
a 353 374 36 46
a 353 354 40 36
a 354 373 26 30
a 354 353 69 52
a 354 374 25 38
a 354 375 23 85
a 354 355 28 73
a 355 374 24 16
a 355 354 56 62
a 355 375 7 5
a 355 376 31 91
a 355 356 42 19
a 356 375 96 45
a 356 355 29 2
a 356 376 43 33
a 356 377 43 9
a 356 357 72 36
a 357 376 12 78
a 357 356 8 89
a 357 377 98 95
a 357 378 89 27
a 357 358 98 98
a 358 377 40 45
a 358 357 6 29
a 358 378 56 63
a 358 379 72 9
a 358 359 97 56
a 359 378 64 4
a 359 358 18 30
a 359 379 83 11
a 359 380 24 99
a 359 360 78 53
a 360 379 49 1
a 360 359 39 10
a 360 380 26 56
a 361 381 71 67
a 361 382 25 9
a 361 362 68 51
a 362 381 51 95
a 362 361 81 65
a 362 382 22 46
a 362 383 9 77
a 362 363 87 27
a 363 382 29 77
a 363 362 62 3
a 363 383 27 52
a 363 384 63 1
a 363 364 28 58
a 364 383 78 75
a 364 363 33 47
a 364 384 62 1
a 364 385 49 10
a 364 365 71 24
a 365 384 19 54
a 365 364 30 50
a 365 385 15 36
a 365 386 14 47
a 365 366 72 8
a 366 385 18 66
a 366 365 10 58
a 366 386 51 66
a 366 387 97 2
a 366 367 87 3
a 367 386 10 100
a 367 366 39 5
a 367 387 29 65
a 367 388 57 6
a 367 368 29 39
a 368 387 83 97
a 368 367 16 80
a 368 388 9 39
a 368 389 11 6
a 368 369 53 67
a 369 388 99 87
a 369 368 58 19
a 369 389 65 16
a 369 390 70 61
a 369 370 48 88
a 370 389 30 84
a 370 369 33 62
a 370 390 69 15
a 370 391 96 21
a 370 371 87 52
a 371 390 98 94
a 371 370 16 99
a 371 391 98 32
a 371 392 44 38
a 371 372 78 47
a 372 391 71 49
a 372 371 70 89
a 372 392 27 99
a 372 393 88 9
a 372 373 70 91
a 373 392 33 67
a 373 372 54 89
a 373 393 20 94
a 373 394 11 81
a 373 374 5 99
a 374 393 25 27
a 374 373 20 30
a 374 394 54 74
a 374 395 15 26
a 374 375 39 91
a 375 394 54 7
a 375 374 35 21
a 375 395 46 31
a 375 396 45 86
a 375 376 58 58
a 376 395 32 40
a 376 375 100 30
a 376 396 29 46
a 376 397 11 35
a 376 377 9 84
a 377 396 93 6
a 377 376 48 99
a 377 397 87 57
a 377 398 82 50
a 377 378 32 59
a 378 397 82 5
a 378 377 24 58
a 378 398 89 39
a 378 399 55 65
a 378 379 40 15
a 379 398 60 80
a 379 378 54 5
a 379 399 64 6
a 379 400 29 87
a 379 380 14 93
a 380 399 4 59
a 380 379 24 87
a 380 400 23 3
