p sp 902 4236
n 0 s
n 901 t
a 0 1 65 57
a 0 2 31 22
a 0 3 73 59
a 0 4 32 32
a 0 5 54 1
a 0 6 55 91
a 0 7 83 58
a 0 8 29 9
a 0 9 3 30
a 0 10 84 76
a 0 11 59 2
a 0 12 69 61
a 0 13 80 48
a 0 14 16 66
a 0 15 100 60
a 0 16 68 22
a 0 17 52 34
a 0 18 89 14
a 0 19 40 97
a 0 20 79 33
a 0 21 98 57
a 0 22 89 24
a 0 23 25 51
a 0 24 91 48
a 0 25 18 87
a 0 26 19 73
a 0 27 90 62
a 0 28 41 97
a 0 29 60 29
a 0 30 82 43
a 871 901 87 41
a 872 901 48 98
a 873 901 63 6
a 874 901 4 37
a 875 901 16 48
a 876 901 18 17
a 877 901 91 1
a 878 901 44 73
a 879 901 53 21
a 880 901 10 26
a 881 901 23 95
a 882 901 54 81
a 883 901 48 97
a 884 901 60 14
a 885 901 15 47
a 886 901 27 2
a 887 901 21 25
a 888 901 11 44
a 889 901 11 7
a 890 901 42 45
a 891 901 89 7
a 892 901 13 39
a 893 901 73 19
a 894 901 8 56
a 895 901 63 80
a 896 901 30 73
a 897 901 71 62
a 898 901 80 34
a 899 901 57 74
a 900 901 77 43
a 1 31 62 30
a 1 32 51 54
a 2 31 31 96
a 2 32 89 99
a 2 33 27 99
a 3 32 24 45
a 3 33 59 79
a 3 34 69 20
a 4 33 81 92
a 4 34 21 76
a 4 35 39 53
a 5 34 48 30
a 5 35 17 38
a 5 36 35 65
a 6 35 81 81
a 6 36 1 93
a 6 37 40 34
a 7 36 62 92
a 7 37 90 51
a 7 38 39 33
a 8 37 48 32
a 8 38 46 33
a 8 39 14 2
a 9 38 5 92
a 9 39 79 35
a 9 40 86 34
a 10 39 89 83
a 10 40 66 96
a 10 41 38 38
a 11 40 5 55
a 11 41 88 6
a 11 42 79 44
a 12 41 98 59
a 12 42 55 89
a 12 43 84 26
a 13 42 36 19
a 13 43 54 27
a 13 44 28 49
a 14 43 34 79
a 14 44 26 82
a 14 45 66 90
a 15 44 76 72
a 15 45 100 58
a 15 46 43 73
a 16 45 37 70
a 16 46 20 63
a 16 47 98 22
a 17 46 23 91
a 17 47 60 92
a 17 48 67 82
a 18 47 74 47
a 18 48 36 28
a 18 49 64 64
a 19 48 73 18
a 19 49 35 27
a 19 50 78 75
a 20 49 95 96
a 20 50 35 56
a 20 51 10 75
a 21 50 12 50
a 21 51 3 5
a 21 52 33 25
a 22 51 35 33
a 22 52 61 7
a 22 53 57 39
a 23 52 14 21
a 23 53 69 4
a 23 54 39 18
a 24 53 38 79
a 24 54 82 18
a 24 55 37 57
a 25 54 59 87
a 25 55 1 48
a 25 56 63 96
a 26 55 30 22
a 26 56 43 75
a 26 57 95 84
a 27 56 23 29
a 27 57 63 70
a 27 58 97 55
a 28 57 49 55
a 28 58 99 20
a 28 59 79 65
a 29 58 62 62
a 29 59 85 8
a 29 60 43 59
a 30 59 80 86
a 30 60 100 22
a 31 61 81 8
a 31 62 4 26
a 31 32 44 97
a 32 61 58 43
a 32 31 30 92
a 32 62 27 47
a 32 63 83 73
a 32 33 80 85
a 33 62 49 87
a 33 32 28 6
a 33 63 46 93
a 33 64 84 40
a 33 34 61 55
a 34 63 68 100
a 34 33 48 96
a 34 64 62 7
a 34 65 6 82
a 34 35 37 49
a 35 64 24 14
a 35 34 28 27
a 35 65 15 83
a 35 66 94 60
a 35 36 53 62
a 36 65 21 58
a 36 35 85 4
a 36 66 75 75
a 36 67 13 36
a 36 37 85 91
a 37 66 53 47
a 37 36 57 1
a 37 67 53 98
a 37 68 92 82
a 37 38 17 12
a 38 67 35 30
a 38 37 55 17
a 38 68 82 94
a 38 69 15 62
a 38 39 17 78
a 39 68 30 66
a 39 38 13 33
a 39 69 36 91
a 39 70 5 87
a 39 40 87 91
a 40 69 50 100
a 40 39 81 22
a 40 70 13 62
a 40 71 35 85
a 40 41 2 53
a 41 70 18 24
a 41 40 94 39
a 41 71 63 41
a 41 72 58 73
a 41 42 61 49
a 42 71 31 15
a 42 41 38 85
a 42 72 67 48
a 42 73 27 82
a 42 43 6 95
a 43 72 78 65
a 43 42 42 74
a 43 73 83 94
a 43 74 89 36
a 43 44 51 48
a 44 73 16 10
a 44 43 32 7
a 44 74 37 73
a 44 75 81 94
a 44 45 47 96
a 45 74 18 32
a 45 44 3 94
a 45 75 46 34
a 45 76 23 40
a 45 46 21 54
a 46 75 73 37
a 46 45 64 23
a 46 76 61 78
a 46 77 88 1
a 46 47 9 41
a 47 76 95 60
a 47 46 23 41
a 47 77 19 81
a 47 78 34 21
a 47 48 13 73
a 48 77 41 83
a 48 47 18 91
a 48 78 76 15
a 48 79 16 17
a 48 49 53 100
a 49 78 63 67
a 49 48 16 59
a 49 79 23 92
a 49 80 96 92
a 49 50 59 41
a 50 79 56 87
a 50 49 52 52
a 50 80 58 56
a 50 81 64 98
a 50 51 83 22
a 51 80 7 5
a 51 50 73 29
a 51 81 56 34
a 51 82 63 6
a 51 52 37 59
a 52 81 77 10
a 52 51 60 53
a 52 82 85 80
a 52 83 10 28
a 52 53 57 27
a 53 82 73 39
a 53 52 68 5
a 53 83 91 92
a 53 84 33 25
a 53 54 59 2
a 54 83 69 8
a 54 53 19 15
a 54 84 54 58
a 54 85 80 52
a 54 55 40 32
a 55 84 10 87
a 55 54 20 31
a 55 85 77 59
a 55 86 53 60
a 55 56 93 16
a 56 85 78 84
a 56 55 73 88
a 56 86 39 42
a 56 87 22 93
a 56 57 52 76
a 57 86 63 92
a 57 56 44 87
a 57 87 54 82
a 57 88 68 32
a 57 58 3 55
a 58 87 34 43
a 58 57 69 41
a 58 88 85 10
a 58 89 65 99
a 58 59 7 71
a 59 88 31 63
a 59 58 87 43
a 59 89 8 30
a 59 90 54 21
a 59 60 15 6
a 60 89 28 75
a 60 59 56 18
a 60 90 67 31
a 61 91 2 62
a 61 92 87 97
a 61 62 29 18
a 62 91 79 17
a 62 61 15 14
a 62 92 65 93
a 62 93 9 36
a 62 63 89 22
a 63 92 62 30
a 63 62 70 8
a 63 93 53 69
a 63 94 61 75
a 63 64 72 60
a 64 93 72 12
a 64 63 27 66
a 64 94 16 73
a 64 95 24 8
a 64 65 24 58
a 65 94 53 92
a 65 64 97 53
a 65 95 69 49
a 65 96 34 93
a 65 66 96 81
a 66 95 49 31
a 66 65 41 68
a 66 96 53 42
a 66 97 94 11
a 66 67 79 45
a 67 96 54 54
a 67 66 44 91
a 67 97 100 86
a 67 98 77 79
a 67 68 9 43
a 68 97 34 2
a 68 67 32 2
a 68 98 53 63
a 68 99 97 39
a 68 69 2 49
a 69 98 59 99
a 69 68 96 16
a 69 99 68 69
a 69 100 3 41
a 69 70 15 99
a 70 99 46 88
a 70 69 34 100
a 70 100 33 61
a 70 101 82 48
a 70 71 87 87
a 71 100 79 92
a 71 70 69 18
a 71 101 1 52
a 71 102 35 3
a 71 72 65 95
a 72 101 12 6
a 72 71 46 99
a 72 102 78 56
a 72 103 95 46
a 72 73 65 59
a 73 102 53 57
a 73 72 4 75
a 73 103 23 3
a 73 104 26 58
a 73 74 26 98
a 74 103 58 92
a 74 73 88 10
a 74 104 18 82
a 74 105 88 42
a 74 75 66 53
a 75 104 95 26
a 75 74 65 96
a 75 105 64 75
a 75 106 78 51
a 75 76 54 18
a 76 105 85 66
a 76 75 76 88
a 76 106 70 22
a 76 107 48 46
a 76 77 71 82
a 77 106 95 50
a 77 76 69 74
a 77 107 2 81
a 77 108 96 49
a 77 78 27 33
a 78 107 35 54
a 78 77 13 14
a 78 108 64 43
a 78 109 41 24
a 78 79 70 33
a 79 108 9 58
a 79 78 69 7
a 79 109 11 98
a 79 110 3 57
a 79 80 99 78
a 80 109 88 36
a 80 79 42 53
a 80 110 21 13
a 80 111 23 46
a 80 81 51 88
a 81 110 31 46
a 81 80 50 12
a 81 111 50 82
a 81 112 97 70
a 81 82 70 78
a 82 111 20 70
a 82 81 40 81
a 82 112 73 5
a 82 113 74 97
a 82 83 93 72
a 83 112 62 38
a 83 82 58 53
a 83 113 62 75
a 83 114 66 46
a 83 84 97 8
a 84 113 83 47
a 84 83 7 8
a 84 114 75 93
a 84 115 69 68
a 84 85 36 29
a 85 114 19 17
a 85 84 57 59
a 85 115 59 67
a 85 116 31 97
a 85 86 18 38
a 86 115 2 7
a 86 85 91 82
a 86 116 12 89
a 86 117 80 92
a 86 87 44 11
a 87 116 70 32
a 87 86 89 85
a 87 117 69 10
a 87 118 90 16
a 87 88 28 80
a 88 117 30 82
a 88 87 11 69
a 88 118 41 58
a 88 119 38 77
a 88 89 13 75
a 89 118 15 86
a 89 88 87 11
a 89 119 53 67
a 89 120 6 91
a 89 90 71 39
a 90 119 63 34
a 90 89 32 89
a 90 120 92 55
a 91 121 21 72
a 91 122 62 33
a 91 92 30 90
a 92 121 62 99
a 92 91 94 62
a 92 122 91 45
a 92 123 77 14
a 92 93 30 62
a 93 122 4 15
a 93 92 8 50
a 93 123 55 64
a 93 124 93 40
a 93 94 92 42
a 94 123 22 58
a 94 93 81 32
a 94 124 20 9
a 94 125 20 53
a 94 95 20 25
a 95 124 30 3
a 95 94 92 64
a 95 125 21 75
a 95 126 72 63
a 95 96 92 75
a 96 125 98 43
a 96 95 54 50
a 96 126 84 94
a 96 127 83 86
a 96 97 72 79
a 97 126 55 40
a 97 96 18 55
a 97 127 11 35
a 97 128 30 22
a 97 98 33 3
a 98 127 24 14
a 98 97 90 22
a 98 128 80 7
a 98 129 60 2
a 98 99 28 64
a 99 128 83 43
a 99 98 22 14
a 99 129 64 23
a 99 130 25 74
a 99 100 20 56
a 100 129 47 93
a 100 99 83 32
a 100 130 15 81
a 100 131 56 85
a 100 101 84 19
a 101 130 41 8
a 101 100 34 14
a 101 131 1 92
a 101 132 23 70
a 101 102 62 1
a 102 131 87 80
a 102 101 74 67
a 102 132 81 10
a 102 133 78 29
a 102 103 49 98
a 103 132 6 74
a 103 102 62 30
a 103 133 16 48
a 103 134 41 80
a 103 104 47 27
a 104 133 13 12
a 104 103 32 85
a 104 134 86 27
a 104 135 3 36
a 104 105 48 21
a 105 134 88 6
a 105 104 9 64
a 105 135 42 42
a 105 136 15 40
a 105 106 98 2
a 106 135 61 79
a 106 105 85 77
a 106 136 86 50
a 106 137 31 58
a 106 107 87 61
a 107 136 40 15
a 107 106 42 84
a 107 137 77 70
a 107 138 51 35
a 107 108 40 63
a 108 137 100 94
a 108 107 9 79
a 108 138 49 6
a 108 139 1 72
a 108 109 1 95
a 109 138 14 29
a 109 108 37 59
a 109 139 9 12
a 109 140 78 80
a 109 110 72 67
a 110 139 99 30
a 110 109 50 13
a 110 140 45 40
a 110 141 28 47
a 110 111 82 97
a 111 140 12 32
a 111 110 81 23
a 111 141 90 77
a 111 142 20 96
a 111 112 84 41
a 112 141 46 81
a 112 111 26 93
a 112 142 16 60
a 112 143 74 88
a 112 113 58 61
a 113 142 42 63
a 113 112 7 53
a 113 143 11 48
a 113 144 68 100
a 113 114 14 24
a 114 143 51 25
a 114 113 91 79
a 114 144 17 56
a 114 145 87 8
a 114 115 22 37
a 115 144 48 95
a 115 114 30 44
a 115 145 75 4
a 115 146 83 77
a 115 116 23 88
a 116 145 3 60
a 116 115 53 38
a 116 146 68 17
a 116 147 82 40
a 116 117 22 11
a 117 146 79 57
a 117 116 58 28
a 117 147 93 53
a 117 148 91 67
a 117 118 10 92
a 118 147 11 61
a 118 117 83 47
a 118 148 33 4
a 118 149 84 100
a 118 119 18 42
a 119 148 6 21
a 119 118 95 66
a 119 149 98 52
a 119 150 21 22
a 119 120 91 94
a 120 149 52 6
a 120 119 58 14
a 120 150 70 32
a 121 151 46 53
a 121 152 8 90
a 121 122 46 73
a 122 151 42 52
a 122 121 42 3
a 122 152 76 26
a 122 153 2 98
a 122 123 9 87
a 123 152 54 85
a 123 122 4 95
a 123 153 65 85
a 123 154 20 68
a 123 124 66 41
a 124 153 80 72
a 124 123 56 35
a 124 154 16 63
a 124 155 2 100
a 124 125 50 57
a 125 154 1 39
a 125 124 61 10
a 125 155 46 98
a 125 156 34 14
a 125 126 40 62
a 126 155 32 76
a 126 125 36 11
a 126 156 18 26
a 126 157 33 81
a 126 127 35 84
a 127 156 63 42
a 127 126 9 75
a 127 157 8 39
a 127 158 100 60
a 127 128 93 85
a 128 157 91 1
a 128 127 71 22
a 128 158 98 40
a 128 159 61 97
a 128 129 43 80
a 129 158 35 60
a 129 128 26 85
a 129 159 66 69
a 129 160 55 77
a 129 130 15 80
a 130 159 55 88
a 130 129 18 39
a 130 160 67 32
a 130 161 91 76
a 130 131 30 51
a 131 160 91 64
a 131 130 59 78
a 131 161 89 25
a 131 162 78 8
a 131 132 69 71
a 132 161 23 87
a 132 131 99 52
a 132 162 68 51
a 132 163 25 3
a 132 133 21 29
a 133 162 62 37
a 133 132 51 58
a 133 163 7 15
a 133 164 3 10
a 133 134 64 12
a 134 163 26 12
a 134 133 48 82
a 134 164 8 88
a 134 165 35 90
a 134 135 76 48
a 135 164 40 33
a 135 134 15 40
a 135 165 31 58
a 135 166 58 21
a 135 136 29 97
a 136 165 64 97
a 136 135 47 22
a 136 166 49 9
a 136 167 82 100
a 136 137 24 95
a 137 166 72 85
a 137 136 67 31
a 137 167 96 78
a 137 168 84 58
a 137 138 84 51
a 138 167 46 15
a 138 137 8 34
a 138 168 66 62
a 138 169 36 66
a 138 139 72 18
a 139 168 18 100
a 139 138 50 3
a 139 169 30 77
a 139 170 83 45
a 139 140 47 94
a 140 169 38 56
a 140 139 26 69
a 140 170 38 13
a 140 171 83 41
a 140 141 58 61
a 141 170 16 65
a 141 140 82 97
a 141 171 47 50
a 141 172 44 39
a 141 142 97 64
a 142 171 78 9
a 142 141 40 31
a 142 172 61 99
a 142 173 53 35
a 142 143 14 30
a 143 172 34 77
a 143 142 34 89
a 143 173 71 77
a 143 174 31 32
a 143 144 65 74
a 144 173 47 13
a 144 143 61 81
a 144 174 1 27
a 144 175 3 54
a 144 145 30 64
a 145 174 46 51
a 145 144 59 31
a 145 175 55 55
a 145 176 4 47
a 145 146 55 64
a 146 175 66 53
a 146 145 55 42
a 146 176 62 69
a 146 177 71 57
a 146 147 42 34
a 147 176 79 81
a 147 146 1 5
a 147 177 96 45
a 147 178 43 95
a 147 148 18 29
a 148 177 7 24
a 148 147 100 97
a 148 178 60 85
a 148 179 92 83
a 148 149 19 25
a 149 178 74 5
a 149 148 83 88
a 149 179 98 21
a 149 180 68 28
a 149 150 52 85
a 150 179 14 78
a 150 149 71 47
a 150 180 86 86
a 151 181 51 42
a 151 182 95 75
a 151 152 74 36
a 152 181 31 41
a 152 151 43 16
a 152 182 25 32
a 152 183 5 92
a 152 153 43 13
a 153 182 22 88
a 153 152 48 89
a 153 183 19 12
a 153 184 68 8
a 153 154 81 17
a 154 183 5 80
a 154 153 22 47
a 154 184 26 15
a 154 185 98 56
a 154 155 11 77
a 155 184 10 46
a 155 154 71 32
a 155 185 70 86
a 155 186 34 46
a 155 156 7 77
a 156 185 99 5
a 156 155 80 13
a 156 186 35 79
a 156 187 66 66
a 156 157 68 39
a 157 186 32 41
a 157 156 61 4
a 157 187 17 50
a 157 188 31 73
a 157 158 96 87
a 158 187 97 95
a 158 157 26 51
a 158 188 13 40
a 158 189 30 85
a 158 159 54 29
a 159 188 99 62
a 159 158 23 79
a 159 189 40 78
a 159 190 18 22
a 159 160 36 84
a 160 189 34 22
a 160 159 49 44
a 160 190 38 91
a 160 191 98 31
a 160 161 15 32
a 161 190 98 94
a 161 160 94 4
a 161 191 5 88
a 161 192 67 78
a 161 162 78 82
a 162 191 10 88
a 162 161 51 44
a 162 192 99 15
a 162 193 65 46
a 162 163 1 94
a 163 192 43 4
a 163 162 65 16
a 163 193 66 48
a 163 194 38 43
a 163 164 78 75
a 164 193 25 36
a 164 163 20 99
a 164 194 33 60
a 164 195 65 60
a 164 165 85 58
a 165 194 31 37
a 165 164 58 11
a 165 195 4 6
a 165 196 68 27
a 165 166 3 93
a 166 195 74 95
a 166 165 96 6
a 166 196 2 74
a 166 197 80 55
a 166 167 67 6
a 167 196 50 41
a 167 166 53 56
a 167 197 52 81
a 167 198 24 64
a 167 168 37 55
a 168 197 89 8
a 168 167 25 50
a 168 198 22 10
a 168 199 79 1
a 168 169 89 9
a 169 198 83 58
a 169 168 27 29
a 169 199 96 100
a 169 200 35 40
a 169 170 21 39
a 170 199 31 79
a 170 169 80 29
a 170 200 84 96
a 170 201 41 35
a 170 171 21 10
a 171 200 25 10
a 171 170 61 87
a 171 201 31 77
a 171 202 10 30
a 171 172 78 72
a 172 201 30 69
a 172 171 41 15
a 172 202 41 13
a 172 203 97 57
a 172 173 26 1
a 173 202 61 18
a 173 172 35 98
a 173 203 2 40
a 173 204 13 58
a 173 174 77 19
a 174 203 29 4
a 174 173 81 45
a 174 204 88 51
a 174 205 29 53
a 174 175 61 37
a 175 204 71 67
a 175 174 64 37
a 175 205 32 46
a 175 206 96 86
a 175 176 72 42
a 176 205 47 7
a 176 175 3 37
a 176 206 90 91
a 176 207 58 41
a 176 177 48 28
a 177 206 84 63
a 177 176 80 17
a 177 207 17 23
a 177 208 75 50
a 177 178 32 12
a 178 207 100 9
a 178 177 56 11
a 178 208 42 39
a 178 209 41 4
a 178 179 44 36
a 179 208 62 53
a 179 178 96 63
a 179 209 96 40
a 179 210 7 98
a 179 180 42 4
a 180 209 30 19
a 180 179 51 16
a 180 210 5 61
a 181 211 92 64
a 181 212 100 70
a 181 182 7 25
a 182 211 99 93
a 182 181 15 71
a 182 212 16 51
a 182 213 59 97
a 182 183 64 51
a 183 212 17 74
a 183 182 87 68
a 183 213 43 27
a 183 214 49 80
a 183 184 72 2
a 184 213 98 30
a 184 183 70 66
a 184 214 30 44
a 184 215 76 85
a 184 185 1 67
a 185 214 23 39
a 185 184 62 49
a 185 215 47 68
a 185 216 47 82
a 185 186 75 33
a 186 215 10 75
a 186 185 23 55
a 186 216 55 76
a 186 217 57 74
a 186 187 37 15
a 187 216 18 42
a 187 186 68 10
a 187 217 20 29
a 187 218 85 54
a 187 188 80 53
a 188 217 62 19
a 188 187 32 24
a 188 218 8 93
a 188 219 15 41
a 188 189 61 16
a 189 218 12 36
a 189 188 64 36
a 189 219 22 35
a 189 220 89 39
a 189 190 53 85
a 190 219 43 9
a 190 189 83 57
a 190 220 48 87
a 190 221 41 21
a 190 191 39 72
a 191 220 84 52
a 191 190 45 68
a 191 221 13 38
a 191 222 86 2
a 191 192 29 50
a 192 221 36 97
a 192 191 51 10
a 192 222 18 79
a 192 223 68 27
a 192 193 87 83
a 193 222 88 88
a 193 192 55 33
a 193 223 58 6
a 193 224 23 64
a 193 194 26 6
a 194 223 71 52
a 194 193 21 23
a 194 224 12 18
a 194 225 79 78
a 194 195 88 10
a 195 224 40 92
a 195 194 87 76
a 195 225 87 91
a 195 226 14 79
a 195 196 23 53
a 196 225 27 6
a 196 195 89 87
a 196 226 60 83
a 196 227 97 22
a 196 197 83 22
a 197 226 35 16
a 197 196 99 48
a 197 227 49 13
a 197 228 26 27
a 197 198 17 4
a 198 227 26 55
a 198 197 83 94
a 198 228 91 82
a 198 229 17 31
a 198 199 70 3
a 199 228 97 81
a 199 198 69 72
a 199 229 77 93
a 199 230 63 52
a 199 200 67 96
a 200 229 15 29
a 200 199 87 2
a 200 230 77 43
a 200 231 97 99
a 200 201 87 13
a 201 230 15 72
a 201 200 28 28
a 201 231 56 81
a 201 232 51 34
a 201 202 37 25
a 202 231 48 1
a 202 201 65 66
a 202 232 71 71
a 202 233 32 16
a 202 203 28 26
a 203 232 64 92
a 203 202 28 76
a 203 233 23 58
a 203 234 38 33
a 203 204 41 68
a 204 233 4 56
a 204 203 63 58
a 204 234 93 37
a 204 235 66 60
a 204 205 51 2
a 205 234 30 31
a 205 204 22 5
a 205 235 38 8
a 205 236 35 17
a 205 206 41 34
a 206 235 87 67
a 206 205 96 55
a 206 236 56 64
a 206 237 46 10
a 206 207 2 14
a 207 236 49 32
a 207 206 48 38
a 207 237 26 10
a 207 238 58 78
a 207 208 21 31
a 208 237 51 11
a 208 207 4 19
a 208 238 40 89
a 208 239 22 44
a 208 209 16 74
a 209 238 16 80
a 209 208 39 85
a 209 239 46 36
a 209 240 50 97
a 209 210 25 16
a 210 239 77 19
a 210 209 9 28
a 210 240 43 69
a 211 241 67 92
a 211 242 79 19
a 211 212 53 75
a 212 241 32 68
a 212 211 40 19
a 212 242 76 54
a 212 243 44 53
a 212 213 54 67
a 213 242 66 46
a 213 212 2 22
a 213 243 52 83
a 213 244 26 10
a 213 214 35 38
a 214 243 34 6
a 214 213 34 24
a 214 244 94 69
a 214 245 27 35
a 214 215 76 33
a 215 244 22 51
a 215 214 61 95
a 215 245 6 89
a 215 246 72 25
a 215 216 100 71
a 216 245 46 68
a 216 215 99 56
a 216 246 70 69
a 216 247 97 85
a 216 217 13 32
a 217 246 65 97
a 217 216 70 5
a 217 247 34 54
a 217 248 96 88
a 217 218 57 17
a 218 247 32 46
a 218 217 99 92
a 218 248 70 73
a 218 249 81 2
a 218 219 37 1
a 219 248 17 11
a 219 218 59 65
a 219 249 78 70
a 219 250 60 82
a 219 220 41 22
a 220 249 14 27
a 220 219 94 61
a 220 250 97 15
a 220 251 42 56
a 220 221 17 67
a 221 250 7 60
a 221 220 77 56
a 221 251 94 89
a 221 252 12 13
a 221 222 33 34
a 222 251 27 94
a 222 221 73 12
a 222 252 45 65
a 222 253 15 84
a 222 223 23 50
a 223 252 100 45
a 223 222 57 94
a 223 253 7 30
a 223 254 23 96
a 223 224 71 38
a 224 253 49 41
a 224 223 17 29
a 224 254 1 22
a 224 255 2 27
a 224 225 62 100
a 225 254 32 33
a 225 224 30 56
a 225 255 87 83
a 225 256 57 17
a 225 226 4 34
a 226 255 41 51
a 226 225 14 38
a 226 256 14 26
a 226 257 7 40
a 226 227 39 24
a 227 256 47 47
a 227 226 97 44
a 227 257 20 61
a 227 258 12 24
a 227 228 47 29
a 228 257 56 70
a 228 227 71 27
a 228 258 81 43
a 228 259 15 59
a 228 229 97 33
a 229 258 2 80
a 229 228 80 63
a 229 259 23 65
a 229 260 14 87
a 229 230 39 99
a 230 259 27 43
a 230 229 31 71
a 230 260 44 45
a 230 261 43 94
a 230 231 36 6
a 231 260 41 79
a 231 230 30 35
a 231 261 32 24
a 231 262 85 80
a 231 232 21 1
a 232 261 36 24
a 232 231 3 93
a 232 262 1 13
a 232 263 71 71
a 232 233 56 40
a 233 262 47 91
a 233 232 1 78
a 233 263 44 47
a 233 264 22 88
a 233 234 59 89
a 234 263 39 5
a 234 233 1 62
a 234 264 33 86
a 234 265 67 99
a 234 235 78 5
a 235 264 5 64
a 235 234 51 23
a 235 265 47 51
a 235 266 56 81
a 235 236 30 28
a 236 265 32 94
a 236 235 38 59
a 236 266 38 28
a 236 267 96 42
a 236 237 87 20
a 237 266 12 70
a 237 236 59 23
a 237 267 65 89
a 237 268 100 43
a 237 238 71 66
a 238 267 28 4
a 238 237 3 96
a 238 268 92 89
a 238 269 77 88
a 238 239 52 87
a 239 268 40 63
a 239 238 59 21
a 239 269 92 21
a 239 270 73 88
a 239 240 13 81
a 240 269 64 6
a 240 239 69 93
a 240 270 2 54
a 241 271 30 24
a 241 272 99 68
a 241 242 17 47
a 242 271 34 92
a 242 241 35 26
a 242 272 9 40
a 242 273 86 94
a 242 243 43 95
a 243 272 69 84
a 243 242 96 68
a 243 273 74 51
a 243 274 40 16
a 243 244 25 82
a 244 273 40 53
a 244 243 10 18
a 244 274 44 89
a 244 275 44 4
a 244 245 30 11
a 245 274 25 12
a 245 244 30 33
a 245 275 41 13
a 245 276 69 17
a 245 246 62 55
a 246 275 43 90
a 246 245 6 19
a 246 276 39 44
a 246 277 44 39
a 246 247 97 39
a 247 276 42 12
a 247 246 75 14
a 247 277 40 40
a 247 278 11 60
a 247 248 91 72
a 248 277 66 21
a 248 247 77 91
a 248 278 2 91
a 248 279 53 46
a 248 249 21 83
a 249 278 15 84
a 249 248 77 66
a 249 279 53 17
a 249 280 88 8
a 249 250 53 83
a 250 279 57 74
a 250 249 95 45
a 250 280 66 37
a 250 281 79 69
a 250 251 53 51
a 251 280 55 41
a 251 250 18 45
a 251 281 16 77
a 251 282 87 86
a 251 252 63 47
a 252 281 7 96
a 252 251 12 9
a 252 282 44 9
a 252 283 59 58
a 252 253 4 33
a 253 282 14 100
a 253 252 92 7
a 253 283 15 57
a 253 284 32 66
a 253 254 2 75
a 254 283 99 71
a 254 253 29 58
a 254 284 15 32
a 254 285 20 14
a 254 255 88 27
a 255 284 75 35
a 255 254 82 61
a 255 285 79 90
a 255 286 58 74
a 255 256 12 69
a 256 285 86 19
a 256 255 94 70
a 256 286 25 56
a 256 287 84 72
a 256 257 41 64
a 257 286 22 44
a 257 256 49 78
a 257 287 43 80
a 257 288 55 90
a 257 258 33 38
a 258 287 47 89
a 258 257 45 32
a 258 288 54 77
a 258 289 76 43
a 258 259 69 1
a 259 288 5 58
a 259 258 22 26
a 259 289 22 45
a 259 290 41 4
a 259 260 61 83
a 260 289 14 64
a 260 259 94 70
a 260 290 71 18
a 260 291 30 82
a 260 261 56 26
a 261 290 60 89
a 261 260 50 35
a 261 291 18 38
a 261 292 12 45
a 261 262 92 96
a 262 291 54 94
a 262 261 20 62
a 262 292 37 9
a 262 293 89 49
a 262 263 93 70
a 263 292 81 90
a 263 262 73 25
a 263 293 63 42
a 263 294 4 25
a 263 264 79 16
a 264 293 49 61
a 264 263 65 71
a 264 294 46 27
a 264 295 92 49
a 264 265 47 77
a 265 294 47 16
a 265 264 37 82
a 265 295 90 80
a 265 296 42 85
a 265 266 4 86
a 266 295 30 60
a 266 265 6 91
a 266 296 68 60
a 266 297 28 96
a 266 267 85 17
a 267 296 64 31
a 267 266 11 15
a 267 297 95 96
a 267 298 39 60
a 267 268 84 30
a 268 297 83 61
a 268 267 16 41
a 268 298 30 79
a 268 299 16 4
a 268 269 41 33
a 269 298 26 91
a 269 268 15 70
a 269 299 55 65
a 269 300 91 89
a 269 270 90 52
a 270 299 34 66
a 270 269 10 14
a 270 300 24 71
a 271 301 42 23
a 271 302 28 71
a 271 272 78 49
a 272 301 44 84
a 272 271 19 41
a 272 302 52 51
a 272 303 28 83
a 272 273 38 86
a 273 302 36 46
a 273 272 63 2
a 273 303 12 41
a 273 304 12 99
a 273 274 84 54
a 274 303 39 62
a 274 273 98 66
a 274 304 54 18
a 274 305 51 26
a 274 275 11 42
a 275 304 67 9
a 275 274 15 66
a 275 305 46 6
a 275 306 32 57
a 275 276 40 48
a 276 305 46 60
a 276 275 57 29
a 276 306 73 30
a 276 307 24 65
a 276 277 85 83
a 277 306 87 6
a 277 276 88 58
a 277 307 82 86
a 277 308 1 99
a 277 278 94 11
a 278 307 2 99
a 278 277 17 82
a 278 308 23 33
a 278 309 62 94
a 278 279 58 13
a 279 308 2 20
a 279 278 60 58
a 279 309 22 34
a 279 310 30 56
a 279 280 49 9
a 280 309 33 85
a 280 279 7 28
a 280 310 12 99
a 280 311 72 34
a 280 281 27 8
a 281 310 54 64
a 281 280 10 41
a 281 311 58 8
a 281 312 80 67
a 281 282 65 42
a 282 311 46 31
a 282 281 96 2
a 282 312 60 42
a 282 313 47 15
a 282 283 2 54
a 283 312 62 48
a 283 282 77 81
a 283 313 51 8
a 283 314 52 20
a 283 284 14 75
a 284 313 70 43
a 284 283 24 35
a 284 314 70 3
a 284 315 68 40
a 284 285 7 93
a 285 314 47 70
a 285 284 39 67
a 285 315 76 47
a 285 316 98 89
a 285 286 39 13
a 286 315 44 51
a 286 285 3 34
a 286 316 51 58
a 286 317 19 77
a 286 287 80 57
a 287 316 86 80
a 287 286 93 44
a 287 317 51 77
a 287 318 96 48
a 287 288 32 86
a 288 317 75 82
a 288 287 15 26
a 288 318 11 10
a 288 319 60 26
a 288 289 63 54
a 289 318 22 8
a 289 288 26 47
a 289 319 92 39
a 289 320 33 20
a 289 290 44 25
a 290 319 76 66
a 290 289 99 62
a 290 320 17 100
a 290 321 80 98
a 290 291 38 85
a 291 320 75 21
a 291 290 72 11
a 291 321 50 30
a 291 322 36 14
a 291 292 11 23
a 292 321 14 43
a 292 291 45 40
a 292 322 86 99
a 292 323 29 56
a 292 293 51 77
a 293 322 38 26
a 293 292 87 87
a 293 323 52 80
a 293 324 20 35
a 293 294 50 74
a 294 323 45 91
a 294 293 83 93
a 294 324 94 16
a 294 325 59 10
a 294 295 87 37
a 295 324 64 67
a 295 294 52 41
a 295 325 96 9
a 295 326 69 37
a 295 296 62 93
a 296 325 7 67
a 296 295 40 85
a 296 326 82 92
a 296 327 59 18
a 296 297 96 13
a 297 326 62 37
a 297 296 53 27
a 297 327 66 39
a 297 328 98 72
a 297 298 11 78
a 298 327 91 62
a 298 297 53 49
a 298 328 19 35
a 298 329 58 59
a 298 299 10 15
a 299 328 83 93
a 299 298 71 30
a 299 329 74 78
a 299 330 81 18
a 299 300 7 33
a 300 329 33 17
a 300 299 15 11
a 300 330 73 23
a 301 331 71 90
a 301 332 87 56
a 301 302 90 61
a 302 331 98 81
a 302 301 81 25
a 302 332 25 38
a 302 333 83 30
a 302 303 67 19
a 303 332 64 64
a 303 302 26 92
a 303 333 10 49
a 303 334 80 67
a 303 304 59 32
a 304 333 97 64
a 304 303 74 75
a 304 334 31 29
a 304 335 5 58
a 304 305 65 28
a 305 334 51 73
a 305 304 30 11
a 305 335 79 100
a 305 336 41 94
a 305 306 33 78
a 306 335 74 83
a 306 305 1 87
a 306 336 12 95
a 306 337 73 26
a 306 307 15 25
a 307 336 29 68
a 307 306 58 25
a 307 337 39 27
a 307 338 93 84
a 307 308 90 48
a 308 337 9 23
a 308 307 14 76
a 308 338 40 6
a 308 339 29 18
a 308 309 96 82
a 309 338 5 42
a 309 308 92 54
a 309 339 43 73
a 309 340 10 79
a 309 310 73 29
a 310 339 5 71
a 310 309 44 52
a 310 340 91 94
a 310 341 89 78
a 310 311 36 96
a 311 340 64 43
a 311 310 17 78
a 311 341 56 92
a 311 342 75 84
a 311 312 58 89
a 312 341 25 95
a 312 311 70 24
a 312 342 69 1
a 312 343 100 62
a 312 313 47 58
a 313 342 26 98
a 313 312 47 9
a 313 343 40 56
a 313 344 93 4
a 313 314 12 83
a 314 343 16 86
a 314 313 1 36
a 314 344 84 41
a 314 345 84 55
a 314 315 33 27
a 315 344 46 71
a 315 314 16 9
a 315 345 89 38
a 315 346 1 42
a 315 316 29 11
a 316 345 95 70
a 316 315 79 25
a 316 346 37 8
a 316 347 33 25
a 316 317 62 86
a 317 346 33 71
a 317 316 24 100
a 317 347 56 14
a 317 348 35 15
a 317 318 71 66
a 318 347 20 89
a 318 317 21 16
a 318 348 21 91
a 318 349 61 1
a 318 319 59 63
a 319 348 38 11
a 319 318 3 7
a 319 349 53 86
a 319 350 31 38
a 319 320 90 54
a 320 349 92 50
a 320 319 64 58
a 320 350 45 88
a 320 351 57 50
a 320 321 96 69
a 321 350 9 33
a 321 320 9 5
a 321 351 55 11
a 321 352 5 46
a 321 322 79 89
a 322 351 72 42
a 322 321 76 83
a 322 352 10 42
a 322 353 71 88
a 322 323 92 37
a 323 352 17 16
a 323 322 43 89
a 323 353 92 89
a 323 354 99 93
a 323 324 32 6
a 324 353 77 94
a 324 323 73 60
a 324 354 52 79
a 324 355 96 4
a 324 325 67 90
a 325 354 26 74
a 325 324 4 81
a 325 355 93 62
a 325 356 100 91
a 325 326 74 73
a 326 355 86 56
a 326 325 33 78
a 326 356 53 2
a 326 357 13 78
a 326 327 38 59
a 327 356 68 69
a 327 326 81 84
a 327 357 64 83
a 327 358 89 88
a 327 328 11 68
a 328 357 47 30
a 328 327 28 84
a 328 358 95 23
a 328 359 30 81
a 328 329 29 38
a 329 358 94 75
a 329 328 99 99
a 329 359 38 77
a 329 360 60 42
a 329 330 97 98
a 330 359 78 46
a 330 329 35 16
a 330 360 29 45
a 331 361 17 46
a 331 362 7 70
a 331 332 54 90
a 332 361 93 51
a 332 331 41 91
a 332 362 16 100
a 332 363 88 39
a 332 333 6 22
a 333 362 78 83
a 333 332 52 94
a 333 363 96 28
a 333 364 27 5
a 333 334 81 28
a 334 363 30 78
a 334 333 60 66
a 334 364 75 89
a 334 365 17 25
a 334 335 96 67
a 335 364 5 7
a 335 334 94 28
a 335 365 70 71
a 335 366 73 5
a 335 336 21 8
a 336 365 82 56
a 336 335 86 73
a 336 366 56 77
a 336 367 15 91
a 336 337 50 71
a 337 366 64 78
a 337 336 75 35
a 337 367 75 88
a 337 368 66 13
a 337 338 43 47
a 338 367 66 98
a 338 337 22 22
a 338 368 89 35
a 338 369 86 100
a 338 339 8 88
a 339 368 3 61
a 339 338 53 52
a 339 369 67 81
a 339 370 49 52
a 339 340 11 87
a 340 369 78 27
a 340 339 67 11
a 340 370 77 22
a 340 371 44 80
a 340 341 98 89
a 341 370 24 50
a 341 340 5 51
a 341 371 26 3
a 341 372 50 78
a 341 342 94 62
a 342 371 29 39
a 342 341 72 29
a 342 372 75 65
a 342 373 61 99
a 342 343 13 44
a 343 372 41 59
a 343 342 34 21
a 343 373 9 86
a 343 374 48 54
a 343 344 11 21
a 344 373 28 61
a 344 343 11 92
a 344 374 87 54
a 344 375 97 79
a 344 345 70 77
a 345 374 6 44
a 345 344 78 81
a 345 375 70 76
a 345 376 69 16
a 345 346 39 7
a 346 375 1 52
a 346 345 79 71
a 346 376 74 95
a 346 377 35 29
a 346 347 100 94
a 347 376 20 60
a 347 346 23 52
a 347 377 25 3
a 347 378 34 47
a 347 348 95 45
a 348 377 88 77
a 348 347 97 51
a 348 378 58 70
a 348 379 19 55
a 348 349 74 20
a 349 378 25 41
a 349 348 80 43
a 349 379 30 24
a 349 380 47 59
a 349 350 8 34
a 350 379 96 29
a 350 349 43 88
a 350 380 11 19
a 350 381 61 81
a 350 351 79 7
a 351 380 44 42
a 351 350 84 62
a 351 381 84 4
a 351 382 76 86
a 351 352 17 42
a 352 381 10 86
a 352 351 28 41
a 352 382 20 71
a 352 383 18 5
a 352 353 71 90
a 353 382 70 67
a 353 352 45 80
a 353 383 68 18
a 353 384 77 17
a 353 354 64 35
a 354 383 74 56
a 354 353 48 33
a 354 384 10 16
a 354 385 22 53
a 354 355 81 89
a 355 384 78 83
a 355 354 54 94
a 355 385 32 74
a 355 386 79 28
a 355 356 3 39
a 356 385 40 7
a 356 355 45 46
a 356 386 35 4
a 356 387 19 73
a 356 357 11 19
a 357 386 81 17
a 357 356 3 80
a 357 387 76 42
a 357 388 99 26
a 357 358 27 19
a 358 387 20 67
a 358 357 32 69
a 358 388 73 28
a 358 389 92 10
a 358 359 58 32
a 359 388 98 89
a 359 358 74 11
a 359 389 34 64
a 359 390 18 2
a 359 360 64 29
a 360 389 43 89
a 360 359 65 11
a 360 390 90 82
a 361 391 50 10
a 361 392 94 73
a 361 362 37 82
a 362 391 87 37
a 362 361 54 57
a 362 392 11 27
a 362 393 81 43
a 362 363 5 52
a 363 392 49 52
a 363 362 99 18
a 363 393 32 57
a 363 394 77 32
a 363 364 16 7
a 364 393 93 19
a 364 363 52 97
a 364 394 70 38
a 364 395 79 53
a 364 365 71 52
a 365 394 13 6
a 365 364 40 66
a 365 395 27 85
a 365 396 5 23
a 365 366 38 42
a 366 395 60 65
a 366 365 21 59
a 366 396 97 87
a 366 397 48 1
a 366 367 57 56
a 367 396 13 22
a 367 366 87 8
a 367 397 17 83
a 367 398 88 52
a 367 368 96 89
a 368 397 71 32
a 368 367 6 27
a 368 398 64 62
a 368 399 81 68
a 368 369 81 26
a 369 398 84 44
a 369 368 26 90
a 369 399 39 10
a 369 400 7 55
a 369 370 94 48
a 370 399 70 33
a 370 369 56 35
a 370 400 63 61
a 370 401 28 64
a 370 371 72 93
a 371 400 23 64
a 371 370 76 1
a 371 401 1 93
a 371 402 59 57
a 371 372 95 55
a 372 401 37 26
a 372 371 34 95
a 372 402 92 15
a 372 403 33 74
a 372 373 54 22
a 373 402 77 57
a 373 372 48 43
a 373 403 21 9
a 373 404 80 81
a 373 374 86 34
a 374 403 89 47
a 374 373 1 2
a 374 404 57 59
a 374 405 37 99
a 374 375 5 55
a 375 404 48 5
a 375 374 73 40
a 375 405 5 28
a 375 406 30 52
a 375 376 12 18
a 376 405 89 75
a 376 375 13 14
a 376 406 7 62
a 376 407 17 72
a 376 377 11 25
a 377 406 11 31
a 377 376 61 8
a 377 407 51 54
a 377 408 95 77
a 377 378 52 79
a 378 407 13 8
a 378 377 78 23
a 378 408 75 91
a 378 409 4 67
a 378 379 32 33
a 379 408 69 3
a 379 378 92 27
a 379 409 84 77
a 379 410 26 19
a 379 380 22 85
a 380 409 50 17
a 380 379 22 9
a 380 410 70 55
a 380 411 87 8
a 380 381 48 72
a 381 410 30 36
a 381 380 69 85
a 381 411 28 72
a 381 412 73 92
a 381 382 92 16
a 382 411 2 27
a 382 381 62 60
a 382 412 3 38
a 382 413 83 28
a 382 383 46 40
a 383 412 81 3
a 383 382 51 4
a 383 413 8 54
a 383 414 37 40
a 383 384 27 25
a 384 413 67 35
a 384 383 16 89
a 384 414 75 44
a 384 415 62 96
a 384 385 46 7
a 385 414 29 18
a 385 384 55 4
a 385 415 45 81
a 385 416 99 99
a 385 386 36 93
a 386 415 99 3
a 386 385 71 3
a 386 416 82 39
a 386 417 88 95
a 386 387 13 67
a 387 416 37 12
a 387 386 28 23
a 387 417 1 19
a 387 418 67 59
a 387 388 68 64
a 388 417 47 23
a 388 387 42 23
a 388 418 88 74
a 388 419 60 91
a 388 389 58 63
a 389 418 79 34
a 389 388 89 51
a 389 419 62 60
a 389 420 45 90
a 389 390 70 24
a 390 419 16 64
a 390 389 91 69
a 390 420 3 24
a 391 421 30 2
a 391 422 79 93
a 391 392 18 20
a 392 421 74 57
a 392 391 95 10
a 392 422 57 20
a 392 423 85 81
a 392 393 75 65
a 393 422 91 73
a 393 392 47 68
a 393 423 28 30
a 393 424 90 44
a 393 394 52 33
a 394 423 20 8
a 394 393 7 49
a 394 424 93 69
a 394 425 47 55
a 394 395 49 34
a 395 424 40 14
a 395 394 65 1
a 395 425 9 54
a 395 426 62 94
a 395 396 47 32
a 396 425 91 15
a 396 395 97 27
a 396 426 70 42
a 396 427 79 86
a 396 397 72 22
a 397 426 99 26
a 397 396 42 85
a 397 427 87 19
a 397 428 13 15
a 397 398 83 36
a 398 427 71 75
a 398 397 66 40
a 398 428 100 18
a 398 429 36 32
a 398 399 66 28
a 399 428 25 91
a 399 398 8 2
a 399 429 76 64
a 399 430 6 10
a 399 400 49 3
a 400 429 56 40
a 400 399 90 3
a 400 430 38 65
a 400 431 58 84
a 400 401 79 86
a 401 430 58 78
a 401 400 50 94
a 401 431 68 42
a 401 432 93 34
a 401 402 95 45
a 402 431 46 43
a 402 401 41 86
a 402 432 93 93
a 402 433 85 44
a 402 403 75 50
a 403 432 60 58
a 403 402 72 93
a 403 433 35 4
a 403 434 28 99
a 403 404 43 31
a 404 433 48 30
a 404 403 25 48
a 404 434 21 9
a 404 435 50 91
a 404 405 30 58
a 405 434 54 35
a 405 404 39 29
a 405 435 74 6
a 405 436 18 42
a 405 406 92 66
a 406 435 45 12
a 406 405 86 70
a 406 436 62 74
a 406 437 94 80
a 406 407 99 87
a 407 436 96 65
a 407 406 63 26
a 407 437 100 36
a 407 438 67 95
a 407 408 48 23
a 408 437 78 12
a 408 407 34 31
a 408 438 14 24
a 408 439 11 6
a 408 409 12 26
a 409 438 63 92
a 409 408 43 31
a 409 439 45 11
a 409 440 86 27
a 409 410 44 37
a 410 439 36 70
a 410 409 68 25
a 410 440 48 26
a 410 441 14 5
a 410 411 91 48
a 411 440 22 94
a 411 410 85 96
a 411 441 35 25
a 411 442 2 3
a 411 412 90 87
a 412 441 13 17
a 412 411 29 9
a 412 442 26 47
a 412 443 99 54
a 412 413 2 55
a 413 442 12 37
a 413 412 71 34
a 413 443 75 95
a 413 444 16 36
a 413 414 48 86
a 414 443 22 64
a 414 413 100 14
a 414 444 16 94
a 414 445 8 29
a 414 415 37 34
a 415 444 6 40
a 415 414 68 98
a 415 445 88 28
a 415 446 62 48
a 415 416 63 91
a 416 445 28 11
a 416 415 95 38
a 416 446 4 61
a 416 447 60 84
a 416 417 61 18
a 417 446 65 89
a 417 416 72 51
a 417 447 39 68
a 417 448 18 33
a 417 418 94 23
a 418 447 12 81
a 418 417 19 25
a 418 448 58 2
a 418 449 40 87
a 418 419 3 62
a 419 448 88 36
a 419 418 55 55
a 419 449 25 78
a 419 450 19 9
a 419 420 9 67
a 420 449 29 52
a 420 419 2 44
a 420 450 20 17
a 421 451 61 98
a 421 452 23 70
a 421 422 52 18
a 422 451 55 76
a 422 421 41 67
a 422 452 25 68
a 422 453 78 64
a 422 423 52 86
a 423 452 4 55
a 423 422 59 98
a 423 453 9 54
a 423 454 99 56
a 423 424 89 77
a 424 453 16 76
a 424 423 50 8
a 424 454 28 35
a 424 455 27 51
a 424 425 40 41
a 425 454 59 28
a 425 424 38 92
a 425 455 91 73
a 425 456 48 77
a 425 426 30 16
a 426 455 67 59
a 426 425 26 80
a 426 456 61 41
a 426 457 3 58
a 426 427 89 33
a 427 456 12 13
a 427 426 92 100
a 427 457 42 66
a 427 458 38 40
a 427 428 13 88
a 428 457 20 29
a 428 427 46 91
a 428 458 53 31
a 428 459 63 24
a 428 429 75 13
a 429 458 23 63
a 429 428 26 68
a 429 459 74 94
a 429 460 72 64
a 429 430 16 82
a 430 459 61 52
a 430 429 66 19
a 430 460 63 24
a 430 461 77 32
a 430 431 55 39
a 431 460 52 80
a 431 430 67 7
a 431 461 6 9
a 431 462 83 67
a 431 432 88 91
a 432 461 6 91
a 432 431 6 53
a 432 462 10 99
a 432 463 12 97
a 432 433 64 26
a 433 462 28 98
a 433 432 35 42
a 433 463 19 56
a 433 464 92 45
a 433 434 12 59
a 434 463 47 22
a 434 433 58 39
a 434 464 77 91
a 434 465 99 28
a 434 435 5 47
a 435 464 18 19
a 435 434 42 29
a 435 465 78 30
a 435 466 6 31
a 435 436 95 62
a 436 465 46 28
a 436 435 78 2
a 436 466 90 53
a 436 467 95 35
a 436 437 28 75
a 437 466 79 51
a 437 436 1 85
a 437 467 12 98
a 437 468 67 8
a 437 438 59 46
a 438 467 91 55
a 438 437 65 95
a 438 468 94 56
a 438 469 87 66
a 438 439 92 61
a 439 468 37 100
a 439 438 29 61
a 439 469 11 86
a 439 470 31 99
a 439 440 58 32
a 440 469 22 34
a 440 439 65 99
a 440 470 82 22
a 440 471 55 81
a 440 441 80 51
a 441 470 13 61
a 441 440 28 35
a 441 471 81 23
a 441 472 35 99
a 441 442 35 69
a 442 471 10 79
a 442 441 37 75
a 442 472 53 91
a 442 473 14 69
a 442 443 58 47
a 443 472 40 88
a 443 442 74 89
a 443 473 50 65
a 443 474 7 22
a 443 444 73 58
a 444 473 80 75
a 444 443 99 86
a 444 474 6 60
a 444 475 34 32
a 444 445 19 84
a 445 474 91 30
a 445 444 93 23
a 445 475 67 32
a 445 476 98 12
a 445 446 36 53
a 446 475 27 57
a 446 445 57 31
a 446 476 48 69
a 446 477 11 68
a 446 447 49 18
a 447 476 88 8
a 447 446 91 90
a 447 477 93 69
a 447 478 51 32
a 447 448 97 13
a 448 477 28 20
a 448 447 66 11
a 448 478 85 35
a 448 479 87 63
a 448 449 93 36
a 449 478 60 60
a 449 448 78 65
a 449 479 37 8
a 449 480 28 86
a 449 450 68 59
a 450 479 47 21
a 450 449 46 48
a 450 480 46 41
a 451 481 40 66
a 451 482 44 69
a 451 452 28 58
a 452 481 69 50
a 452 451 9 27
a 452 482 45 45
a 452 483 13 2
a 452 453 80 28
a 453 482 63 59
a 453 452 34 3
a 453 483 72 31
a 453 484 47 11
a 453 454 36 28
a 454 483 59 95
a 454 453 21 84
a 454 484 96 91
a 454 485 84 28
a 454 455 37 22
a 455 484 40 44
a 455 454 99 39
a 455 485 51 45
a 455 486 18 8
a 455 456 53 92
a 456 485 22 84
a 456 455 20 3
a 456 486 88 44
a 456 487 35 69
a 456 457 80 33
a 457 486 11 61
a 457 456 87 84
a 457 487 47 23
a 457 488 93 34
a 457 458 68 93
a 458 487 33 23
a 458 457 45 26
a 458 488 9 15
a 458 489 18 62
a 458 459 13 20
a 459 488 3 90
a 459 458 44 44
a 459 489 44 94
a 459 490 52 94
a 459 460 28 69
a 460 489 100 43
a 460 459 30 7
a 460 490 1 92
a 460 491 82 54
a 460 461 50 19
a 461 490 13 80
a 461 460 85 24
a 461 491 83 61
a 461 492 23 9
a 461 462 98 66
a 462 491 11 30
a 462 461 19 94
a 462 492 56 71
a 462 493 35 1
a 462 463 42 47
a 463 492 88 71
a 463 462 70 83
a 463 493 45 94
a 463 494 9 16
a 463 464 89 52
a 464 493 46 97
a 464 463 34 44
a 464 494 53 21
a 464 495 39 100
a 464 465 77 54
a 465 494 84 45
a 465 464 99 40
a 465 495 86 7
a 465 496 77 78
a 465 466 47 28
a 466 495 77 18
a 466 465 75 48
a 466 496 50 94
a 466 497 31 90
a 466 467 69 38
a 467 496 55 82
a 467 466 73 26
a 467 497 36 47
a 467 498 25 47
a 467 468 79 48
a 468 497 36 10
a 468 467 55 32
a 468 498 99 44
a 468 499 18 18
a 468 469 91 24
a 469 498 71 67
a 469 468 18 19
a 469 499 70 47
a 469 500 56 87
a 469 470 65 15
a 470 499 99 8
a 470 469 30 39
a 470 500 92 11
a 470 501 74 67
a 470 471 5 65
a 471 500 44 64
a 471 470 59 12
a 471 501 96 76
a 471 502 97 13
a 471 472 60 74
a 472 501 43 98
a 472 471 97 49
a 472 502 17 14
a 472 503 3 37
a 472 473 72 76
a 473 502 26 69
a 473 472 60 85
a 473 503 89 35
a 473 504 45 47
a 473 474 69 33
a 474 503 44 34
a 474 473 51 64
a 474 504 54 9
a 474 505 47 84
a 474 475 7 15
a 475 504 60 24
a 475 474 68 76
a 475 505 65 40
a 475 506 46 20
a 475 476 91 81
a 476 505 55 6
a 476 475 15 88
a 476 506 84 37
a 476 507 35 75
a 476 477 50 36
a 477 506 76 5
a 477 476 76 80
a 477 507 90 9
a 477 508 17 1
a 477 478 51 3
a 478 507 85 14
a 478 477 11 51
a 478 508 30 9
a 478 509 28 39
a 478 479 13 7
a 479 508 63 3
a 479 478 12 76
a 479 509 67 20
a 479 510 63 76
a 479 480 58 34
a 480 509 71 23
a 480 479 60 19
a 480 510 7 59
a 481 511 2 14
a 481 512 69 71
a 481 482 68 89
a 482 511 93 94
a 482 481 35 67
a 482 512 13 58
a 482 513 30 1
a 482 483 29 49
a 483 512 85 76
a 483 482 16 39
a 483 513 55 44
a 483 514 96 23
a 483 484 45 97
a 484 513 74 7
a 484 483 72 31
a 484 514 81 97
a 484 515 96 24
a 484 485 33 80
a 485 514 4 77
a 485 484 85 24
a 485 515 13 1
a 485 516 34 83
a 485 486 2 28
a 486 515 31 5
a 486 485 23 23
a 486 516 25 35
a 486 517 2 82
a 486 487 85 40
a 487 516 96 31
a 487 486 85 41
a 487 517 85 29
a 487 518 52 39
a 487 488 34 22
a 488 517 93 48
a 488 487 88 25
a 488 518 74 6
a 488 519 10 16
a 488 489 92 88
a 489 518 81 38
a 489 488 95 71
a 489 519 7 57
a 489 520 25 28
a 489 490 45 36
a 490 519 48 5
a 490 489 23 12
a 490 520 51 1
a 490 521 82 89
a 490 491 10 94
a 491 520 66 100
a 491 490 10 38
a 491 521 30 47
a 491 522 44 42
a 491 492 4 93
a 492 521 19 72
a 492 491 82 96
a 492 522 13 51
a 492 523 51 61
a 492 493 39 57
a 493 522 72 47
a 493 492 73 97
a 493 523 34 77
a 493 524 69 14
a 493 494 52 50
a 494 523 44 53
a 494 493 78 11
a 494 524 67 47
a 494 525 26 48
a 494 495 7 91
a 495 524 8 59
a 495 494 24 39
a 495 525 62 58
a 495 526 53 53
a 495 496 41 56
a 496 525 80 99
a 496 495 98 24
a 496 526 6 72
a 496 527 85 77
a 496 497 17 13
a 497 526 35 98
a 497 496 34 95
a 497 527 56 94
a 497 528 48 86
a 497 498 11 36
a 498 527 63 73
a 498 497 39 30
a 498 528 86 15
a 498 529 20 8
a 498 499 86 50
a 499 528 99 93
a 499 498 23 1
a 499 529 51 69
a 499 530 57 14
a 499 500 12 21
a 500 529 57 54
a 500 499 74 35
a 500 530 96 39
a 500 531 39 14
a 500 501 33 13
a 501 530 22 67
a 501 500 31 60
a 501 531 43 51
a 501 532 49 54
a 501 502 1 30
a 502 531 9 68
a 502 501 71 92
a 502 532 56 96
a 502 533 84 51
a 502 503 51 59
a 503 532 83 60
a 503 502 85 48
a 503 533 29 35
a 503 534 37 54
a 503 504 42 74
a 504 533 59 70
a 504 503 6 49
a 504 534 56 53
a 504 535 2 42
a 504 505 53 80
a 505 534 20 40
a 505 504 50 45
a 505 535 23 10
a 505 536 19 80
a 505 506 73 34
a 506 535 52 99
a 506 505 38 10
a 506 536 91 28
a 506 537 89 40
a 506 507 91 77
a 507 536 95 18
a 507 506 33 9
a 507 537 96 14
a 507 538 22 62
a 507 508 2 41
a 508 537 23 99
a 508 507 10 54
a 508 538 56 8
a 508 539 22 94
a 508 509 1 96
a 509 538 61 50
a 509 508 76 63
a 509 539 57 28
a 509 540 89 62
a 509 510 34 7
a 510 539 92 57
a 510 509 21 39
a 510 540 79 87
a 511 541 64 42
a 511 542 52 53
a 511 512 97 26
a 512 541 2 97
a 512 511 86 87
a 512 542 53 21
a 512 543 24 72
a 512 513 41 77
a 513 542 61 34
a 513 512 27 30
a 513 543 80 6
a 513 544 46 53
a 513 514 63 40
a 514 543 80 20
a 514 513 31 60
a 514 544 94 28
a 514 545 49 9
a 514 515 60 17
a 515 544 18 1
a 515 514 18 30
a 515 545 13 37
a 515 546 67 13
a 515 516 44 33
a 516 545 83 63
a 516 515 48 52
a 516 546 64 60
a 516 547 39 90
a 516 517 82 38
a 517 546 25 47
a 517 516 13 96
a 517 547 87 98
a 517 548 9 28
a 517 518 87 94
a 518 547 80 94
a 518 517 12 25
a 518 548 32 16
a 518 549 67 10
a 518 519 47 58
a 519 548 96 81
a 519 518 79 65
a 519 549 10 74
a 519 550 68 13
a 519 520 90 10
a 520 549 10 29
a 520 519 91 20
a 520 550 33 96
a 520 551 56 44
a 520 521 92 6
a 521 550 23 51
a 521 520 65 16
a 521 551 33 14
a 521 552 82 41
a 521 522 27 44
a 522 551 93 6
a 522 521 87 34
a 522 552 10 52
a 522 553 85 66
a 522 523 15 37
a 523 552 89 22
a 523 522 9 49
a 523 553 58 75
a 523 554 18 100
a 523 524 78 18
a 524 553 35 15
a 524 523 100 98
a 524 554 98 71
a 524 555 52 85
a 524 525 35 17
a 525 554 81 25
a 525 524 60 99
a 525 555 5 11
a 525 556 31 92
a 525 526 54 14
a 526 555 44 92
a 526 525 76 17
a 526 556 91 55
a 526 557 69 44
a 526 527 9 65
a 527 556 52 1
a 527 526 83 94
a 527 557 99 57
a 527 558 85 68
a 527 528 28 45
a 528 557 16 50
a 528 527 54 98
a 528 558 98 99
a 528 559 10 37
a 528 529 7 20
a 529 558 36 12
a 529 528 53 95
a 529 559 64 15
a 529 560 85 59
a 529 530 85 18
a 530 559 97 21
a 530 529 64 73
a 530 560 63 16
a 530 561 48 22
a 530 531 100 37
a 531 560 63 58
a 531 530 67 1
a 531 561 34 27
a 531 562 61 93
a 531 532 53 58
a 532 561 16 89
a 532 531 21 94
a 532 562 36 41
a 532 563 63 1
a 532 533 66 44
a 533 562 65 67
a 533 532 29 46
a 533 563 85 48
a 533 564 35 53
a 533 534 82 30
a 534 563 8 24
a 534 533 28 45
a 534 564 11 69
a 534 565 48 92
a 534 535 82 57
a 535 564 20 73
a 535 534 96 67
a 535 565 13 73
a 535 566 78 10
a 535 536 34 38
a 536 565 74 15
a 536 535 46 89
a 536 566 56 39
a 536 567 67 16
a 536 537 8 13
a 537 566 34 61
a 537 536 17 64
a 537 567 55 97
a 537 568 52 68
a 537 538 68 41
a 538 567 48 76
a 538 537 82 3
a 538 568 42 21
a 538 569 65 17
a 538 539 63 90
a 539 568 66 98
a 539 538 61 8
a 539 569 27 50
a 539 570 75 3
a 539 540 62 61
a 540 569 72 7
a 540 539 11 71
a 540 570 75 57
a 541 571 100 43
a 541 572 98 19
a 541 542 76 26
a 542 571 73 24
a 542 541 27 55
a 542 572 11 76
a 542 573 12 2
a 542 543 34 93
a 543 572 25 62
a 543 542 12 18
a 543 573 65 40
a 543 574 54 37
a 543 544 30 54
a 544 573 97 35
a 544 543 97 28
a 544 574 5 87
a 544 575 51 18
a 544 545 86 34
a 545 574 49 39
a 545 544 63 91
a 545 575 63 66
a 545 576 45 72
a 545 546 11 88
a 546 575 8 83
a 546 545 92 73
a 546 576 26 98
a 546 577 24 80
a 546 547 92 42
a 547 576 75 63
a 547 546 95 55
a 547 577 74 28
a 547 578 8 11
a 547 548 27 39
a 548 577 15 20
a 548 547 13 95
a 548 578 47 60
a 548 579 38 31
a 548 549 58 60
a 549 578 66 10
a 549 548 53 41
a 549 579 64 32
a 549 580 7 87
a 549 550 15 6
a 550 579 23 23
a 550 549 17 49
a 550 580 96 13
a 550 581 79 90
a 550 551 24 51
a 551 580 66 77
a 551 550 5 34
a 551 581 8 56
a 551 582 93 7
a 551 552 25 10
a 552 581 26 73
a 552 551 8 22
a 552 582 61 1
a 552 583 91 70
a 552 553 3 22
a 553 582 18 18
a 553 552 53 21
a 553 583 40 71
a 553 584 98 54
a 553 554 51 16
a 554 583 17 45
a 554 553 95 4
a 554 584 77 39
a 554 585 29 96
a 554 555 36 44
a 555 584 38 44
a 555 554 83 42
a 555 585 89 38
a 555 586 96 73
a 555 556 39 88
a 556 585 75 63
a 556 555 34 40
a 556 586 83 27
a 556 587 93 13
a 556 557 77 21
a 557 586 63 12
a 557 556 38 36
a 557 587 2 61
a 557 588 62 17
a 557 558 33 76
a 558 587 98 47
a 558 557 70 24
a 558 588 19 57
a 558 589 90 68
a 558 559 69 32
a 559 588 74 9
a 559 558 6 50
a 559 589 7 40
a 559 590 37 80
a 559 560 98 8
a 560 589 59 51
a 560 559 94 16
a 560 590 41 16
a 560 591 31 11
a 560 561 68 45
a 561 590 4 93
a 561 560 65 93
a 561 591 29 19
a 561 592 77 35
a 561 562 67 18
a 562 591 9 94
a 562 561 26 97
a 562 592 80 50
a 562 593 28 89
a 562 563 38 54
a 563 592 8 96
a 563 562 70 68
a 563 593 78 42
a 563 594 80 5
a 563 564 91 30
a 564 593 84 74
a 564 563 96 37
a 564 594 6 84
a 564 595 75 84
a 564 565 6 19
a 565 594 63 77
a 565 564 100 63
a 565 595 90 5
a 565 596 22 8
a 565 566 94 57
a 566 595 28 73
a 566 565 43 35
a 566 596 85 91
a 566 597 95 51
a 566 567 72 56
a 567 596 68 7
a 567 566 40 94
a 567 597 92 45
a 567 598 48 78
a 567 568 12 44
a 568 597 16 23
a 568 567 87 25
a 568 598 2 64
a 568 599 25 8
a 568 569 39 31
a 569 598 4 87
a 569 568 13 55
a 569 599 7 79
a 569 600 64 69
a 569 570 58 67
a 570 599 24 27
a 570 569 15 42
a 570 600 62 98
a 571 601 74 37
a 571 602 53 6
a 571 572 45 73
a 572 601 49 92
a 572 571 90 63
a 572 602 71 87
a 572 603 21 47
a 572 573 75 68
a 573 602 18 42
a 573 572 9 9
a 573 603 45 20
a 573 604 80 86
a 573 574 6 62
a 574 603 38 60
a 574 573 4 62
a 574 604 22 49
a 574 605 62 5
a 574 575 43 32
a 575 604 16 70
a 575 574 81 29
a 575 605 28 17
a 575 606 78 34
a 575 576 49 97
a 576 605 31 91
a 576 575 86 63
a 576 606 22 48
a 576 607 23 61
a 576 577 28 45
a 577 606 72 68
a 577 576 76 42
a 577 607 83 19
a 577 608 34 100
a 577 578 85 52
a 578 607 15 28
a 578 577 66 24
a 578 608 90 32
a 578 609 47 39
a 578 579 44 16
a 579 608 84 38
a 579 578 37 56
a 579 609 1 18
a 579 610 95 83
a 579 580 50 58
a 580 609 56 79
a 580 579 8 25
a 580 610 47 100
a 580 611 4 21
a 580 581 56 87
a 581 610 91 64
a 581 580 25 27
a 581 611 52 85
a 581 612 82 82
a 581 582 81 3
a 582 611 77 97
a 582 581 52 59
a 582 612 35 14
a 582 613 46 20
a 582 583 87 22
a 583 612 79 32
a 583 582 88 28
a 583 613 13 21
a 583 614 67 5
a 583 584 16 37
a 584 613 15 94
a 584 583 3 84
a 584 614 60 31
a 584 615 48 1
a 584 585 8 66
a 585 614 90 56
a 585 584 21 61
a 585 615 4 55
a 585 616 77 69
a 585 586 47 55
a 586 615 91 29
a 586 585 84 14
a 586 616 37 99
a 586 617 76 27
a 586 587 35 42
a 587 616 25 83
a 587 586 20 12
a 587 617 69 79
a 587 618 66 58
a 587 588 8 91
a 588 617 48 90
a 588 587 63 13
a 588 618 95 45
a 588 619 84 75
a 588 589 69 75
a 589 618 32 4
a 589 588 78 32
a 589 619 43 57
a 589 620 70 93
a 589 590 40 57
a 590 619 25 88
a 590 589 4 85
a 590 620 29 21
a 590 621 7 2
a 590 591 61 3
a 591 620 6 67
a 591 590 35 63
a 591 621 87 68
a 591 622 12 19
a 591 592 40 2
a 592 621 45 66
a 592 591 14 38
a 592 622 98 64
a 592 623 70 12
a 592 593 96 58
a 593 622 13 25
a 593 592 47 24
a 593 623 38 26
a 593 624 44 67
a 593 594 30 46
a 594 623 78 66
a 594 593 92 78
a 594 624 88 92
a 594 625 11 43
a 594 595 92 33
a 595 624 43 72
a 595 594 84 7
a 595 625 28 59
a 595 626 5 75
a 595 596 15 43
a 596 625 9 77
a 596 595 100 93
a 596 626 38 85
a 596 627 13 15
a 596 597 85 80
a 597 626 24 49
a 597 596 77 3
a 597 627 68 3
a 597 628 51 94
a 597 598 2 88
a 598 627 19 34
a 598 597 19 50
a 598 628 91 1
a 598 629 91 98
a 598 599 68 43
a 599 628 12 59
a 599 598 63 11
a 599 629 41 99
a 599 630 5 3
a 599 600 39 46
a 600 629 14 81
a 600 599 21 40
a 600 630 29 14
a 601 631 44 50
a 601 632 37 57
a 601 602 21 41
a 602 631 37 78
a 602 601 63 27
a 602 632 44 25
a 602 633 3 82
a 602 603 35 11
a 603 632 51 55
a 603 602 5 88
a 603 633 7 28
a 603 634 2 90
a 603 604 18 27
a 604 633 73 17
a 604 603 56 75
a 604 634 31 76
a 604 635 90 88
a 604 605 61 81
a 605 634 8 31
a 605 604 65 5
a 605 635 11 28
a 605 636 85 87
a 605 606 3 93
a 606 635 14 59
a 606 605 38 52
a 606 636 16 91
a 606 637 19 24
a 606 607 59 62
a 607 636 91 81
a 607 606 45 61
a 607 637 66 26
a 607 638 52 63
a 607 608 52 68
a 608 637 99 9
a 608 607 66 38
a 608 638 100 47
a 608 639 79 44
a 608 609 94 74
a 609 638 43 93
a 609 608 61 63
a 609 639 27 89
a 609 640 74 5
a 609 610 68 83
a 610 639 61 43
a 610 609 91 52
a 610 640 71 73
a 610 641 90 65
a 610 611 81 37
a 611 640 33 7
a 611 610 27 89
a 611 641 43 46
a 611 642 6 69
a 611 612 27 71
a 612 641 49 67
a 612 611 44 59
a 612 642 91 80
a 612 643 5 42
a 612 613 93 45
a 613 642 43 1
a 613 612 96 30
a 613 643 13 60
a 613 644 25 52
a 613 614 57 76
a 614 643 85 61
a 614 613 96 40
a 614 644 82 47
a 614 645 61 55
a 614 615 15 21
a 615 644 99 30
a 615 614 60 18
a 615 645 86 68
a 615 646 37 20
a 615 616 87 24
a 616 645 17 56
a 616 615 92 82
a 616 646 28 70
a 616 647 96 7
a 616 617 17 67
a 617 646 63 90
a 617 616 6 71
a 617 647 3 88
a 617 648 15 97
a 617 618 49 36
a 618 647 90 89
a 618 617 3 88
a 618 648 6 42
a 618 649 72 34
a 618 619 91 17
a 619 648 71 98
a 619 618 68 90
a 619 649 6 65
a 619 650 44 58
a 619 620 34 98
a 620 649 15 14
a 620 619 91 89
a 620 650 62 87
a 620 651 89 10
a 620 621 98 99
a 621 650 9 55
a 621 620 41 60
a 621 651 44 6
a 621 652 91 4
a 621 622 23 78
a 622 651 80 2
a 622 621 84 69
a 622 652 92 99
a 622 653 53 16
a 622 623 1 96
a 623 652 17 55
a 623 622 33 56
a 623 653 29 67
a 623 654 59 34
a 623 624 53 46
a 624 653 95 59
a 624 623 57 63
a 624 654 42 62
a 624 655 4 95
a 624 625 44 72
a 625 654 10 24
a 625 624 46 39
a 625 655 70 100
a 625 656 88 22
a 625 626 54 29
a 626 655 71 68
a 626 625 27 41
a 626 656 9 50
a 626 657 86 42
a 626 627 73 34
a 627 656 81 1
a 627 626 27 79
a 627 657 84 79
a 627 658 10 95
a 627 628 88 4
a 628 657 40 49
a 628 627 54 11
a 628 658 31 88
a 628 659 49 39
a 628 629 76 68
a 629 658 64 94
a 629 628 62 80
a 629 659 19 85
a 629 660 82 96
a 629 630 69 88
a 630 659 82 29
a 630 629 8 50
a 630 660 81 3
a 631 661 95 40
a 631 662 44 28
a 631 632 12 99
a 632 661 27 72
a 632 631 70 41
a 632 662 92 81
a 632 663 64 91
a 632 633 13 100
a 633 662 36 21
a 633 632 17 9
a 633 663 29 14
a 633 664 60 65
a 633 634 95 94
a 634 663 36 10
a 634 633 94 42
a 634 664 97 41
a 634 665 5 27
a 634 635 62 75
a 635 664 32 95
a 635 634 74 69
a 635 665 75 81
a 635 666 16 19
a 635 636 9 32
a 636 665 94 79
a 636 635 70 39
a 636 666 14 40
a 636 667 44 88
a 636 637 4 22
a 637 666 20 44
a 637 636 36 37
a 637 667 31 76
a 637 668 88 27
a 637 638 47 14
a 638 667 98 6
a 638 637 53 9
a 638 668 48 95
a 638 669 84 18
a 638 639 53 60
a 639 668 43 80
a 639 638 95 85
a 639 669 41 53
a 639 670 3 28
a 639 640 42 44
a 640 669 21 14
a 640 639 59 2
a 640 670 22 6
a 640 671 99 84
a 640 641 73 73
a 641 670 52 54
a 641 640 13 72
a 641 671 61 28
a 641 672 37 31
a 641 642 94 6
a 642 671 53 38
a 642 641 38 13
a 642 672 61 58
a 642 673 90 9
a 642 643 96 65
a 643 672 70 78
a 643 642 11 95
a 643 673 9 36
a 643 674 82 14
a 643 644 70 67
a 644 673 52 5
a 644 643 97 83
a 644 674 38 77
a 644 675 77 49
a 644 645 5 4
a 645 674 36 59
a 645 644 81 68
a 645 675 98 23
a 645 676 79 85
a 645 646 52 80
a 646 675 47 39
a 646 645 88 48
a 646 676 43 35
a 646 677 65 94
a 646 647 55 19
a 647 676 56 48
a 647 646 5 37
a 647 677 50 45
a 647 678 67 5
a 647 648 98 22
a 648 677 81 72
a 648 647 55 70
a 648 678 81 22
a 648 679 35 37
a 648 649 93 23
a 649 678 84 65
a 649 648 18 66
a 649 679 12 32
a 649 680 44 50
a 649 650 68 23
a 650 679 35 95
a 650 649 57 96
a 650 680 73 21
a 650 681 2 4
a 650 651 54 44
a 651 680 98 34
a 651 650 28 77
a 651 681 83 71
a 651 682 57 68
a 651 652 49 11
a 652 681 63 83
a 652 651 65 2
a 652 682 3 86
a 652 683 82 22
a 652 653 82 77
a 653 682 1 73
a 653 652 20 93
a 653 683 89 78
a 653 684 51 18
a 653 654 69 75
a 654 683 12 75
a 654 653 35 78
a 654 684 50 19
a 654 685 79 67
a 654 655 76 51
a 655 684 16 50
a 655 654 14 70
a 655 685 35 82
a 655 686 36 16
a 655 656 54 37
a 656 685 89 64
a 656 655 80 11
a 656 686 78 73
a 656 687 32 10
a 656 657 39 52
a 657 686 60 88
a 657 656 85 45
a 657 687 95 17
a 657 688 91 99
a 657 658 59 4
a 658 687 63 57
a 658 657 40 57
a 658 688 25 4
a 658 689 80 40
a 658 659 41 87
a 659 688 68 41
a 659 658 90 3
a 659 689 35 12
a 659 690 83 71
a 659 660 46 93
a 660 689 94 7
a 660 659 35 10
a 660 690 5 61
a 661 691 8 48
a 661 692 100 77
a 661 662 48 22
a 662 691 82 8
a 662 661 6 32
a 662 692 100 52
a 662 693 82 22
a 662 663 52 23
a 663 692 40 11
a 663 662 15 37
a 663 693 32 21
a 663 694 41 19
a 663 664 11 18
a 664 693 19 62
a 664 663 69 72
a 664 694 75 77
a 664 695 88 90
a 664 665 4 1
a 665 694 18 95
a 665 664 61 39
a 665 695 96 76
a 665 696 3 11
a 665 666 85 22
a 666 695 19 4
a 666 665 6 98
a 666 696 35 51
a 666 697 35 27
a 666 667 73 58
a 667 696 87 30
a 667 666 86 62
a 667 697 2 95
a 667 698 88 36
a 667 668 9 75
a 668 697 91 90
a 668 667 44 34
a 668 698 39 74
a 668 699 7 33
a 668 669 59 81
a 669 698 66 30
a 669 668 87 86
a 669 699 78 15
a 669 700 59 84
a 669 670 73 4
a 670 699 87 42
a 670 669 39 52
a 670 700 87 23
a 670 701 59 56
a 670 671 80 3
a 671 700 57 44
a 671 670 54 73
a 671 701 14 46
a 671 702 78 9
a 671 672 39 41
a 672 701 7 1
a 672 671 20 68
a 672 702 88 81
a 672 703 32 13
a 672 673 65 97
a 673 702 33 97
a 673 672 71 1
a 673 703 85 72
a 673 704 3 72
a 673 674 88 25
a 674 703 55 28
a 674 673 38 44
a 674 704 92 41
a 674 705 90 57
a 674 675 28 8
a 675 704 24 26
a 675 674 96 72
a 675 705 56 41
a 675 706 46 14
a 675 676 92 12
a 676 705 44 86
a 676 675 4 90
a 676 706 60 86
a 676 707 74 39
a 676 677 9 82
a 677 706 84 83
a 677 676 57 81
a 677 707 47 63
a 677 708 69 75
a 677 678 21 85
a 678 707 66 56
a 678 677 27 36
a 678 708 12 82
a 678 709 97 13
a 678 679 24 79
a 679 708 38 45
a 679 678 16 7
a 679 709 62 71
a 679 710 80 73
a 679 680 23 60
a 680 709 5 92
a 680 679 20 14
a 680 710 45 12
a 680 711 79 26
a 680 681 94 39
a 681 710 69 20
a 681 680 39 20
a 681 711 46 34
a 681 712 17 86
a 681 682 60 80
a 682 711 7 38
a 682 681 66 91
a 682 712 34 11
a 682 713 2 63
a 682 683 9 6
a 683 712 22 32
a 683 682 88 55
a 683 713 23 62
a 683 714 92 99
a 683 684 56 1
a 684 713 89 84
a 684 683 86 16
a 684 714 25 71
a 684 715 34 36
a 684 685 98 85
a 685 714 25 22
a 685 684 83 42
a 685 715 41 35
a 685 716 85 71
a 685 686 100 12
a 686 715 32 34
a 686 685 80 50
a 686 716 17 31
a 686 717 46 86
a 686 687 22 57
a 687 716 33 71
a 687 686 44 96
a 687 717 96 38
a 687 718 46 63
a 687 688 8 99
a 688 717 80 43
a 688 687 27 10
a 688 718 24 63
a 688 719 21 56
a 688 689 81 86
a 689 718 33 57
a 689 688 100 51
a 689 719 10 58
a 689 720 60 68
a 689 690 96 72
a 690 719 15 47
a 690 689 74 40
a 690 720 51 68
a 691 721 73 66
a 691 722 15 71
a 691 692 26 90
a 692 721 25 67
a 692 691 11 26
a 692 722 46 6
a 692 723 39 90
a 692 693 70 17
a 693 722 81 65
a 693 692 79 31
a 693 723 62 41
a 693 724 61 17
a 693 694 6 75
a 694 723 54 35
a 694 693 74 28
a 694 724 80 43
a 694 725 100 100
a 694 695 28 88
a 695 724 86 86
a 695 694 67 34
a 695 725 88 4
a 695 726 84 57
a 695 696 16 82
a 696 725 9 48
a 696 695 67 37
a 696 726 67 5
a 696 727 66 31
a 696 697 89 78
a 697 726 52 50
a 697 696 4 6
a 697 727 91 60
a 697 728 85 19
a 697 698 95 96
a 698 727 68 84
a 698 697 6 30
a 698 728 42 60
a 698 729 14 70
a 698 699 39 86
a 699 728 10 3
a 699 698 21 38
a 699 729 63 38
a 699 730 85 37
a 699 700 92 70
a 700 729 19 49
a 700 699 73 86
a 700 730 17 89
a 700 731 52 100
a 700 701 41 81
a 701 730 82 66
a 701 700 36 65
a 701 731 88 78
a 701 732 100 20
a 701 702 23 14
a 702 731 87 19
a 702 701 18 66
a 702 732 70 92
a 702 733 3 78
a 702 703 56 51
a 703 732 38 56
a 703 702 75 92
a 703 733 45 88
a 703 734 21 7
a 703 704 53 63
a 704 733 25 44
a 704 703 78 33
a 704 734 77 2
a 704 735 66 11
a 704 705 35 79
a 705 734 68 13
a 705 704 68 74
a 705 735 93 50
a 705 736 5 74
a 705 706 68 94
a 706 735 86 39
a 706 705 78 9
a 706 736 86 52
a 706 737 93 18
a 706 707 44 72
a 707 736 22 49
a 707 706 75 13
a 707 737 22 63
a 707 738 89 58
a 707 708 86 4
a 708 737 10 61
a 708 707 87 72
a 708 738 29 58
a 708 739 29 19
a 708 709 25 39
a 709 738 53 22
a 709 708 93 38
a 709 739 46 36
a 709 740 70 4
a 709 710 4 29
a 710 739 1 88
a 710 709 63 19
a 710 740 33 72
a 710 741 75 10
a 710 711 20 88
a 711 740 22 10
a 711 710 70 13
a 711 741 12 17
a 711 742 8 88
a 711 712 60 54
a 712 741 26 8
a 712 711 19 10
a 712 742 50 82
a 712 743 76 29
a 712 713 57 41
a 713 742 99 5
a 713 712 5 43
a 713 743 24 72
a 713 744 75 28
a 713 714 5 24
a 714 743 56 73
a 714 713 64 12
a 714 744 10 36
a 714 745 3 81
a 714 715 55 18
a 715 744 20 38
a 715 714 8 65
a 715 745 5 78
a 715 746 57 17
a 715 716 70 49
a 716 745 71 95
a 716 715 38 46
a 716 746 100 30
a 716 747 45 60
a 716 717 79 82
a 717 746 47 59
a 717 716 39 50
a 717 747 15 46
a 717 748 10 49
a 717 718 82 64
a 718 747 10 42
a 718 717 71 44
a 718 748 16 33
a 718 749 57 81
a 718 719 78 94
a 719 748 35 87
a 719 718 10 53
a 719 749 84 64
a 719 750 34 32
a 719 720 38 88
a 720 749 19 10
a 720 719 50 48
a 720 750 34 60
a 721 751 82 13
a 721 752 38 62
a 721 722 48 93
a 722 751 67 94
a 722 721 35 19
a 722 752 37 41
a 722 753 31 57
a 722 723 72 33
a 723 752 38 67
a 723 722 100 48
a 723 753 18 67
a 723 754 14 48
a 723 724 79 63
a 724 753 46 75
a 724 723 53 31
a 724 754 77 33
a 724 755 43 88
a 724 725 22 40
a 725 754 71 14
a 725 724 24 84
a 725 755 70 91
a 725 756 87 65
a 725 726 8 69
a 726 755 28 2
a 726 725 85 98
a 726 756 12 96
a 726 757 87 6
a 726 727 38 96
a 727 756 92 82
a 727 726 64 42
a 727 757 24 72
a 727 758 3 75
a 727 728 53 84
a 728 757 75 78
a 728 727 83 78
a 728 758 50 35
a 728 759 59 13
a 728 729 11 44
a 729 758 19 96
a 729 728 2 82
a 729 759 23 24
a 729 760 31 16
a 729 730 72 67
a 730 759 8 87
a 730 729 93 12
a 730 760 30 75
a 730 761 61 71
a 730 731 90 9
a 731 760 80 56
a 731 730 96 62
a 731 761 49 8
a 731 762 73 83
a 731 732 17 60
a 732 761 95 39
a 732 731 13 23
a 732 762 42 31
a 732 763 52 55
a 732 733 80 45
a 733 762 88 64
a 733 732 80 26
a 733 763 87 61
a 733 764 31 89
a 733 734 89 100
a 734 763 88 71
a 734 733 76 48
a 734 764 42 41
a 734 765 73 66
a 734 735 69 17
a 735 764 82 53
a 735 734 78 14
a 735 765 58 19
a 735 766 24 39
a 735 736 68 98
a 736 765 95 19
a 736 735 88 83
a 736 766 100 47
a 736 767 60 46
a 736 737 71 85
a 737 766 15 11
a 737 736 58 42
a 737 767 76 61
a 737 768 3 90
a 737 738 94 94
a 738 767 50 39
a 738 737 21 3
a 738 768 5 52
a 738 769 37 6
a 738 739 47 97
a 739 768 74 38
a 739 738 8 69
a 739 769 67 78
a 739 770 42 71
a 739 740 25 39
a 740 769 15 35
a 740 739 88 47
a 740 770 71 36
a 740 771 90 39
a 740 741 1 83
a 741 770 68 5
a 741 740 47 91
a 741 771 58 95
a 741 772 26 42
a 741 742 42 33
a 742 771 48 81
a 742 741 56 5
a 742 772 76 80
a 742 773 22 70
a 742 743 24 3
a 743 772 26 18
a 743 742 34 6
a 743 773 11 14
a 743 774 17 11
a 743 744 13 72
a 744 773 48 45
a 744 743 36 7
a 744 774 25 51
a 744 775 72 40
a 744 745 96 68
a 745 774 58 40
a 745 744 3 27
a 745 775 93 31
a 745 776 14 56
a 745 746 84 47
a 746 775 60 22
a 746 745 28 5
a 746 776 32 31
a 746 777 22 6
a 746 747 86 37
a 747 776 85 50
a 747 746 30 83
a 747 777 70 20
a 747 778 100 25
a 747 748 89 14
a 748 777 67 53
a 748 747 37 67
a 748 778 3 96
a 748 779 61 66
a 748 749 94 52
a 749 778 38 49
a 749 748 34 52
a 749 779 29 100
a 749 780 53 17
a 749 750 97 92
a 750 779 99 52
a 750 749 22 89
a 750 780 1 87
a 751 781 17 72
a 751 782 7 45
a 751 752 12 30
a 752 781 91 54
a 752 751 10 54
a 752 782 42 38
a 752 783 96 24
a 752 753 80 9
a 753 782 7 88
a 753 752 68 61
a 753 783 14 90
a 753 784 78 9
a 753 754 53 53
a 754 783 68 60
a 754 753 80 44
a 754 784 40 54
a 754 785 26 43
a 754 755 96 73
a 755 784 45 71
a 755 754 1 18
a 755 785 6 92
a 755 786 98 71
a 755 756 90 69
a 756 785 25 27
a 756 755 100 80
a 756 786 44 18
a 756 787 4 23
a 756 757 50 27
a 757 786 69 83
a 757 756 41 51
a 757 787 15 27
a 757 788 75 91
a 757 758 56 53
a 758 787 85 26
a 758 757 100 29
a 758 788 44 99
a 758 789 100 15
a 758 759 24 70
a 759 788 31 16
a 759 758 76 53
a 759 789 61 13
a 759 790 63 9
a 759 760 65 8
a 760 789 41 67
a 760 759 74 47
a 760 790 5 66
a 760 791 55 15
a 760 761 87 35
a 761 790 72 9
a 761 760 51 37
a 761 791 45 89
a 761 792 28 67
a 761 762 1 37
a 762 791 76 87
a 762 761 3 5
a 762 792 65 36
a 762 793 61 34
a 762 763 57 4
a 763 792 75 12
a 763 762 99 76
a 763 793 100 89
a 763 794 93 98
a 763 764 28 67
a 764 793 95 14
a 764 763 33 37
a 764 794 66 81
a 764 795 96 35
a 764 765 94 30
a 765 794 8 88
a 765 764 58 90
a 765 795 67 17
a 765 796 81 96
a 765 766 40 17
a 766 795 66 22
a 766 765 72 43
a 766 796 77 91
a 766 797 70 57
a 766 767 17 53
a 767 796 7 71
a 767 766 55 55
a 767 797 8 52
a 767 798 25 73
a 767 768 93 37
a 768 797 41 17
a 768 767 14 82
a 768 798 45 79
a 768 799 93 68
a 768 769 15 44
a 769 798 47 56
a 769 768 73 43
a 769 799 30 38
a 769 800 62 51
a 769 770 60 79
a 770 799 5 77
a 770 769 34 16
a 770 800 76 47
a 770 801 36 9
a 770 771 30 39
a 771 800 8 65
a 771 770 13 4
a 771 801 2 48
a 771 802 34 59
a 771 772 90 92
a 772 801 79 21
a 772 771 82 28
a 772 802 75 95
a 772 803 11 77
a 772 773 6 22
a 773 802 60 90
a 773 772 48 45
a 773 803 2 26
a 773 804 44 98
a 773 774 10 17
a 774 803 87 79
a 774 773 73 35
a 774 804 7 15
a 774 805 41 95
a 774 775 17 48
a 775 804 26 59
a 775 774 73 6
a 775 805 28 46
a 775 806 52 66
a 775 776 97 43
a 776 805 90 33
a 776 775 71 44
a 776 806 20 90
a 776 807 95 83
a 776 777 81 3
a 777 806 65 52
a 777 776 45 71
a 777 807 96 30
a 777 808 5 97
a 777 778 2 17
a 778 807 74 52
a 778 777 45 33
a 778 808 54 68
a 778 809 46 16
a 778 779 88 40
a 779 808 39 36
a 779 778 65 7
a 779 809 47 87
a 779 810 99 22
a 779 780 17 57
a 780 809 35 43
a 780 779 34 50
a 780 810 79 12
a 781 811 73 62
a 781 812 29 95
a 781 782 58 55
a 782 811 56 10
a 782 781 92 56
a 782 812 1 51
a 782 813 55 51
a 782 783 99 22
a 783 812 40 56
a 783 782 79 78
a 783 813 100 89
a 783 814 66 62
a 783 784 65 20
a 784 813 80 98
a 784 783 5 7
a 784 814 7 15
a 784 815 44 88
a 784 785 19 80
a 785 814 21 44
a 785 784 28 10
a 785 815 49 75
a 785 816 58 51
a 785 786 20 71
a 786 815 80 71
a 786 785 74 4
a 786 816 65 39
a 786 817 85 84
a 786 787 100 91
a 787 816 65 71
a 787 786 42 3
a 787 817 49 35
a 787 818 71 63
a 787 788 62 87
a 788 817 25 37
a 788 787 22 18
a 788 818 46 24
a 788 819 21 51
a 788 789 90 15
a 789 818 76 76
a 789 788 92 87
a 789 819 60 48
a 789 820 49 25
a 789 790 83 61
a 790 819 43 48
a 790 789 66 6
a 790 820 25 63
a 790 821 2 94
a 790 791 32 96
a 791 820 45 92
a 791 790 77 66
a 791 821 49 28
a 791 822 6 77
a 791 792 57 6
a 792 821 39 60
a 792 791 20 41
a 792 822 63 94
a 792 823 77 98
a 792 793 81 29
a 793 822 41 76
a 793 792 81 37
a 793 823 45 34
a 793 824 59 94
a 793 794 17 36
a 794 823 46 94
a 794 793 66 58
a 794 824 38 58
a 794 825 7 5
a 794 795 16 15
a 795 824 67 48
a 795 794 92 85
a 795 825 87 48
a 795 826 97 36
a 795 796 63 73
a 796 825 17 23
a 796 795 8 1
a 796 826 31 6
a 796 827 56 78
a 796 797 78 95
a 797 826 14 97
a 797 796 100 37
a 797 827 41 13
a 797 828 5 26
a 797 798 76 15
a 798 827 99 72
a 798 797 1 44
a 798 828 30 11
a 798 829 78 80
a 798 799 33 21
a 799 828 13 46
a 799 798 95 71
a 799 829 44 56
a 799 830 1 19
a 799 800 13 63
a 800 829 41 43
a 800 799 4 24
a 800 830 20 34
a 800 831 87 42
a 800 801 4 42
a 801 830 27 100
a 801 800 20 79
a 801 831 41 62
a 801 832 15 74
a 801 802 80 100
a 802 831 72 54
a 802 801 43 95
a 802 832 5 64
a 802 833 55 65
a 802 803 46 41
a 803 832 42 92
a 803 802 76 58
a 803 833 63 55
a 803 834 40 95
a 803 804 38 28
a 804 833 42 14
a 804 803 53 90
a 804 834 83 20
a 804 835 32 23
a 804 805 46 29
a 805 834 58 58
a 805 804 98 45
a 805 835 89 36
a 805 836 82 94
a 805 806 72 56
a 806 835 8 42
a 806 805 97 85
a 806 836 12 39
a 806 837 85 56
a 806 807 61 2
a 807 836 51 4
a 807 806 92 49
a 807 837 17 15
a 807 838 8 87
a 807 808 63 50
a 808 837 91 30
a 808 807 16 12
a 808 838 59 12
a 808 839 19 59
a 808 809 95 67
a 809 838 49 89
a 809 808 45 44
a 809 839 12 11
a 809 840 79 43
a 809 810 63 32
a 810 839 98 6
a 810 809 75 5
a 810 840 91 39
a 811 841 28 16
a 811 842 74 28
a 811 812 89 51
a 812 841 6 50
a 812 811 21 91
a 812 842 11 22
a 812 843 49 83
a 812 813 98 49
a 813 842 30 7
a 813 812 42 38
a 813 843 41 5
a 813 844 84 62
a 813 814 24 3
a 814 843 81 75
a 814 813 48 19
a 814 844 76 82
a 814 845 17 1
a 814 815 15 52
a 815 844 41 39
a 815 814 32 32
a 815 845 85 19
a 815 846 9 7
a 815 816 43 37
a 816 845 1 93
a 816 815 32 36
a 816 846 26 8
a 816 847 26 60
a 816 817 96 99
a 817 846 37 29
a 817 816 40 33
a 817 847 100 59
a 817 848 62 28
a 817 818 97 86
a 818 847 97 5
a 818 817 9 26
a 818 848 8 46
a 818 849 25 28
a 818 819 62 68
a 819 848 93 43
a 819 818 92 94
a 819 849 59 54
a 819 850 3 6
a 819 820 53 31
a 820 849 41 3
a 820 819 61 18
a 820 850 84 25
a 820 851 13 16
a 820 821 78 65
a 821 850 75 47
a 821 820 13 73
a 821 851 83 74
a 821 852 78 45
a 821 822 33 30
a 822 851 42 27
a 822 821 19 81
a 822 852 9 65
a 822 853 94 98
a 822 823 83 53
a 823 852 85 30
a 823 822 78 77
a 823 853 29 26
a 823 854 97 45
a 823 824 69 87
a 824 853 94 79
a 824 823 52 47
a 824 854 66 7
a 824 855 21 5
a 824 825 15 4
a 825 854 52 45
a 825 824 97 62
a 825 855 49 2
a 825 856 2 86
a 825 826 29 100
a 826 855 51 19
a 826 825 21 70
a 826 856 71 31
a 826 857 16 93
a 826 827 78 75
a 827 856 31 83
a 827 826 48 40
a 827 857 15 24
a 827 858 74 15
a 827 828 46 27
a 828 857 30 64
a 828 827 26 9
a 828 858 66 96
a 828 859 27 34
a 828 829 66 100
a 829 858 62 9
a 829 828 75 6
a 829 859 27 10
a 829 860 5 74
a 829 830 48 71
a 830 859 93 42
a 830 829 10 29
a 830 860 64 84
a 830 861 17 69
a 830 831 87 29
a 831 860 38 3
a 831 830 7 73
a 831 861 36 61
a 831 862 74 84
a 831 832 1 74
a 832 861 65 8
a 832 831 38 39
a 832 862 90 89
a 832 863 34 39
a 832 833 30 77
a 833 862 93 35
a 833 832 100 2
a 833 863 96 19
a 833 864 24 61
a 833 834 14 45
a 834 863 42 86
a 834 833 36 61
a 834 864 15 6
a 834 865 98 11
a 834 835 97 25
a 835 864 23 69
a 835 834 48 2
a 835 865 59 62
a 835 866 42 60
a 835 836 34 16
a 836 865 13 6
a 836 835 92 91
a 836 866 76 7
a 836 867 87 24
a 836 837 42 69
a 837 866 21 49
a 837 836 51 88
a 837 867 18 86
a 837 868 100 4
a 837 838 79 17
a 838 867 67 36
a 838 837 45 55
a 838 868 78 89
a 838 869 77 20
a 838 839 89 99
a 839 868 14 18
a 839 838 59 34
a 839 869 69 13
a 839 870 1 25
a 839 840 97 17
a 840 869 61 16
a 840 839 86 34
a 840 870 85 85
a 841 871 83 29
a 841 872 9 43
a 841 842 56 5
a 842 871 56 30
a 842 841 84 17
a 842 872 75 66
a 842 873 71 68
a 842 843 72 74
a 843 872 56 99
a 843 842 54 28
a 843 873 35 23
a 843 874 54 49
a 843 844 81 72
a 844 873 29 80
a 844 843 90 54
a 844 874 73 72
a 844 875 35 91
a 844 845 75 94
a 845 874 36 57
a 845 844 43 44
a 845 875 2 58
a 845 876 68 36
a 845 846 98 66
a 846 875 47 90
a 846 845 83 46
a 846 876 61 10
a 846 877 74 59
a 846 847 96 81
a 847 876 51 57
a 847 846 47 63
a 847 877 93 70
a 847 878 80 5
a 847 848 54 51
a 848 877 11 38
a 848 847 96 26
a 848 878 65 12
a 848 879 84 39
a 848 849 100 9
a 849 878 26 33
a 849 848 73 53
a 849 879 79 44
a 849 880 40 33
a 849 850 63 34
a 850 879 55 83
a 850 849 90 39
a 850 880 34 61
a 850 881 22 46
a 850 851 59 8
a 851 880 16 5
a 851 850 54 91
a 851 881 8 80
a 851 882 38 16
a 851 852 78 87
a 852 881 51 3
a 852 851 53 55
a 852 882 31 29
a 852 883 56 7
a 852 853 91 52
a 853 882 90 80
a 853 852 35 86
a 853 883 100 42
a 853 884 14 3
a 853 854 53 34
a 854 883 37 22
a 854 853 5 34
a 854 884 51 32
a 854 885 78 15
a 854 855 22 47
a 855 884 69 19
a 855 854 9 38
a 855 885 90 94
a 855 886 25 85
a 855 856 86 55
a 856 885 39 97
a 856 855 86 29
a 856 886 96 14
a 856 887 88 51
a 856 857 28 65
a 857 886 91 10
a 857 856 57 93
a 857 887 81 53
a 857 888 19 6
a 857 858 17 51
a 858 887 61 65
a 858 857 71 34
a 858 888 71 79
a 858 889 47 67
a 858 859 79 13
a 859 888 33 35
a 859 858 19 33
a 859 889 20 89
a 859 890 61 88
a 859 860 38 25
a 860 889 27 11
a 860 859 76 9
a 860 890 18 43
a 860 891 28 47
a 860 861 89 40
a 861 890 23 8
a 861 860 14 31
a 861 891 54 64
a 861 892 24 6
a 861 862 20 78
a 862 891 25 85
a 862 861 97 39
a 862 892 40 47
a 862 893 7 51
a 862 863 15 18
a 863 892 38 29
a 863 862 59 88
a 863 893 95 41
a 863 894 17 27
a 863 864 10 47
a 864 893 65 8
a 864 863 4 34
a 864 894 46 47
a 864 895 48 50
a 864 865 72 91
a 865 894 94 95
a 865 864 6 54
a 865 895 70 80
a 865 896 44 92
a 865 866 16 45
a 866 895 62 94
a 866 865 76 81
a 866 896 68 25
a 866 897 89 68
a 866 867 90 45
a 867 896 71 37
a 867 866 35 64
a 867 897 13 96
a 867 898 25 59
a 867 868 66 83
a 868 897 31 13
a 868 867 85 6
a 868 898 7 62
a 868 899 100 1
a 868 869 17 40
a 869 898 54 66
a 869 868 10 6
a 869 899 36 4
a 869 900 75 77
a 869 870 89 60
a 870 899 4 61
a 870 869 15 2
a 870 900 32 96
