p sp 902 4236
n 0 s
n 901 t
a 0 1 35 61
a 0 2 11 82
a 0 3 29 3
a 0 4 50 65
a 0 5 60 62
a 0 6 86 83
a 0 7 78 15
a 0 8 82 7
a 0 9 77 38
a 0 10 87 100
a 0 11 12 93
a 0 12 86 96
a 0 13 79 14
a 0 14 58 60
a 0 15 47 94
a 0 16 39 36
a 0 17 23 69
a 0 18 93 18
a 0 19 62 35
a 0 20 54 88
a 0 21 58 90
a 0 22 33 75
a 0 23 71 43
a 0 24 29 36
a 0 25 25 15
a 0 26 40 22
a 0 27 58 90
a 0 28 30 39
a 0 29 8 47
a 0 30 31 11
a 871 901 27 26
a 872 901 76 87
a 873 901 72 88
a 874 901 96 23
a 875 901 51 10
a 876 901 66 81
a 877 901 47 96
a 878 901 31 27
a 879 901 4 94
a 880 901 21 96
a 881 901 100 84
a 882 901 45 32
a 883 901 27 83
a 884 901 99 91
a 885 901 93 72
a 886 901 81 83
a 887 901 10 57
a 888 901 80 70
a 889 901 15 44
a 890 901 28 45
a 891 901 100 47
a 892 901 97 80
a 893 901 94 62
a 894 901 2 4
a 895 901 74 32
a 896 901 94 19
a 897 901 47 61
a 898 901 90 48
a 899 901 49 37
a 900 901 78 34
a 1 31 87 67
a 1 32 24 7
a 2 31 56 13
a 2 32 47 77
a 2 33 50 83
a 3 32 29 85
a 3 33 100 87
a 3 34 89 17
a 4 33 39 35
a 4 34 25 83
a 4 35 48 94
a 5 34 79 37
a 5 35 40 14
a 5 36 2 48
a 6 35 80 68
a 6 36 80 45
a 6 37 56 67
a 7 36 15 35
a 7 37 76 54
a 7 38 21 94
a 8 37 63 35
a 8 38 12 62
a 8 39 96 53
a 9 38 25 35
a 9 39 94 79
a 9 40 69 9
a 10 39 67 100
a 10 40 86 41
a 10 41 9 55
a 11 40 9 3
a 11 41 66 23
a 11 42 23 48
a 12 41 22 39
a 12 42 50 15
a 12 43 71 49
a 13 42 2 23
a 13 43 41 50
a 13 44 1 20
a 14 43 80 54
a 14 44 60 91
a 14 45 35 57
a 15 44 56 58
a 15 45 75 13
a 15 46 38 17
a 16 45 77 32
a 16 46 15 50
a 16 47 41 31
a 17 46 12 46
a 17 47 84 85
a 17 48 78 28
a 18 47 85 81
a 18 48 65 30
a 18 49 72 87
a 19 48 39 60
a 19 49 51 89
a 19 50 36 77
a 20 49 3 71
a 20 50 65 8
a 20 51 47 90
a 21 50 78 55
a 21 51 52 66
a 21 52 94 83
a 22 51 93 91
a 22 52 87 1
a 22 53 26 72
a 23 52 98 73
a 23 53 81 99
a 23 54 44 41
a 24 53 96 17
a 24 54 42 29
a 24 55 82 15
a 25 54 83 9
a 25 55 88 44
a 25 56 1 17
a 26 55 88 50
a 26 56 8 100
a 26 57 22 91
a 27 56 91 4
a 27 57 12 24
a 27 58 63 87
a 28 57 4 12
a 28 58 82 95
a 28 59 4 51
a 29 58 85 84
a 29 59 37 18
a 29 60 99 95
a 30 59 89 56
a 30 60 34 7
a 31 61 12 92
a 31 62 83 92
a 31 32 38 14
a 32 61 70 79
a 32 31 36 16
a 32 62 56 36
a 32 63 12 25
a 32 33 94 1
a 33 62 18 5
a 33 32 59 61
a 33 63 53 96
a 33 64 50 25
a 33 34 68 73
a 34 63 45 42
a 34 33 11 99
a 34 64 22 34
a 34 65 62 55
a 34 35 28 21
a 35 64 40 73
a 35 34 70 66
a 35 65 68 53
a 35 66 36 76
a 35 36 85 83
a 36 65 75 39
a 36 35 33 34
a 36 66 76 6
a 36 67 93 26
a 36 37 89 46
a 37 66 87 14
a 37 36 64 71
a 37 67 93 28
a 37 68 17 23
a 37 38 22 56
a 38 67 15 57
a 38 37 79 24
a 38 68 94 15
a 38 69 4 23
a 38 39 28 95
a 39 68 8 77
a 39 38 17 76
a 39 69 47 25
a 39 70 42 53
a 39 40 68 90
a 40 69 91 16
a 40 39 64 52
a 40 70 25 57
a 40 71 66 21
a 40 41 76 18
a 41 70 40 17
a 41 40 84 59
a 41 71 67 34
a 41 72 27 31
a 41 42 3 56
a 42 71 63 5
a 42 41 77 72
a 42 72 26 81
a 42 73 90 53
a 42 43 76 75
a 43 72 21 32
a 43 42 20 3
a 43 73 34 81
a 43 74 40 32
a 43 44 52 7
a 44 73 66 55
a 44 43 4 21
a 44 74 20 63
a 44 75 51 32
a 44 45 45 89
a 45 74 89 49
a 45 44 33 30
a 45 75 60 11
a 45 76 32 10
a 45 46 21 30
a 46 75 98 58
a 46 45 6 99
a 46 76 92 51
a 46 77 37 4
a 46 47 7 40
a 47 76 49 52
a 47 46 5 97
a 47 77 55 12
a 47 78 78 1
a 47 48 32 61
a 48 77 16 3
a 48 47 74 11
a 48 78 71 31
a 48 79 56 27
a 48 49 40 3
a 49 78 20 12
a 49 48 77 49
a 49 79 100 4
a 49 80 47 11
a 49 50 33 5
a 50 79 32 18
a 50 49 53 8
a 50 80 20 69
a 50 81 4 46
a 50 51 35 74
a 51 80 89 66
a 51 50 91 55
a 51 81 6 20
a 51 82 57 7
a 51 52 90 4
a 52 81 15 4
a 52 51 67 11
a 52 82 61 36
a 52 83 22 38
a 52 53 36 12
a 53 82 27 56
a 53 52 71 89
a 53 83 5 62
a 53 84 27 99
a 53 54 30 91
a 54 83 38 69
a 54 53 80 51
a 54 84 24 82
a 54 85 34 89
a 54 55 21 90
a 55 84 58 24
a 55 54 43 72
a 55 85 7 75
a 55 86 72 40
a 55 56 86 74
a 56 85 45 82
a 56 55 61 73
a 56 86 67 38
a 56 87 65 43
a 56 57 33 39
a 57 86 7 60
a 57 56 67 46
a 57 87 31 59
a 57 88 62 16
a 57 58 72 15
a 58 87 46 8
a 58 57 59 66
a 58 88 53 36
a 58 89 82 100
a 58 59 40 20
a 59 88 73 43
a 59 58 85 57
a 59 89 17 48
a 59 90 100 3
a 59 60 25 50
a 60 89 11 17
a 60 59 78 99
a 60 90 19 6
a 61 91 10 30
a 61 92 44 41
a 61 62 22 44
a 62 91 45 54
a 62 61 78 96
a 62 92 24 88
a 62 93 78 87
a 62 63 81 48
a 63 92 30 58
a 63 62 55 36
a 63 93 98 29
a 63 94 83 98
a 63 64 48 84
a 64 93 26 8
a 64 63 80 77
a 64 94 85 96
a 64 95 2 77
a 64 65 24 36
a 65 94 35 86
a 65 64 56 67
a 65 95 46 27
a 65 96 74 100
a 65 66 66 18
a 66 95 34 97
a 66 65 98 70
a 66 96 61 33
a 66 97 52 84
a 66 67 11 82
a 67 96 95 16
a 67 66 8 85
a 67 97 63 2
a 67 98 42 20
a 67 68 47 32
a 68 97 4 50
a 68 67 39 76
a 68 98 90 20
a 68 99 72 74
a 68 69 82 40
a 69 98 10 30
a 69 68 39 2
a 69 99 57 56
a 69 100 97 14
a 69 70 87 9
a 70 99 77 96
a 70 69 61 11
a 70 100 70 88
a 70 101 57 54
a 70 71 25 58
a 71 100 93 38
a 71 70 61 55
a 71 101 63 41
a 71 102 20 19
a 71 72 28 69
a 72 101 43 83
a 72 71 46 51
a 72 102 57 67
a 72 103 90 99
a 72 73 100 40
a 73 102 24 76
a 73 72 76 66
a 73 103 27 25
a 73 104 20 77
a 73 74 33 93
a 74 103 22 83
a 74 73 99 28
a 74 104 43 87
a 74 105 13 71
a 74 75 13 62
a 75 104 22 34
a 75 74 7 90
a 75 105 43 50
a 75 106 7 20
a 75 76 94 56
a 76 105 98 98
a 76 75 89 13
a 76 106 72 83
a 76 107 5 57
a 76 77 62 3
a 77 106 59 84
a 77 76 18 86
a 77 107 70 65
a 77 108 27 62
a 77 78 99 32
a 78 107 34 56
a 78 77 73 90
a 78 108 92 89
a 78 109 91 81
a 78 79 74 46
a 79 108 41 7
a 79 78 55 18
a 79 109 56 81
a 79 110 26 4
a 79 80 47 95
a 80 109 48 11
a 80 79 7 45
a 80 110 72 99
a 80 111 41 74
a 80 81 30 75
a 81 110 27 50
a 81 80 34 46
a 81 111 10 59
a 81 112 44 39
a 81 82 4 45
a 82 111 89 23
a 82 81 22 31
a 82 112 35 54
a 82 113 60 34
a 82 83 97 22
a 83 112 100 36
a 83 82 82 13
a 83 113 1 61
a 83 114 21 27
a 83 84 73 26
a 84 113 79 39
a 84 83 75 16
a 84 114 81 2
a 84 115 96 21
a 84 85 61 38
a 85 114 56 70
a 85 84 44 94
a 85 115 26 96
a 85 116 26 31
a 85 86 73 21
a 86 115 49 74
a 86 85 33 36
a 86 116 95 81
a 86 117 73 81
a 86 87 28 29
a 87 116 62 22
a 87 86 57 82
a 87 117 82 30
a 87 118 24 14
a 87 88 4 71
a 88 117 16 100
a 88 87 9 17
a 88 118 12 72
a 88 119 29 3
a 88 89 32 73
a 89 118 95 86
a 89 88 11 83
a 89 119 53 2
a 89 120 45 83
a 89 90 40 15
a 90 119 62 1
a 90 89 12 65
a 90 120 72 12
a 91 121 92 63
a 91 122 6 98
a 91 92 34 2
a 92 121 97 2
a 92 91 71 84
a 92 122 48 51
a 92 123 6 92
a 92 93 80 31
a 93 122 10 86
a 93 92 23 30
a 93 123 85 70
a 93 124 83 22
a 93 94 60 69
a 94 123 61 75
a 94 93 70 96
a 94 124 27 76
a 94 125 42 97
a 94 95 72 68
a 95 124 17 6
a 95 94 100 32
a 95 125 20 29
a 95 126 17 98
a 95 96 34 62
a 96 125 32 47
a 96 95 14 19
a 96 126 68 30
a 96 127 9 5
a 96 97 36 71
a 97 126 55 93
a 97 96 92 52
a 97 127 21 18
a 97 128 72 23
a 97 98 10 95
a 98 127 65 50
a 98 97 22 78
a 98 128 25 53
a 98 129 61 42
a 98 99 89 85
a 99 128 57 50
a 99 98 14 75
a 99 129 48 34
a 99 130 78 95
a 99 100 92 95
a 100 129 77 14
a 100 99 8 5
a 100 130 76 99
a 100 131 96 24
a 100 101 81 93
a 101 130 14 93
a 101 100 49 79
a 101 131 9 18
a 101 132 32 91
a 101 102 51 85
a 102 131 15 17
a 102 101 74 71
a 102 132 68 80
a 102 133 95 76
a 102 103 70 69
a 103 132 99 83
a 103 102 82 83
a 103 133 19 23
a 103 134 19 52
a 103 104 92 66
a 104 133 60 94
a 104 103 5 23
a 104 134 61 84
a 104 135 49 51
a 104 105 12 60
a 105 134 65 16
a 105 104 5 1
a 105 135 6 21
a 105 136 52 49
a 105 106 55 23
a 106 135 59 24
a 106 105 74 62
a 106 136 40 94
a 106 137 61 85
a 106 107 17 67
a 107 136 5 35
a 107 106 67 86
a 107 137 79 61
a 107 138 56 99
a 107 108 75 92
a 108 137 3 33
a 108 107 3 13
a 108 138 7 97
a 108 139 44 94
a 108 109 63 80
a 109 138 76 69
a 109 108 1 37
a 109 139 12 87
a 109 140 13 34
a 109 110 12 21
a 110 139 89 73
a 110 109 14 27
a 110 140 31 80
a 110 141 76 3
a 110 111 39 74
a 111 140 47 10
a 111 110 67 1
a 111 141 25 58
a 111 142 41 21
a 111 112 50 91
a 112 141 73 23
a 112 111 98 32
a 112 142 69 87
a 112 143 66 39
a 112 113 73 12
a 113 142 14 17
a 113 112 19 89
a 113 143 52 19
a 113 144 20 49
a 113 114 92 61
a 114 143 53 97
a 114 113 25 69
a 114 144 34 50
a 114 145 63 73
a 114 115 61 34
a 115 144 9 79
a 115 114 26 63
a 115 145 13 22
a 115 146 6 71
a 115 116 68 41
a 116 145 10 28
a 116 115 2 76
a 116 146 16 72
a 116 147 59 83
a 116 117 66 69
a 117 146 84 51
a 117 116 82 74
a 117 147 76 96
a 117 148 38 58
a 117 118 77 21
a 118 147 88 67
a 118 117 40 68
a 118 148 94 48
a 118 149 54 65
a 118 119 1 96
a 119 148 97 54
a 119 118 47 29
a 119 149 36 13
a 119 150 3 100
a 119 120 23 6
a 120 149 25 48
a 120 119 86 89
a 120 150 87 35
a 121 151 88 80
a 121 152 64 94
a 121 122 96 9
a 122 151 12 96
a 122 121 81 22
a 122 152 65 9
a 122 153 20 67
a 122 123 53 98
a 123 152 66 61
a 123 122 44 41
a 123 153 44 30
a 123 154 61 31
a 123 124 59 4
a 124 153 12 89
a 124 123 32 79
a 124 154 84 19
a 124 155 3 52
a 124 125 20 42
a 125 154 30 15
a 125 124 32 6
a 125 155 49 90
a 125 156 14 28
a 125 126 98 54
a 126 155 58 13
a 126 125 99 19
a 126 156 12 58
a 126 157 38 34
a 126 127 97 76
a 127 156 23 43
a 127 126 17 78
a 127 157 57 65
a 127 158 3 43
a 127 128 27 44
a 128 157 38 30
a 128 127 29 86
a 128 158 53 32
a 128 159 40 67
a 128 129 23 91
a 129 158 30 64
a 129 128 85 1
a 129 159 31 20
a 129 160 45 29
a 129 130 94 96
a 130 159 91 24
a 130 129 21 92
a 130 160 31 1
a 130 161 81 79
a 130 131 70 25
a 131 160 92 82
a 131 130 50 13
a 131 161 64 46
a 131 162 10 18
a 131 132 21 50
a 132 161 30 99
a 132 131 48 28
a 132 162 57 11
a 132 163 95 71
a 132 133 65 58
a 133 162 17 38
a 133 132 100 30
a 133 163 35 46
a 133 164 17 2
a 133 134 28 85
a 134 163 37 63
a 134 133 59 39
a 134 164 16 96
a 134 165 11 15
a 134 135 67 36
a 135 164 89 87
a 135 134 17 8
a 135 165 78 25
a 135 166 51 90
a 135 136 87 48
a 136 165 13 32
a 136 135 18 63
a 136 166 67 82
a 136 167 65 78
a 136 137 44 19
a 137 166 3 36
a 137 136 47 72
a 137 167 16 10
a 137 168 20 83
a 137 138 95 12
a 138 167 97 19
a 138 137 59 29
a 138 168 98 73
a 138 169 61 53
a 138 139 30 51
a 139 168 6 8
a 139 138 81 25
a 139 169 9 79
a 139 170 48 52
a 139 140 33 7
a 140 169 9 98
a 140 139 68 74
a 140 170 52 93
a 140 171 7 64
a 140 141 97 26
a 141 170 78 59
a 141 140 55 22
a 141 171 64 72
a 141 172 30 87
a 141 142 34 55
a 142 171 47 72
a 142 141 85 83
a 142 172 22 15
a 142 173 82 78
a 142 143 40 25
a 143 172 81 46
a 143 142 14 37
a 143 173 21 36
a 143 174 5 89
a 143 144 75 72
a 144 173 1 52
a 144 143 90 99
a 144 174 22 89
a 144 175 60 29
a 144 145 78 50
a 145 174 20 23
a 145 144 93 63
a 145 175 48 60
a 145 176 93 55
a 145 146 97 8
a 146 175 83 95
a 146 145 65 22
a 146 176 48 70
a 146 177 37 15
a 146 147 17 24
a 147 176 33 32
a 147 146 46 34
a 147 177 34 52
a 147 178 69 80
a 147 148 55 84
a 148 177 96 98
a 148 147 3 48
a 148 178 56 3
a 148 179 42 79
a 148 149 1 40
a 149 178 98 33
a 149 148 55 61
a 149 179 78 65
a 149 180 15 73
a 149 150 92 57
a 150 179 28 86
a 150 149 81 48
a 150 180 42 100
a 151 181 70 10
a 151 182 93 32
a 151 152 72 92
a 152 181 25 23
a 152 151 43 12
a 152 182 33 57
a 152 183 12 98
a 152 153 73 8
a 153 182 46 45
a 153 152 95 24
a 153 183 4 23
a 153 184 19 12
a 153 154 62 35
a 154 183 3 88
a 154 153 14 69
a 154 184 47 18
a 154 185 90 61
a 154 155 80 20
a 155 184 31 58
a 155 154 56 72
a 155 185 36 58
a 155 186 79 100
a 155 156 45 98
a 156 185 53 29
a 156 155 27 24
a 156 186 76 94
a 156 187 75 13
a 156 157 36 9
a 157 186 59 2
a 157 156 77 89
a 157 187 93 22
a 157 188 58 92
a 157 158 86 93
a 158 187 33 37
a 158 157 54 61
a 158 188 47 71
a 158 189 99 58
a 158 159 46 80
a 159 188 51 69
a 159 158 60 96
a 159 189 83 30
a 159 190 32 90
a 159 160 42 74
a 160 189 9 49
a 160 159 76 4
a 160 190 47 81
a 160 191 65 24
a 160 161 47 65
a 161 190 78 34
a 161 160 85 93
a 161 191 99 46
a 161 192 17 45
a 161 162 14 72
a 162 191 39 45
a 162 161 72 83
a 162 192 76 21
a 162 193 57 11
a 162 163 19 48
a 163 192 66 55
a 163 162 24 24
a 163 193 76 3
a 163 194 36 36
a 163 164 88 59
a 164 193 58 91
a 164 163 51 80
a 164 194 75 34
a 164 195 59 72
a 164 165 33 45
a 165 194 99 84
a 165 164 49 88
a 165 195 24 4
a 165 196 35 71
a 165 166 61 91
a 166 195 55 41
a 166 165 11 84
a 166 196 99 34
a 166 197 6 89
a 166 167 25 43
a 167 196 79 50
a 167 166 95 71
a 167 197 56 96
a 167 198 48 20
a 167 168 1 88
a 168 197 93 54
a 168 167 25 98
a 168 198 85 80
a 168 199 68 18
a 168 169 3 8
a 169 198 28 54
a 169 168 99 87
a 169 199 96 92
a 169 200 68 54
a 169 170 28 100
a 170 199 57 33
a 170 169 25 13
a 170 200 54 40
a 170 201 4 4
a 170 171 30 9
a 171 200 14 89
a 171 170 83 35
a 171 201 20 46
a 171 202 2 45
a 171 172 8 64
a 172 201 18 90
a 172 171 60 36
a 172 202 16 77
a 172 203 70 80
a 172 173 65 1
a 173 202 41 38
a 173 172 84 39
a 173 203 72 30
a 173 204 10 37
a 173 174 49 9
a 174 203 80 35
a 174 173 46 72
a 174 204 80 49
a 174 205 68 68
a 174 175 93 95
a 175 204 84 48
a 175 174 45 58
a 175 205 31 46
a 175 206 32 80
a 175 176 96 95
a 176 205 67 55
a 176 175 26 5
a 176 206 75 35
a 176 207 21 98
a 176 177 69 57
a 177 206 95 3
a 177 176 7 77
a 177 207 92 16
a 177 208 53 72
a 177 178 89 96
a 178 207 29 7
a 178 177 23 14
a 178 208 12 27
a 178 209 76 42
a 178 179 7 42
a 179 208 44 37
a 179 178 35 44
a 179 209 57 11
a 179 210 37 71
a 179 180 3 31
a 180 209 29 5
a 180 179 84 54
a 180 210 10 47
a 181 211 37 50
a 181 212 76 16
a 181 182 20 59
a 182 211 62 40
a 182 181 38 95
a 182 212 3 31
a 182 213 70 61
a 182 183 16 94
a 183 212 83 96
a 183 182 87 76
a 183 213 8 58
a 183 214 99 70
a 183 184 56 17
a 184 213 76 29
a 184 183 33 19
a 184 214 50 10
a 184 215 53 66
a 184 185 14 72
a 185 214 27 99
a 185 184 21 54
a 185 215 60 62
a 185 216 38 68
a 185 186 96 72
a 186 215 51 96
a 186 185 24 37
a 186 216 12 90
a 186 217 34 73
a 186 187 80 41
a 187 216 45 71
a 187 186 20 33
a 187 217 99 60
a 187 218 38 97
a 187 188 71 55
a 188 217 19 69
a 188 187 8 53
a 188 218 61 34
a 188 219 26 60
a 188 189 97 35
a 189 218 31 93
a 189 188 9 21
a 189 219 25 95
a 189 220 97 51
a 189 190 58 24
a 190 219 44 50
a 190 189 73 2
a 190 220 14 92
a 190 221 9 22
a 190 191 90 52
a 191 220 88 41
a 191 190 31 71
a 191 221 46 57
a 191 222 39 51
a 191 192 88 49
a 192 221 91 36
a 192 191 16 93
a 192 222 73 87
a 192 223 99 63
a 192 193 24 59
a 193 222 70 14
a 193 192 60 35
a 193 223 82 85
a 193 224 98 99
a 193 194 55 62
a 194 223 23 39
a 194 193 44 45
a 194 224 5 50
a 194 225 41 43
a 194 195 6 13
a 195 224 5 16
a 195 194 38 7
a 195 225 52 5
a 195 226 71 8
a 195 196 53 76
a 196 225 12 10
a 196 195 30 9
a 196 226 87 12
a 196 227 53 81
a 196 197 68 50
a 197 226 1 38
a 197 196 100 59
a 197 227 58 31
a 197 228 91 38
a 197 198 86 76
a 198 227 90 88
a 198 197 10 9
a 198 228 8 23
a 198 229 93 7
a 198 199 24 88
a 199 228 72 40
a 199 198 13 67
a 199 229 92 20
a 199 230 62 3
a 199 200 49 17
a 200 229 4 9
a 200 199 31 8
a 200 230 26 43
a 200 231 23 50
a 200 201 87 34
a 201 230 75 78
a 201 200 60 53
a 201 231 27 30
a 201 232 43 41
a 201 202 93 37
a 202 231 79 61
a 202 201 24 27
a 202 232 54 83
a 202 233 90 47
a 202 203 80 62
a 203 232 43 74
a 203 202 54 76
a 203 233 26 46
a 203 234 80 51
a 203 204 87 63
a 204 233 99 39
a 204 203 74 50
a 204 234 51 91
a 204 235 88 44
a 204 205 97 37
a 205 234 83 9
a 205 204 77 57
a 205 235 17 2
a 205 236 92 42
a 205 206 62 6
a 206 235 53 72
a 206 205 3 68
a 206 236 62 74
a 206 237 40 90
a 206 207 62 92
a 207 236 85 93
a 207 206 65 9
a 207 237 6 73
a 207 238 48 94
a 207 208 8 29
a 208 237 87 55
a 208 207 71 61
a 208 238 49 96
a 208 239 86 48
a 208 209 56 36
a 209 238 78 85
a 209 208 34 90
a 209 239 52 54
a 209 240 72 52
a 209 210 31 26
a 210 239 77 13
a 210 209 86 33
a 210 240 42 20
a 211 241 90 97
a 211 242 66 19
a 211 212 71 53
a 212 241 77 2
a 212 211 14 79
a 212 242 20 48
a 212 243 68 54
a 212 213 92 69
a 213 242 77 15
a 213 212 98 10
a 213 243 95 56
a 213 244 75 86
a 213 214 62 20
a 214 243 20 98
a 214 213 9 10
a 214 244 15 63
a 214 245 64 40
a 214 215 85 57
a 215 244 75 7
a 215 214 23 92
a 215 245 98 33
a 215 246 12 3
a 215 216 70 40
a 216 245 17 52
a 216 215 55 90
a 216 246 58 86
a 216 247 12 51
a 216 217 73 56
a 217 246 5 46
a 217 216 4 31
a 217 247 28 73
a 217 248 54 99
a 217 218 8 88
a 218 247 2 52
a 218 217 58 28
a 218 248 89 39
a 218 249 5 25
a 218 219 24 32
a 219 248 5 77
a 219 218 23 74
a 219 249 57 85
a 219 250 77 54
a 219 220 14 43
a 220 249 96 33
a 220 219 92 94
a 220 250 96 37
a 220 251 85 33
a 220 221 52 84
a 221 250 88 79
a 221 220 12 16
a 221 251 12 63
a 221 252 27 3
a 221 222 98 85
a 222 251 13 99
a 222 221 45 73
a 222 252 18 47
a 222 253 57 72
a 222 223 63 28
a 223 252 38 55
a 223 222 25 22
a 223 253 4 19
a 223 254 36 19
a 223 224 88 11
a 224 253 9 70
a 224 223 70 87
a 224 254 24 26
a 224 255 39 21
a 224 225 1 90
a 225 254 69 52
a 225 224 78 45
a 225 255 73 45
a 225 256 42 47
a 225 226 61 64
a 226 255 21 98
a 226 225 80 71
a 226 256 21 35
a 226 257 83 48
a 226 227 77 89
a 227 256 34 54
a 227 226 92 17
a 227 257 84 26
a 227 258 97 49
a 227 228 97 74
a 228 257 91 34
a 228 227 18 5
a 228 258 24 53
a 228 259 70 81
a 228 229 55 25
a 229 258 7 7
a 229 228 26 79
a 229 259 23 85
a 229 260 70 96
a 229 230 35 67
a 230 259 42 28
a 230 229 95 63
a 230 260 59 76
a 230 261 20 18
a 230 231 68 25
a 231 260 34 49
a 231 230 4 65
a 231 261 45 58
a 231 262 65 87
a 231 232 32 72
a 232 261 56 2
a 232 231 5 46
a 232 262 63 100
a 232 263 64 58
a 232 233 21 97
a 233 262 71 31
a 233 232 8 47
a 233 263 47 29
a 233 264 81 96
a 233 234 33 69
a 234 263 47 95
a 234 233 48 14
a 234 264 30 77
a 234 265 74 54
a 234 235 8 12
a 235 264 26 79
a 235 234 79 54
a 235 265 42 25
a 235 266 75 99
a 235 236 75 64
a 236 265 1 81
a 236 235 11 64
a 236 266 66 90
a 236 267 49 69
a 236 237 97 89
a 237 266 47 26
a 237 236 45 62
a 237 267 73 46
a 237 268 87 50
a 237 238 86 9
a 238 267 26 86
a 238 237 1 1
a 238 268 54 65
a 238 269 95 32
a 238 239 43 46
a 239 268 63 15
a 239 238 60 65
a 239 269 55 46
a 239 270 96 25
a 239 240 74 55
a 240 269 77 79
a 240 239 15 25
a 240 270 83 22
a 241 271 1 4
a 241 272 12 82
a 241 242 32 11
a 242 271 10 3
a 242 241 1 39
a 242 272 11 71
a 242 273 22 75
a 242 243 69 12
a 243 272 73 70
a 243 242 5 9
a 243 273 3 68
a 243 274 31 17
a 243 244 41 10
a 244 273 83 2
a 244 243 39 69
a 244 274 35 31
a 244 275 38 46
a 244 245 53 83
a 245 274 60 43
a 245 244 69 27
a 245 275 45 64
a 245 276 40 75
a 245 246 33 27
a 246 275 36 38
a 246 245 33 18
a 246 276 12 1
a 246 277 40 44
a 246 247 10 53
a 247 276 39 58
a 247 246 68 93
a 247 277 53 72
a 247 278 85 62
a 247 248 34 61
a 248 277 94 82
a 248 247 78 71
a 248 278 98 36
a 248 279 34 37
a 248 249 98 66
a 249 278 98 42
a 249 248 17 95
a 249 279 42 35
a 249 280 12 16
a 249 250 20 33
a 250 279 50 61
a 250 249 8 8
a 250 280 20 77
a 250 281 48 5
a 250 251 24 18
a 251 280 85 95
a 251 250 35 71
a 251 281 66 14
a 251 282 97 32
a 251 252 40 13
a 252 281 77 84
a 252 251 63 69
a 252 282 31 15
a 252 283 1 91
a 252 253 35 20
a 253 282 33 3
a 253 252 50 54
a 253 283 12 52
a 253 284 79 98
a 253 254 12 64
a 254 283 32 43
a 254 253 4 8
a 254 284 64 42
a 254 285 76 24
a 254 255 67 82
a 255 284 86 53
a 255 254 5 9
a 255 285 15 17
a 255 286 79 22
a 255 256 86 21
a 256 285 3 43
a 256 255 94 30
a 256 286 99 83
a 256 287 22 37
a 256 257 9 35
a 257 286 37 5
a 257 256 70 81
a 257 287 59 27
a 257 288 69 50
a 257 258 57 41
a 258 287 95 31
a 258 257 21 93
a 258 288 66 37
a 258 289 6 16
a 258 259 83 77
a 259 288 68 67
a 259 258 81 29
a 259 289 23 30
a 259 290 23 12
a 259 260 34 40
a 260 289 46 22
a 260 259 3 83
a 260 290 21 17
a 260 291 62 57
a 260 261 6 97
a 261 290 23 17
a 261 260 70 98
a 261 291 61 92
a 261 292 4 27
a 261 262 17 43
a 262 291 6 31
a 262 261 24 33
a 262 292 45 28
a 262 293 24 19
a 262 263 1 5
a 263 292 58 40
a 263 262 98 61
a 263 293 54 72
a 263 294 1 82
a 263 264 76 45
a 264 293 94 89
a 264 263 84 60
a 264 294 91 55
a 264 295 93 50
a 264 265 50 100
a 265 294 90 91
a 265 264 73 40
a 265 295 89 80
a 265 296 95 6
a 265 266 58 13
a 266 295 98 31
a 266 265 76 42
a 266 296 12 29
a 266 297 19 75
a 266 267 47 5
a 267 296 58 92
a 267 266 23 74
a 267 297 63 6
a 267 298 98 30
a 267 268 38 52
a 268 297 78 40
a 268 267 99 30
a 268 298 75 36
a 268 299 4 40
a 268 269 31 81
a 269 298 47 4
a 269 268 29 33
a 269 299 29 9
a 269 300 62 18
a 269 270 57 76
a 270 299 83 96
a 270 269 31 57
a 270 300 47 2
a 271 301 100 100
a 271 302 8 31
a 271 272 35 86
a 272 301 23 59
a 272 271 39 46
a 272 302 77 16
a 272 303 9 64
a 272 273 37 3
a 273 302 25 25
a 273 272 91 67
a 273 303 84 98
a 273 304 34 35
a 273 274 67 31
a 274 303 79 97
a 274 273 33 85
a 274 304 24 63
a 274 305 76 100
a 274 275 20 63
a 275 304 26 35
a 275 274 96 16
a 275 305 98 5
a 275 306 98 23
a 275 276 76 48
a 276 305 73 60
a 276 275 3 86
a 276 306 14 97
a 276 307 66 80
a 276 277 90 89
a 277 306 68 44
a 277 276 74 11
a 277 307 53 55
a 277 308 44 42
a 277 278 13 67
a 278 307 55 9
a 278 277 52 35
a 278 308 10 32
a 278 309 48 37
a 278 279 2 58
a 279 308 76 61
a 279 278 63 94
a 279 309 77 68
a 279 310 5 24
a 279 280 15 44
a 280 309 40 65
a 280 279 73 91
a 280 310 77 39
a 280 311 98 96
a 280 281 16 63
a 281 310 25 41
a 281 280 48 54
a 281 311 76 75
a 281 312 38 35
a 281 282 29 9
a 282 311 78 35
a 282 281 14 55
a 282 312 66 19
a 282 313 23 71
a 282 283 77 3
a 283 312 26 41
a 283 282 21 56
a 283 313 11 21
a 283 314 62 20
a 283 284 78 67
a 284 313 92 38
a 284 283 75 38
a 284 314 55 20
a 284 315 100 95
a 284 285 42 85
a 285 314 93 56
a 285 284 89 8
a 285 315 33 53
a 285 316 20 20
a 285 286 25 67
a 286 315 45 58
a 286 285 8 52
a 286 316 57 73
a 286 317 35 12
a 286 287 85 42
a 287 316 42 9
a 287 286 28 22
a 287 317 58 63
a 287 318 9 97
a 287 288 53 82
a 288 317 39 73
a 288 287 89 72
a 288 318 51 44
a 288 319 70 40
a 288 289 75 49
a 289 318 32 21
a 289 288 6 86
a 289 319 9 57
a 289 320 60 71
a 289 290 11 93
a 290 319 16 37
a 290 289 81 54
a 290 320 100 57
a 290 321 13 82
a 290 291 53 41
a 291 320 47 25
a 291 290 25 21
a 291 321 20 79
a 291 322 17 68
a 291 292 13 95
a 292 321 9 98
a 292 291 95 3
a 292 322 23 42
a 292 323 36 83
a 292 293 14 37
a 293 322 13 88
a 293 292 25 41
a 293 323 56 17
a 293 324 16 17
a 293 294 85 100
a 294 323 20 46
a 294 293 25 47
a 294 324 48 83
a 294 325 26 31
a 294 295 23 62
a 295 324 82 43
a 295 294 16 62
a 295 325 1 30
a 295 326 4 86
a 295 296 78 90
a 296 325 3 8
a 296 295 92 65
a 296 326 32 75
a 296 327 31 42
a 296 297 15 67
a 297 326 35 14
a 297 296 81 66
a 297 327 43 61
a 297 328 31 68
a 297 298 95 83
a 298 327 24 24
a 298 297 72 3
a 298 328 49 94
a 298 329 92 51
a 298 299 90 95
a 299 328 19 39
a 299 298 27 51
a 299 329 100 1
a 299 330 80 98
a 299 300 54 78
a 300 329 67 58
a 300 299 56 26
a 300 330 45 88
a 301 331 7 54
a 301 332 48 51
a 301 302 7 95
a 302 331 16 86
a 302 301 32 92
a 302 332 8 2
a 302 333 88 92
a 302 303 16 91
a 303 332 58 54
a 303 302 58 64
a 303 333 45 14
a 303 334 57 35
a 303 304 100 1
a 304 333 6 80
a 304 303 98 94
a 304 334 30 5
a 304 335 7 83
a 304 305 50 54
a 305 334 2 63
a 305 304 99 42
a 305 335 33 41
a 305 336 61 66
a 305 306 83 11
a 306 335 43 32
a 306 305 84 10
a 306 336 27 45
a 306 337 88 5
a 306 307 32 25
a 307 336 66 30
a 307 306 82 51
a 307 337 7 84
a 307 338 91 99
a 307 308 84 11
a 308 337 84 67
a 308 307 25 18
a 308 338 90 38
a 308 339 40 99
a 308 309 88 58
a 309 338 98 62
a 309 308 82 30
a 309 339 85 20
a 309 340 60 80
a 309 310 23 31
a 310 339 24 96
a 310 309 27 94
a 310 340 29 36
a 310 341 26 13
a 310 311 49 24
a 311 340 1 51
a 311 310 88 59
a 311 341 86 70
a 311 342 73 69
a 311 312 61 18
a 312 341 16 97
a 312 311 90 67
a 312 342 61 63
a 312 343 64 87
a 312 313 87 50
a 313 342 16 6
a 313 312 98 100
a 313 343 92 68
a 313 344 100 30
a 313 314 23 94
a 314 343 43 47
a 314 313 23 47
a 314 344 52 46
a 314 345 83 50
a 314 315 79 80
a 315 344 55 61
a 315 314 87 96
a 315 345 10 92
a 315 346 41 33
a 315 316 14 28
a 316 345 13 14
a 316 315 18 11
a 316 346 93 37
a 316 347 17 28
a 316 317 79 23
a 317 346 51 66
a 317 316 38 77
a 317 347 10 58
a 317 348 13 15
a 317 318 15 62
a 318 347 32 45
a 318 317 27 48
a 318 348 92 23
a 318 349 38 35
a 318 319 85 11
a 319 348 79 38
a 319 318 54 47
a 319 349 13 31
a 319 350 86 88
a 319 320 73 28
a 320 349 58 33
a 320 319 4 76
a 320 350 36 17
a 320 351 22 100
a 320 321 19 68
a 321 350 34 34
a 321 320 17 30
a 321 351 13 28
a 321 352 18 42
a 321 322 14 74
a 322 351 18 62
a 322 321 62 82
a 322 352 78 52
a 322 353 77 76
a 322 323 59 16
a 323 352 77 37
a 323 322 41 81
a 323 353 72 58
a 323 354 16 59
a 323 324 90 78
a 324 353 26 95
a 324 323 89 14
a 324 354 93 43
a 324 355 60 77
a 324 325 90 44
a 325 354 34 11
a 325 324 95 92
a 325 355 4 95
a 325 356 65 6
a 325 326 15 64
a 326 355 39 18
a 326 325 17 50
a 326 356 44 19
a 326 357 98 10
a 326 327 7 87
a 327 356 46 8
a 327 326 74 37
a 327 357 34 78
a 327 358 4 6
a 327 328 1 86
a 328 357 81 6
a 328 327 2 93
a 328 358 48 91
a 328 359 84 34
a 328 329 91 45
a 329 358 73 65
a 329 328 67 49
a 329 359 36 5
a 329 360 55 51
a 329 330 66 54
a 330 359 52 70
a 330 329 12 57
a 330 360 71 70
a 331 361 3 86
a 331 362 27 93
a 331 332 32 67
a 332 361 21 60
a 332 331 87 75
a 332 362 54 63
a 332 363 39 58
a 332 333 52 52
a 333 362 29 9
a 333 332 41 29
a 333 363 35 86
a 333 364 73 64
a 333 334 100 49
a 334 363 100 31
a 334 333 2 14
a 334 364 25 37
a 334 365 99 34
a 334 335 17 63
a 335 364 4 1
a 335 334 71 22
a 335 365 47 51
a 335 366 84 54
a 335 336 81 48
a 336 365 72 37
a 336 335 30 7
a 336 366 1 62
a 336 367 10 22
a 336 337 48 55
a 337 366 4 11
a 337 336 46 98
a 337 367 44 78
a 337 368 87 39
a 337 338 10 18
a 338 367 27 57
a 338 337 90 52
a 338 368 99 32
a 338 369 8 32
a 338 339 11 18
a 339 368 46 7
a 339 338 70 46
a 339 369 48 90
a 339 370 26 28
a 339 340 60 24
a 340 369 18 60
a 340 339 54 3
a 340 370 38 23
a 340 371 4 21
a 340 341 31 24
a 341 370 4 91
a 341 340 92 61
a 341 371 78 23
a 341 372 13 57
a 341 342 49 46
a 342 371 50 66
a 342 341 17 60
a 342 372 28 44
a 342 373 67 72
a 342 343 76 8
a 343 372 94 73
a 343 342 81 71
a 343 373 63 47
a 343 374 41 95
a 343 344 20 77
a 344 373 43 56
a 344 343 9 23
a 344 374 92 21
a 344 375 15 87
a 344 345 53 70
a 345 374 2 84
a 345 344 69 15
a 345 375 31 75
a 345 376 44 10
a 345 346 11 44
a 346 375 52 9
a 346 345 48 89
a 346 376 23 76
a 346 377 82 14
a 346 347 62 13
a 347 376 64 47
a 347 346 65 3
a 347 377 49 23
a 347 378 60 80
a 347 348 78 51
a 348 377 90 71
a 348 347 52 64
a 348 378 25 31
a 348 379 43 75
a 348 349 28 50
a 349 378 13 73
a 349 348 41 40
a 349 379 1 95
a 349 380 89 30
a 349 350 7 64
a 350 379 81 1
a 350 349 98 90
a 350 380 23 24
a 350 381 93 95
a 350 351 24 47
a 351 380 71 88
a 351 350 86 80
a 351 381 57 41
a 351 382 17 48
a 351 352 74 40
a 352 381 22 34
a 352 351 12 89
a 352 382 39 31
a 352 383 62 35
a 352 353 39 38
a 353 382 10 85
a 353 352 63 100
a 353 383 96 28
a 353 384 30 80
a 353 354 88 68
a 354 383 6 65
a 354 353 17 69
a 354 384 4 52
a 354 385 15 39
a 354 355 70 45
a 355 384 88 47
a 355 354 35 55
a 355 385 63 47
a 355 386 3 100
a 355 356 34 18
a 356 385 65 20
a 356 355 7 25
a 356 386 44 29
a 356 387 42 29
a 356 357 70 67
a 357 386 61 96
a 357 356 96 46
a 357 387 1 7
a 357 388 75 85
a 357 358 49 26
a 358 387 75 99
a 358 357 85 28
a 358 388 83 93
a 358 389 24 47
a 358 359 76 18
a 359 388 71 16
a 359 358 31 64
a 359 389 66 68
a 359 390 11 88
a 359 360 18 14
a 360 389 91 93
a 360 359 18 48
a 360 390 82 62
a 361 391 46 38
a 361 392 84 9
a 361 362 46 66
a 362 391 37 85
a 362 361 16 42
a 362 392 2 8
a 362 393 26 73
a 362 363 59 18
a 363 392 3 48
a 363 362 29 21
a 363 393 24 58
a 363 394 24 26
a 363 364 70 74
a 364 393 53 34
a 364 363 87 21
a 364 394 59 42
a 364 395 94 85
a 364 365 100 77
a 365 394 57 55
a 365 364 94 27
a 365 395 90 14
a 365 396 68 7
a 365 366 42 45
a 366 395 79 59
a 366 365 46 11
a 366 396 71 68
a 366 397 87 67
a 366 367 55 93
a 367 396 30 46
a 367 366 16 21
a 367 397 82 65
a 367 398 39 85
a 367 368 11 96
a 368 397 17 68
a 368 367 55 89
a 368 398 65 21
a 368 399 30 63
a 368 369 84 67
a 369 398 2 35
a 369 368 85 77
a 369 399 5 48
a 369 400 72 9
a 369 370 41 59
a 370 399 85 75
a 370 369 3 66
a 370 400 92 99
a 370 401 52 14
a 370 371 95 31
a 371 400 9 64
a 371 370 8 72
a 371 401 49 72
a 371 402 75 8
a 371 372 33 18
a 372 401 76 92
a 372 371 32 94
a 372 402 64 36
a 372 403 80 12
a 372 373 82 76
a 373 402 45 2
a 373 372 18 56
a 373 403 57 77
a 373 404 36 36
a 373 374 90 58
a 374 403 62 36
a 374 373 45 80
a 374 404 81 51
a 374 405 64 40
a 374 375 31 43
a 375 404 67 22
a 375 374 11 66
a 375 405 50 56
a 375 406 96 85
a 375 376 31 78
a 376 405 63 85
a 376 375 75 68
a 376 406 37 38
a 376 407 92 7
a 376 377 46 95
a 377 406 47 74
a 377 376 100 17
a 377 407 63 61
a 377 408 88 50
a 377 378 19 49
a 378 407 2 46
a 378 377 31 72
a 378 408 12 5
a 378 409 82 33
a 378 379 38 95
a 379 408 61 31
a 379 378 9 95
a 379 409 72 41
a 379 410 94 31
a 379 380 95 65
a 380 409 12 54
a 380 379 91 63
a 380 410 82 93
a 380 411 99 59
a 380 381 52 92
a 381 410 77 52
a 381 380 98 46
a 381 411 66 91
a 381 412 13 52
a 381 382 99 99
a 382 411 73 66
a 382 381 75 66
a 382 412 14 3
a 382 413 22 5
a 382 383 93 30
a 383 412 39 3
a 383 382 12 35
a 383 413 78 76
a 383 414 56 49
a 383 384 36 57
a 384 413 95 67
a 384 383 92 3
a 384 414 86 73
a 384 415 48 88
a 384 385 100 56
a 385 414 53 71
a 385 384 5 50
a 385 415 76 12
a 385 416 75 57
a 385 386 7 45
a 386 415 47 40
a 386 385 16 72
a 386 416 64 95
a 386 417 16 52
a 386 387 41 51
a 387 416 67 76
a 387 386 68 41
a 387 417 24 63
a 387 418 59 29
a 387 388 44 7
a 388 417 30 61
a 388 387 41 17
a 388 418 79 8
a 388 419 97 17
a 388 389 8 61
a 389 418 58 67
a 389 388 80 79
a 389 419 97 85
a 389 420 81 22
a 389 390 42 5
a 390 419 85 73
a 390 389 27 91
a 390 420 98 23
a 391 421 47 12
a 391 422 64 58
a 391 392 71 58
a 392 421 15 78
a 392 391 33 13
a 392 422 23 31
a 392 423 54 8
a 392 393 89 22
a 393 422 10 4
a 393 392 47 61
a 393 423 51 1
a 393 424 15 19
a 393 394 86 65
a 394 423 56 34
a 394 393 89 99
a 394 424 95 9
a 394 425 94 67
a 394 395 6 6
a 395 424 93 92
a 395 394 11 1
a 395 425 11 31
a 395 426 20 31
a 395 396 27 5
a 396 425 98 17
a 396 395 58 76
a 396 426 24 93
a 396 427 73 56
a 396 397 74 88
a 397 426 58 14
a 397 396 63 47
a 397 427 89 79
a 397 428 45 63
a 397 398 86 14
a 398 427 72 67
a 398 397 69 95
a 398 428 78 24
a 398 429 22 27
a 398 399 26 65
a 399 428 87 21
a 399 398 67 86
a 399 429 31 72
a 399 430 88 68
a 399 400 76 40
a 400 429 6 59
a 400 399 69 79
a 400 430 86 22
a 400 431 3 40
a 400 401 85 92
a 401 430 22 42
a 401 400 86 28
a 401 431 16 87
a 401 432 92 92
a 401 402 54 6
a 402 431 37 60
a 402 401 91 63
a 402 432 51 1
a 402 433 58 66
a 402 403 74 29
a 403 432 48 62
a 403 402 75 93
a 403 433 67 76
a 403 434 35 82
a 403 404 10 29
a 404 433 19 2
a 404 403 42 96
a 404 434 73 98
a 404 435 42 1
a 404 405 45 9
a 405 434 63 38
a 405 404 18 40
a 405 435 58 9
a 405 436 20 10
a 405 406 84 36
a 406 435 90 4
a 406 405 61 41
a 406 436 100 77
a 406 437 16 56
a 406 407 65 32
a 407 436 58 43
a 407 406 7 95
a 407 437 86 66
a 407 438 64 28
a 407 408 14 41
a 408 437 24 22
a 408 407 85 100
a 408 438 37 1
a 408 439 89 48
a 408 409 72 4
a 409 438 19 64
a 409 408 29 37
a 409 439 54 7
a 409 440 75 81
a 409 410 88 57
a 410 439 5 61
a 410 409 65 89
a 410 440 37 7
a 410 441 18 14
a 410 411 56 22
a 411 440 93 38
a 411 410 39 73
a 411 441 97 76
a 411 442 81 20
a 411 412 88 42
a 412 441 9 60
a 412 411 5 7
a 412 442 62 29
a 412 443 23 92
a 412 413 70 79
a 413 442 48 42
a 413 412 73 14
a 413 443 13 16
a 413 444 77 76
a 413 414 59 30
a 414 443 100 52
a 414 413 91 77
a 414 444 28 16
a 414 445 85 75
a 414 415 18 68
a 415 444 58 3
a 415 414 37 66
a 415 445 53 30
a 415 446 74 15
a 415 416 22 85
a 416 445 95 52
a 416 415 47 11
a 416 446 33 66
a 416 447 87 35
a 416 417 79 52
a 417 446 67 16
a 417 416 76 39
a 417 447 15 29
a 417 448 65 8
a 417 418 67 99
a 418 447 68 33
a 418 417 32 38
a 418 448 41 58
a 418 449 55 71
a 418 419 68 27
a 419 448 21 61
a 419 418 100 92
a 419 449 61 48
a 419 450 75 66
a 419 420 66 47
a 420 449 26 100
a 420 419 52 70
a 420 450 73 93
a 421 451 18 3
a 421 452 44 68
a 421 422 78 58
a 422 451 68 68
a 422 421 14 4
a 422 452 73 43
a 422 453 60 20
a 422 423 33 70
a 423 452 85 85
a 423 422 98 98
a 423 453 50 21
a 423 454 86 77
a 423 424 35 40
a 424 453 8 28
a 424 423 65 78
a 424 454 42 45
a 424 455 92 38
a 424 425 58 98
a 425 454 10 6
a 425 424 50 4
a 425 455 95 96
a 425 456 57 43
a 425 426 34 64
a 426 455 60 82
a 426 425 17 49
a 426 456 73 56
a 426 457 42 2
a 426 427 47 46
a 427 456 70 17
a 427 426 87 60
a 427 457 78 14
a 427 458 44 100
a 427 428 12 95
a 428 457 11 36
a 428 427 47 33
a 428 458 69 45
a 428 459 44 91
a 428 429 25 16
a 429 458 79 14
a 429 428 33 90
a 429 459 46 52
a 429 460 41 96
a 429 430 45 11
a 430 459 80 60
a 430 429 86 98
a 430 460 85 55
a 430 461 51 4
a 430 431 34 60
a 431 460 43 57
a 431 430 31 59
a 431 461 26 85
a 431 462 37 75
a 431 432 77 56
a 432 461 9 99
a 432 431 26 40
a 432 462 25 55
a 432 463 96 2
a 432 433 62 75
a 433 462 43 80
a 433 432 41 24
a 433 463 100 24
a 433 464 56 47
a 433 434 25 39
a 434 463 60 64
a 434 433 72 97
a 434 464 50 87
a 434 465 1 32
a 434 435 63 7
a 435 464 69 88
a 435 434 65 79
a 435 465 7 89
a 435 466 39 43
a 435 436 58 97
a 436 465 64 16
a 436 435 17 17
a 436 466 45 100
a 436 467 32 7
a 436 437 49 82
a 437 466 94 46
a 437 436 95 28
a 437 467 61 58
a 437 468 48 12
a 437 438 38 64
a 438 467 42 64
a 438 437 89 58
a 438 468 8 42
a 438 469 86 12
a 438 439 43 80
a 439 468 21 54
a 439 438 43 37
a 439 469 34 22
a 439 470 44 7
a 439 440 85 90
a 440 469 96 48
a 440 439 36 31
a 440 470 78 76
a 440 471 35 29
a 440 441 8 85
a 441 470 8 43
a 441 440 94 34
a 441 471 17 71
a 441 472 76 86
a 441 442 23 75
a 442 471 30 25
a 442 441 73 99
a 442 472 3 52
a 442 473 22 35
a 442 443 35 66
a 443 472 100 22
a 443 442 73 79
a 443 473 46 65
a 443 474 46 61
a 443 444 33 57
a 444 473 40 47
a 444 443 7 24
a 444 474 84 54
a 444 475 32 67
a 444 445 43 28
a 445 474 2 17
a 445 444 63 31
a 445 475 53 100
a 445 476 47 30
a 445 446 37 28
a 446 475 65 71
a 446 445 57 58
a 446 476 20 57
a 446 477 72 28
a 446 447 10 30
a 447 476 93 95
a 447 446 66 50
a 447 477 87 82
a 447 478 95 39
a 447 448 7 1
a 448 477 39 60
a 448 447 80 62
a 448 478 15 24
a 448 479 86 44
a 448 449 21 95
a 449 478 15 54
a 449 448 30 64
a 449 479 23 11
a 449 480 57 95
a 449 450 82 27
a 450 479 94 68
a 450 449 96 87
a 450 480 60 22
a 451 481 100 75
a 451 482 68 25
a 451 452 50 73
a 452 481 46 57
a 452 451 64 65
a 452 482 81 79
a 452 483 96 16
a 452 453 11 47
a 453 482 8 23
a 453 452 15 68
a 453 483 47 56
a 453 484 24 73
a 453 454 56 56
a 454 483 55 2
a 454 453 13 80
a 454 484 68 22
a 454 485 63 78
a 454 455 90 40
a 455 484 4 12
a 455 454 97 49
a 455 485 2 68
a 455 486 38 96
a 455 456 18 83
a 456 485 38 85
a 456 455 97 24
a 456 486 67 76
a 456 487 33 38
a 456 457 8 35
a 457 486 35 62
a 457 456 68 75
a 457 487 38 86
a 457 488 23 52
a 457 458 82 42
a 458 487 77 85
a 458 457 10 82
a 458 488 28 58
a 458 489 46 34
a 458 459 33 88
a 459 488 41 62
a 459 458 58 78
a 459 489 13 53
a 459 490 23 67
a 459 460 20 88
a 460 489 95 1
a 460 459 61 89
a 460 490 34 82
a 460 491 36 31
a 460 461 46 50
a 461 490 43 9
a 461 460 78 3
a 461 491 64 42
a 461 492 59 76
a 461 462 48 35
a 462 491 58 6
a 462 461 85 8
a 462 492 43 66
a 462 493 28 83
a 462 463 66 97
a 463 492 53 43
a 463 462 19 94
a 463 493 8 5
a 463 494 12 76
a 463 464 26 8
a 464 493 79 28
a 464 463 17 30
a 464 494 17 54
a 464 495 45 92
a 464 465 34 17
a 465 494 4 43
a 465 464 10 98
a 465 495 77 22
a 465 496 9 33
a 465 466 14 88
a 466 495 93 98
a 466 465 95 70
a 466 496 22 27
a 466 497 87 14
a 466 467 39 79
a 467 496 74 23
a 467 466 23 20
a 467 497 88 21
a 467 498 52 34
a 467 468 74 26
a 468 497 93 28
a 468 467 47 6
a 468 498 40 80
a 468 499 46 40
a 468 469 40 18
a 469 498 95 33
a 469 468 87 87
a 469 499 76 94
a 469 500 18 56
a 469 470 38 40
a 470 499 38 30
a 470 469 33 68
a 470 500 89 40
a 470 501 28 66
a 470 471 78 84
a 471 500 63 57
a 471 470 100 44
a 471 501 83 72
a 471 502 77 1
a 471 472 72 89
a 472 501 100 11
a 472 471 19 47
a 472 502 84 19
a 472 503 49 39
a 472 473 20 32
a 473 502 13 15
a 473 472 89 26
a 473 503 78 78
a 473 504 19 34
a 473 474 14 41
a 474 503 96 55
a 474 473 27 51
a 474 504 6 6
a 474 505 78 57
a 474 475 56 72
a 475 504 10 21
a 475 474 33 26
a 475 505 3 4
a 475 506 81 86
a 475 476 73 52
a 476 505 68 1
a 476 475 77 79
a 476 506 93 41
a 476 507 42 34
a 476 477 64 64
a 477 506 76 46
a 477 476 68 20
a 477 507 55 92
a 477 508 21 18
a 477 478 39 17
a 478 507 57 93
a 478 477 5 69
a 478 508 66 100
a 478 509 61 62
a 478 479 61 80
a 479 508 14 65
a 479 478 70 9
a 479 509 60 72
a 479 510 21 57
a 479 480 61 91
a 480 509 27 98
a 480 479 44 65
a 480 510 49 69
a 481 511 74 95
a 481 512 7 7
a 481 482 30 100
a 482 511 53 85
a 482 481 49 29
a 482 512 61 36
a 482 513 15 47
a 482 483 64 54
a 483 512 97 31
a 483 482 46 33
a 483 513 80 62
a 483 514 89 21
a 483 484 50 58
a 484 513 22 54
a 484 483 89 66
a 484 514 96 28
a 484 515 29 13
a 484 485 45 31
a 485 514 16 19
a 485 484 75 19
a 485 515 13 56
a 485 516 24 20
a 485 486 68 41
a 486 515 83 63
a 486 485 6 38
a 486 516 28 81
a 486 517 60 54
a 486 487 50 46
a 487 516 46 86
a 487 486 91 94
a 487 517 83 97
a 487 518 64 100
a 487 488 80 82
a 488 517 72 44
a 488 487 59 32
a 488 518 24 11
a 488 519 82 46
a 488 489 1 66
a 489 518 16 70
a 489 488 62 44
a 489 519 72 5
a 489 520 20 68
a 489 490 16 74
a 490 519 55 99
a 490 489 89 28
a 490 520 47 71
a 490 521 26 70
a 490 491 22 6
a 491 520 59 8
a 491 490 22 11
a 491 521 1 60
a 491 522 15 61
a 491 492 11 44
a 492 521 98 99
a 492 491 95 100
a 492 522 83 23
a 492 523 4 61
a 492 493 73 7
a 493 522 48 51
a 493 492 49 96
a 493 523 10 56
a 493 524 11 73
a 493 494 91 65
a 494 523 49 45
a 494 493 53 58
a 494 524 20 55
a 494 525 16 19
a 494 495 52 94
a 495 524 73 2
a 495 494 24 19
a 495 525 34 70
a 495 526 44 18
a 495 496 65 45
a 496 525 97 19
a 496 495 84 65
a 496 526 27 13
a 496 527 62 81
a 496 497 77 92
a 497 526 28 18
a 497 496 69 69
a 497 527 71 66
a 497 528 54 86
a 497 498 26 14
a 498 527 96 57
a 498 497 8 87
a 498 528 15 89
a 498 529 51 3
a 498 499 37 60
a 499 528 44 49
a 499 498 50 81
a 499 529 53 97
a 499 530 26 15
a 499 500 5 99
a 500 529 90 59
a 500 499 35 85
a 500 530 3 38
a 500 531 76 68
a 500 501 8 98
a 501 530 94 67
a 501 500 62 30
a 501 531 80 56
a 501 532 27 23
a 501 502 24 33
a 502 531 45 62
a 502 501 9 31
a 502 532 77 72
a 502 533 90 41
a 502 503 77 40
a 503 532 38 31
a 503 502 82 7
a 503 533 98 14
a 503 534 6 84
a 503 504 73 5
a 504 533 77 40
a 504 503 37 7
a 504 534 3 62
a 504 535 100 92
a 504 505 60 71
a 505 534 40 71
a 505 504 12 74
a 505 535 75 56
a 505 536 51 46
a 505 506 18 18
a 506 535 88 75
a 506 505 34 40
a 506 536 69 32
a 506 537 39 46
a 506 507 31 20
a 507 536 54 69
a 507 506 87 28
a 507 537 17 35
a 507 538 34 100
a 507 508 21 28
a 508 537 10 26
a 508 507 15 40
a 508 538 75 11
a 508 539 39 31
a 508 509 78 1
a 509 538 39 13
a 509 508 92 17
a 509 539 65 4
a 509 540 74 10
a 509 510 90 47
a 510 539 77 45
a 510 509 86 47
a 510 540 49 45
a 511 541 84 5
a 511 542 32 84
a 511 512 66 87
a 512 541 44 87
a 512 511 53 42
a 512 542 65 22
a 512 543 33 50
a 512 513 63 27
a 513 542 20 88
a 513 512 84 64
a 513 543 42 84
a 513 544 51 85
a 513 514 13 54
a 514 543 8 40
a 514 513 26 63
a 514 544 18 25
a 514 545 16 26
a 514 515 80 14
a 515 544 12 2
a 515 514 92 8
a 515 545 23 48
a 515 546 19 40
a 515 516 1 33
a 516 545 66 100
a 516 515 50 57
a 516 546 13 31
a 516 547 82 38
a 516 517 78 20
a 517 546 5 80
a 517 516 9 72
a 517 547 26 7
a 517 548 40 42
a 517 518 59 95
a 518 547 46 27
a 518 517 35 53
a 518 548 37 79
a 518 549 11 62
a 518 519 16 38
a 519 548 74 49
a 519 518 38 18
a 519 549 51 46
a 519 550 98 66
a 519 520 61 62
a 520 549 57 40
a 520 519 67 91
a 520 550 63 85
a 520 551 42 44
a 520 521 97 93
a 521 550 100 82
a 521 520 39 58
a 521 551 59 26
a 521 552 6 45
a 521 522 15 20
a 522 551 72 23
a 522 521 100 49
a 522 552 97 47
a 522 553 5 93
a 522 523 39 90
a 523 552 14 55
a 523 522 46 1
a 523 553 62 32
a 523 554 19 3
a 523 524 65 88
a 524 553 46 98
a 524 523 7 49
a 524 554 6 11
a 524 555 99 60
a 524 525 8 50
a 525 554 54 62
a 525 524 64 20
a 525 555 57 46
a 525 556 70 44
a 525 526 27 28
a 526 555 69 94
a 526 525 38 58
a 526 556 74 35
a 526 557 22 40
a 526 527 24 59
a 527 556 35 59
a 527 526 3 68
a 527 557 45 38
a 527 558 19 54
a 527 528 59 97
a 528 557 83 53
a 528 527 4 76
a 528 558 55 92
a 528 559 99 72
a 528 529 84 41
a 529 558 100 73
a 529 528 55 22
a 529 559 57 78
a 529 560 58 49
a 529 530 7 93
a 530 559 94 39
a 530 529 42 68
a 530 560 68 20
a 530 561 52 27
a 530 531 39 28
a 531 560 13 77
a 531 530 88 56
a 531 561 73 26
a 531 562 46 82
a 531 532 67 10
a 532 561 81 74
a 532 531 87 58
a 532 562 2 42
a 532 563 54 96
a 532 533 40 61
a 533 562 13 57
a 533 532 18 57
a 533 563 88 72
a 533 564 1 34
a 533 534 50 55
a 534 563 21 48
a 534 533 23 33
a 534 564 45 25
a 534 565 89 4
a 534 535 40 17
a 535 564 32 4
a 535 534 59 98
a 535 565 21 77
a 535 566 49 63
a 535 536 46 71
a 536 565 25 41
a 536 535 20 62
a 536 566 79 1
a 536 567 1 46
a 536 537 90 26
a 537 566 18 65
a 537 536 50 31
a 537 567 90 37
a 537 568 30 21
a 537 538 81 54
a 538 567 74 2
a 538 537 75 19
a 538 568 68 47
a 538 569 79 65
a 538 539 72 40
a 539 568 64 68
a 539 538 13 73
a 539 569 97 26
a 539 570 6 46
a 539 540 27 63
a 540 569 11 56
a 540 539 96 39
a 540 570 17 43
a 541 571 53 88
a 541 572 37 47
a 541 542 67 32
a 542 571 74 3
a 542 541 24 43
a 542 572 6 19
a 542 573 54 77
a 542 543 16 9
a 543 572 74 38
a 543 542 99 51
a 543 573 7 59
a 543 574 22 40
a 543 544 28 11
a 544 573 31 91
a 544 543 88 12
a 544 574 71 34
a 544 575 9 11
a 544 545 49 37
a 545 574 1 86
a 545 544 63 11
a 545 575 74 11
a 545 576 26 66
a 545 546 88 35
a 546 575 4 39
a 546 545 5 58
a 546 576 33 9
a 546 577 97 15
a 546 547 95 19
a 547 576 52 53
a 547 546 76 77
a 547 577 74 3
a 547 578 27 99
a 547 548 38 41
a 548 577 10 65
a 548 547 6 16
a 548 578 42 39
a 548 579 50 76
a 548 549 8 50
a 549 578 59 14
a 549 548 57 1
a 549 579 24 96
a 549 580 54 21
a 549 550 53 29
a 550 579 94 83
a 550 549 97 21
a 550 580 56 92
a 550 581 2 82
a 550 551 81 15
a 551 580 91 59
a 551 550 7 100
a 551 581 78 6
a 551 582 49 57
a 551 552 72 81
a 552 581 68 9
a 552 551 86 6
a 552 582 54 35
a 552 583 57 59
a 552 553 69 64
a 553 582 47 92
a 553 552 51 57
a 553 583 77 80
a 553 584 73 24
a 553 554 81 72
a 554 583 86 53
a 554 553 5 88
a 554 584 30 22
a 554 585 77 88
a 554 555 16 11
a 555 584 55 99
a 555 554 58 89
a 555 585 37 82
a 555 586 95 9
a 555 556 65 87
a 556 585 24 49
a 556 555 69 22
a 556 586 64 12
a 556 587 52 41
a 556 557 97 75
a 557 586 82 73
a 557 556 45 85
a 557 587 96 73
a 557 588 21 99
a 557 558 84 34
a 558 587 46 76
a 558 557 52 5
a 558 588 21 84
a 558 589 97 8
a 558 559 9 28
a 559 588 68 37
a 559 558 1 87
a 559 589 80 62
a 559 590 39 61
a 559 560 16 61
a 560 589 1 83
a 560 559 61 49
a 560 590 50 43
a 560 591 99 13
a 560 561 25 6
a 561 590 1 17
a 561 560 27 89
a 561 591 98 36
a 561 592 23 50
a 561 562 88 83
a 562 591 63 7
a 562 561 13 29
a 562 592 13 41
a 562 593 57 32
a 562 563 84 86
a 563 592 27 96
a 563 562 89 81
a 563 593 62 92
a 563 594 54 80
a 563 564 51 49
a 564 593 91 68
a 564 563 6 3
a 564 594 32 77
a 564 595 87 67
a 564 565 66 17
a 565 594 16 19
a 565 564 10 22
a 565 595 100 6
a 565 596 92 40
a 565 566 71 59
a 566 595 58 77
a 566 565 53 33
a 566 596 9 21
a 566 597 29 54
a 566 567 29 94
a 567 596 48 96
a 567 566 81 49
a 567 597 14 29
a 567 598 60 56
a 567 568 53 79
a 568 597 80 19
a 568 567 52 36
a 568 598 93 14
a 568 599 3 8
a 568 569 2 20
a 569 598 26 53
a 569 568 37 93
a 569 599 83 33
a 569 600 25 83
a 569 570 42 47
a 570 599 94 96
a 570 569 37 19
a 570 600 68 1
a 571 601 33 36
a 571 602 27 86
a 571 572 76 3
a 572 601 11 93
a 572 571 95 78
a 572 602 53 17
a 572 603 84 56
a 572 573 99 16
a 573 602 54 61
a 573 572 62 59
a 573 603 13 87
a 573 604 69 94
a 573 574 38 71
a 574 603 65 31
a 574 573 67 65
a 574 604 99 15
a 574 605 83 50
a 574 575 90 76
a 575 604 65 36
a 575 574 64 31
a 575 605 80 53
a 575 606 17 1
a 575 576 68 94
a 576 605 31 50
a 576 575 95 35
a 576 606 60 6
a 576 607 75 4
a 576 577 5 39
a 577 606 31 2
a 577 576 50 57
a 577 607 45 87
a 577 608 52 85
a 577 578 56 80
a 578 607 69 65
a 578 577 40 54
a 578 608 68 52
a 578 609 48 25
a 578 579 97 22
a 579 608 18 93
a 579 578 22 64
a 579 609 69 3
a 579 610 55 74
a 579 580 44 95
a 580 609 68 90
a 580 579 79 8
a 580 610 54 81
a 580 611 9 29
a 580 581 86 21
a 581 610 93 47
a 581 580 98 97
a 581 611 93 88
a 581 612 21 90
a 581 582 24 22
a 582 611 90 58
a 582 581 91 70
a 582 612 91 79
a 582 613 29 65
a 582 583 8 95
a 583 612 13 49
a 583 582 20 55
a 583 613 37 37
a 583 614 57 31
a 583 584 69 86
a 584 613 5 28
a 584 583 41 29
a 584 614 100 73
a 584 615 75 90
a 584 585 80 23
a 585 614 57 92
a 585 584 55 79
a 585 615 19 12
a 585 616 76 87
a 585 586 22 57
a 586 615 11 82
a 586 585 17 53
a 586 616 71 62
a 586 617 25 17
a 586 587 42 56
a 587 616 37 46
a 587 586 72 33
a 587 617 43 96
a 587 618 48 91
a 587 588 31 25
a 588 617 24 96
a 588 587 65 19
a 588 618 20 25
a 588 619 61 16
a 588 589 23 83
a 589 618 16 59
a 589 588 2 66
a 589 619 82 4
a 589 620 30 62
a 589 590 32 84
a 590 619 85 7
a 590 589 6 42
a 590 620 13 26
a 590 621 1 18
a 590 591 28 61
a 591 620 24 89
a 591 590 91 33
a 591 621 94 8
a 591 622 54 50
a 591 592 42 89
a 592 621 34 97
a 592 591 95 91
a 592 622 71 71
a 592 623 89 5
a 592 593 74 4
a 593 622 52 30
a 593 592 58 92
a 593 623 52 94
a 593 624 78 41
a 593 594 10 49
a 594 623 55 83
a 594 593 64 17
a 594 624 20 73
a 594 625 27 9
a 594 595 60 32
a 595 624 46 8
a 595 594 87 27
a 595 625 67 57
a 595 626 74 53
a 595 596 49 65
a 596 625 21 52
a 596 595 3 63
a 596 626 99 55
a 596 627 75 57
a 596 597 12 67
a 597 626 91 28
a 597 596 42 63
a 597 627 8 69
a 597 628 47 14
a 597 598 13 67
a 598 627 7 58
a 598 597 97 45
a 598 628 11 38
a 598 629 36 13
a 598 599 46 61
a 599 628 72 43
a 599 598 48 98
a 599 629 3 4
a 599 630 65 1
a 599 600 34 56
a 600 629 63 56
a 600 599 66 74
a 600 630 56 15
a 601 631 35 31
a 601 632 59 22
a 601 602 42 22
a 602 631 62 8
a 602 601 70 43
a 602 632 34 97
a 602 633 43 91
a 602 603 79 74
a 603 632 55 64
a 603 602 55 81
a 603 633 70 83
a 603 634 34 25
a 603 604 22 94
a 604 633 95 71
a 604 603 57 1
a 604 634 34 54
a 604 635 27 12
a 604 605 69 50
a 605 634 91 63
a 605 604 62 67
a 605 635 5 14
a 605 636 84 6
a 605 606 6 47
a 606 635 46 8
a 606 605 69 60
a 606 636 18 15
a 606 637 47 81
a 606 607 89 87
a 607 636 2 68
a 607 606 60 17
a 607 637 62 4
a 607 638 3 57
a 607 608 25 75
a 608 637 18 77
a 608 607 77 100
a 608 638 46 46
a 608 639 72 99
a 608 609 9 79
a 609 638 11 14
a 609 608 78 100
a 609 639 92 62
a 609 640 100 38
a 609 610 95 15
a 610 639 75 16
a 610 609 75 37
a 610 640 58 15
a 610 641 7 70
a 610 611 43 31
a 611 640 56 21
a 611 610 60 97
a 611 641 51 30
a 611 642 82 33
a 611 612 33 22
a 612 641 61 5
a 612 611 25 70
a 612 642 100 45
a 612 643 73 78
a 612 613 31 46
a 613 642 12 15
a 613 612 7 70
a 613 643 33 30
a 613 644 61 26
a 613 614 31 41
a 614 643 39 88
a 614 613 77 85
a 614 644 100 32
a 614 645 33 86
a 614 615 31 32
a 615 644 52 82
a 615 614 40 64
a 615 645 100 32
a 615 646 67 87
a 615 616 71 89
a 616 645 18 9
a 616 615 16 10
a 616 646 1 63
a 616 647 44 58
a 616 617 73 97
a 617 646 39 12
a 617 616 66 36
a 617 647 28 96
a 617 648 34 7
a 617 618 23 50
a 618 647 24 8
a 618 617 23 31
a 618 648 58 39
a 618 649 93 49
a 618 619 63 54
a 619 648 28 79
a 619 618 60 81
a 619 649 57 45
a 619 650 58 27
a 619 620 39 26
a 620 649 9 3
a 620 619 93 43
a 620 650 37 31
a 620 651 13 9
a 620 621 90 30
a 621 650 93 39
a 621 620 78 96
a 621 651 55 30
a 621 652 10 60
a 621 622 86 15
a 622 651 85 75
a 622 621 21 79
a 622 652 54 28
a 622 653 97 50
a 622 623 5 85
a 623 652 15 37
a 623 622 63 99
a 623 653 22 78
a 623 654 15 18
a 623 624 51 90
a 624 653 96 32
a 624 623 84 74
a 624 654 4 80
a 624 655 59 55
a 624 625 58 49
a 625 654 33 51
a 625 624 56 25
a 625 655 49 50
a 625 656 45 96
a 625 626 55 55
a 626 655 47 40
a 626 625 55 60
a 626 656 73 22
a 626 657 27 96
a 626 627 96 64
a 627 656 82 3
a 627 626 84 98
a 627 657 94 21
a 627 658 90 1
a 627 628 41 21
a 628 657 36 63
a 628 627 64 50
a 628 658 69 84
a 628 659 93 83
a 628 629 59 21
a 629 658 87 46
a 629 628 95 91
a 629 659 44 19
a 629 660 52 60
a 629 630 71 91
a 630 659 1 78
a 630 629 16 53
a 630 660 13 65
a 631 661 61 46
a 631 662 37 90
a 631 632 22 65
a 632 661 9 73
a 632 631 65 74
a 632 662 7 21
a 632 663 13 86
a 632 633 21 17
a 633 662 22 25
a 633 632 30 71
a 633 663 62 60
a 633 664 13 76
a 633 634 58 22
a 634 663 97 39
a 634 633 7 91
a 634 664 1 74
a 634 665 8 64
a 634 635 88 75
a 635 664 42 94
a 635 634 57 45
a 635 665 67 28
a 635 666 42 95
a 635 636 24 13
a 636 665 3 22
a 636 635 34 55
a 636 666 47 94
a 636 667 32 98
a 636 637 26 75
a 637 666 84 49
a 637 636 21 99
a 637 667 99 59
a 637 668 54 60
a 637 638 91 6
a 638 667 80 48
a 638 637 20 85
a 638 668 56 5
a 638 669 87 9
a 638 639 63 42
a 639 668 51 81
a 639 638 89 93
a 639 669 25 3
a 639 670 94 79
a 639 640 87 75
a 640 669 20 46
a 640 639 53 84
a 640 670 80 42
a 640 671 98 50
a 640 641 58 18
a 641 670 78 86
a 641 640 40 38
a 641 671 65 1
a 641 672 90 58
a 641 642 63 79
a 642 671 89 70
a 642 641 18 45
a 642 672 67 2
a 642 673 26 99
a 642 643 40 58
a 643 672 31 52
a 643 642 87 91
a 643 673 46 35
a 643 674 66 32
a 643 644 82 78
a 644 673 87 71
a 644 643 94 39
a 644 674 52 76
a 644 675 29 75
a 644 645 63 44
a 645 674 73 8
a 645 644 1 80
a 645 675 60 35
a 645 676 25 73
a 645 646 41 97
a 646 675 76 64
a 646 645 44 64
a 646 676 70 86
a 646 677 33 62
a 646 647 80 6
a 647 676 23 87
a 647 646 46 56
a 647 677 77 48
a 647 678 45 90
a 647 648 67 94
a 648 677 39 42
a 648 647 43 23
a 648 678 62 59
a 648 679 34 31
a 648 649 86 97
a 649 678 78 27
a 649 648 62 32
a 649 679 5 11
a 649 680 91 21
a 649 650 4 61
a 650 679 86 91
a 650 649 83 76
a 650 680 99 77
a 650 681 49 51
a 650 651 2 57
a 651 680 44 51
a 651 650 74 66
a 651 681 59 23
a 651 682 13 51
a 651 652 80 74
a 652 681 52 55
a 652 651 89 12
a 652 682 3 14
a 652 683 22 14
a 652 653 29 66
a 653 682 38 89
a 653 652 70 56
a 653 683 16 86
a 653 684 26 17
a 653 654 77 79
a 654 683 100 72
a 654 653 39 2
a 654 684 31 2
a 654 685 96 78
a 654 655 97 45
a 655 684 45 79
a 655 654 17 27
a 655 685 98 96
a 655 686 47 67
a 655 656 45 53
a 656 685 99 78
a 656 655 27 96
a 656 686 18 59
a 656 687 2 16
a 656 657 67 6
a 657 686 13 39
a 657 656 54 39
a 657 687 97 42
a 657 688 56 99
a 657 658 2 95
a 658 687 58 76
a 658 657 70 35
a 658 688 99 85
a 658 689 22 15
a 658 659 100 77
a 659 688 48 7
a 659 658 87 89
a 659 689 68 51
a 659 690 22 18
a 659 660 95 30
a 660 689 42 58
a 660 659 77 65
a 660 690 60 74
a 661 691 46 39
a 661 692 51 41
a 661 662 74 1
a 662 691 32 20
a 662 661 7 46
a 662 692 4 92
a 662 693 52 100
a 662 663 88 22
a 663 692 71 53
a 663 662 75 14
a 663 693 23 30
a 663 694 29 21
a 663 664 29 30
a 664 693 7 82
a 664 663 65 52
a 664 694 39 70
a 664 695 34 26
a 664 665 86 23
a 665 694 66 62
a 665 664 5 37
a 665 695 19 67
a 665 696 89 90
a 665 666 16 5
a 666 695 47 86
a 666 665 44 58
a 666 696 84 3
a 666 697 29 45
a 666 667 83 62
a 667 696 60 70
a 667 666 37 25
a 667 697 98 44
a 667 698 70 82
a 667 668 44 11
a 668 697 99 62
a 668 667 88 69
a 668 698 2 64
a 668 699 75 82
a 668 669 18 61
a 669 698 50 45
a 669 668 48 71
a 669 699 77 7
a 669 700 3 66
a 669 670 11 85
a 670 699 13 35
a 670 669 14 94
a 670 700 6 69
a 670 701 90 77
a 670 671 26 26
a 671 700 97 81
a 671 670 79 70
a 671 701 50 34
a 671 702 13 88
a 671 672 95 80
a 672 701 67 2
a 672 671 50 4
a 672 702 11 91
a 672 703 18 8
a 672 673 22 92
a 673 702 44 52
a 673 672 6 79
a 673 703 96 7
a 673 704 32 48
a 673 674 27 27
a 674 703 62 3
a 674 673 96 52
a 674 704 50 39
a 674 705 98 24
a 674 675 37 41
a 675 704 58 5
a 675 674 12 100
a 675 705 92 82
a 675 706 9 77
a 675 676 80 7
a 676 705 74 81
a 676 675 20 51
a 676 706 70 38
a 676 707 45 76
a 676 677 61 59
a 677 706 4 74
a 677 676 87 64
a 677 707 90 85
a 677 708 80 53
a 677 678 76 25
a 678 707 63 31
a 678 677 73 24
a 678 708 25 53
a 678 709 73 39
a 678 679 85 22
a 679 708 51 47
a 679 678 67 68
a 679 709 19 79
a 679 710 50 41
a 679 680 75 54
a 680 709 83 78
a 680 679 5 18
a 680 710 52 77
a 680 711 11 52
a 680 681 89 71
a 681 710 42 52
a 681 680 26 7
a 681 711 23 66
a 681 712 65 35
a 681 682 71 27
a 682 711 48 9
a 682 681 63 30
a 682 712 24 34
a 682 713 34 74
a 682 683 73 59
a 683 712 3 92
a 683 682 83 73
a 683 713 18 51
a 683 714 77 26
a 683 684 86 36
a 684 713 80 78
a 684 683 69 41
a 684 714 95 96
a 684 715 17 70
a 684 685 46 83
a 685 714 40 70
a 685 684 41 98
a 685 715 11 16
a 685 716 79 88
a 685 686 87 50
a 686 715 40 20
a 686 685 41 31
a 686 716 73 7
a 686 717 88 49
a 686 687 19 100
a 687 716 32 66
a 687 686 91 42
a 687 717 90 44
a 687 718 37 71
a 687 688 47 5
a 688 717 23 5
a 688 687 51 56
a 688 718 20 13
a 688 719 52 42
a 688 689 99 79
a 689 718 16 9
a 689 688 14 33
a 689 719 56 67
a 689 720 1 77
a 689 690 37 56
a 690 719 49 26
a 690 689 57 85
a 690 720 37 59
a 691 721 75 1
a 691 722 68 14
a 691 692 89 54
a 692 721 3 64
a 692 691 80 97
a 692 722 42 98
a 692 723 6 16
a 692 693 99 6
a 693 722 44 73
a 693 692 40 60
a 693 723 45 3
a 693 724 47 39
a 693 694 43 88
a 694 723 75 44
a 694 693 5 14
a 694 724 89 57
a 694 725 2 100
a 694 695 17 39
a 695 724 18 34
a 695 694 71 46
a 695 725 48 54
a 695 726 54 98
a 695 696 64 25
a 696 725 13 91
a 696 695 78 44
a 696 726 61 83
a 696 727 87 76
a 696 697 3 21
a 697 726 85 37
a 697 696 2 74
a 697 727 59 36
a 697 728 57 59
a 697 698 26 89
a 698 727 35 49
a 698 697 39 92
a 698 728 88 81
a 698 729 93 1
a 698 699 17 16
a 699 728 27 33
a 699 698 51 40
a 699 729 21 56
a 699 730 81 26
a 699 700 51 61
a 700 729 32 26
a 700 699 67 92
a 700 730 61 13
a 700 731 39 32
a 700 701 27 50
a 701 730 68 16
a 701 700 78 97
a 701 731 7 21
a 701 732 48 74
a 701 702 65 87
a 702 731 58 73
a 702 701 78 90
a 702 732 34 39
a 702 733 30 23
a 702 703 13 87
a 703 732 29 74
a 703 702 60 20
a 703 733 97 7
a 703 734 61 36
a 703 704 43 46
a 704 733 40 14
a 704 703 18 61
a 704 734 15 50
a 704 735 51 45
a 704 705 76 73
a 705 734 34 40
a 705 704 61 100
a 705 735 43 69
a 705 736 46 80
a 705 706 42 3
a 706 735 68 96
a 706 705 41 72
a 706 736 45 61
a 706 737 83 39
a 706 707 57 31
a 707 736 1 29
a 707 706 44 31
a 707 737 65 12
a 707 738 74 28
a 707 708 31 54
a 708 737 32 41
a 708 707 70 20
a 708 738 47 13
a 708 739 47 80
a 708 709 27 13
a 709 738 30 95
a 709 708 95 12
a 709 739 50 67
a 709 740 93 62
a 709 710 14 80
a 710 739 10 31
a 710 709 65 41
a 710 740 95 12
a 710 741 14 66
a 710 711 49 67
a 711 740 11 99
a 711 710 80 91
a 711 741 4 60
a 711 742 80 68
a 711 712 45 95
a 712 741 21 32
a 712 711 77 54
a 712 742 41 92
a 712 743 49 90
a 712 713 38 42
a 713 742 37 15
a 713 712 95 75
a 713 743 57 15
a 713 744 57 42
a 713 714 100 45
a 714 743 15 15
a 714 713 22 90
a 714 744 39 95
a 714 745 1 70
a 714 715 66 77
a 715 744 47 17
a 715 714 16 6
a 715 745 47 58
a 715 746 34 59
a 715 716 17 66
a 716 745 17 27
a 716 715 95 14
a 716 746 48 19
a 716 747 63 15
a 716 717 58 89
a 717 746 91 74
a 717 716 93 77
a 717 747 61 27
a 717 748 99 73
a 717 718 51 63
a 718 747 47 89
a 718 717 26 55
a 718 748 8 63
a 718 749 16 54
a 718 719 83 93
a 719 748 91 34
a 719 718 27 3
a 719 749 30 59
a 719 750 86 44
a 719 720 79 40
a 720 749 78 85
a 720 719 79 13
a 720 750 65 49
a 721 751 3 48
a 721 752 99 57
a 721 722 48 48
a 722 751 99 95
a 722 721 17 77
a 722 752 89 83
a 722 753 92 38
a 722 723 75 26
a 723 752 15 27
a 723 722 94 63
a 723 753 37 8
a 723 754 92 80
a 723 724 51 54
a 724 753 76 34
a 724 723 12 27
a 724 754 3 69
a 724 755 13 30
a 724 725 86 74
a 725 754 26 47
a 725 724 1 72
a 725 755 54 93
a 725 756 54 53
a 725 726 99 61
a 726 755 71 38
a 726 725 80 65
a 726 756 66 83
a 726 757 33 30
a 726 727 75 9
a 727 756 69 98
a 727 726 14 19
a 727 757 67 42
a 727 758 37 95
a 727 728 75 79
a 728 757 93 13
a 728 727 15 86
a 728 758 65 54
a 728 759 30 58
a 728 729 45 75
a 729 758 10 61
a 729 728 38 26
a 729 759 79 86
a 729 760 41 82
a 729 730 72 38
a 730 759 58 67
a 730 729 65 56
a 730 760 54 5
a 730 761 62 91
a 730 731 2 42
a 731 760 64 67
a 731 730 29 10
a 731 761 78 47
a 731 762 16 67
a 731 732 16 90
a 732 761 64 27
a 732 731 31 57
a 732 762 16 25
a 732 763 76 1
a 732 733 10 86
a 733 762 92 82
a 733 732 81 16
a 733 763 92 87
a 733 764 58 32
a 733 734 3 59
a 734 763 55 14
a 734 733 81 49
a 734 764 88 61
a 734 765 59 48
a 734 735 45 14
a 735 764 6 29
a 735 734 21 77
a 735 765 84 49
a 735 766 50 88
a 735 736 39 76
a 736 765 13 9
a 736 735 48 20
a 736 766 41 6
a 736 767 34 52
a 736 737 16 60
a 737 766 85 88
a 737 736 34 76
a 737 767 90 38
a 737 768 43 13
a 737 738 71 95
a 738 767 12 76
a 738 737 33 4
a 738 768 42 79
a 738 769 60 21
a 738 739 27 78
a 739 768 63 11
a 739 738 45 44
a 739 769 67 3
a 739 770 29 4
a 739 740 27 30
a 740 769 17 40
a 740 739 16 68
a 740 770 83 82
a 740 771 66 65
a 740 741 38 76
a 741 770 72 46
a 741 740 66 84
a 741 771 8 35
a 741 772 16 27
a 741 742 95 77
a 742 771 92 71
a 742 741 76 79
a 742 772 84 6
a 742 773 7 70
a 742 743 22 91
a 743 772 62 74
a 743 742 69 57
a 743 773 96 13
a 743 774 69 50
a 743 744 39 79
a 744 773 21 8
a 744 743 4 100
a 744 774 22 38
a 744 775 12 41
a 744 745 67 27
a 745 774 34 57
a 745 744 76 67
a 745 775 48 56
a 745 776 88 25
a 745 746 24 7
a 746 775 19 81
a 746 745 16 27
a 746 776 28 31
a 746 777 74 85
a 746 747 12 20
a 747 776 54 43
a 747 746 80 86
a 747 777 62 12
a 747 778 49 90
a 747 748 41 54
a 748 777 95 12
a 748 747 7 29
a 748 778 39 10
a 748 779 41 25
a 748 749 6 43
a 749 778 100 96
a 749 748 72 48
a 749 779 53 66
a 749 780 2 50
a 749 750 48 42
a 750 779 16 83
a 750 749 38 22
a 750 780 58 37
a 751 781 66 72
a 751 782 66 9
a 751 752 90 67
a 752 781 100 69
a 752 751 4 9
a 752 782 38 69
a 752 783 51 15
a 752 753 95 37
a 753 782 85 3
a 753 752 74 24
a 753 783 44 90
a 753 784 63 70
a 753 754 20 42
a 754 783 10 35
a 754 753 1 11
a 754 784 81 63
a 754 785 92 99
a 754 755 10 82
a 755 784 12 40
a 755 754 77 81
a 755 785 55 93
a 755 786 44 19
a 755 756 92 17
a 756 785 73 95
a 756 755 77 31
a 756 786 80 51
a 756 787 74 80
a 756 757 70 18
a 757 786 13 31
a 757 756 22 36
a 757 787 75 63
a 757 788 20 66
a 757 758 16 72
a 758 787 40 25
a 758 757 75 100
a 758 788 92 3
a 758 789 2 49
a 758 759 94 1
a 759 788 78 83
a 759 758 21 12
a 759 789 98 76
a 759 790 47 75
a 759 760 66 68
a 760 789 61 87
a 760 759 51 7
a 760 790 39 26
a 760 791 33 42
a 760 761 50 23
a 761 790 98 21
a 761 760 84 42
a 761 791 50 100
a 761 792 80 24
a 761 762 49 41
a 762 791 51 77
a 762 761 85 51
a 762 792 91 98
a 762 793 83 1
a 762 763 94 71
a 763 792 73 5
a 763 762 6 85
a 763 793 74 45
a 763 794 93 70
a 763 764 27 47
a 764 793 48 74
a 764 763 71 81
a 764 794 67 54
a 764 795 42 7
a 764 765 12 8
a 765 794 22 30
a 765 764 32 49
a 765 795 83 94
a 765 796 70 79
a 765 766 68 8
a 766 795 85 68
a 766 765 11 15
a 766 796 71 56
a 766 797 82 96
a 766 767 73 63
a 767 796 77 94
a 767 766 7 86
a 767 797 58 32
a 767 798 64 100
a 767 768 51 10
a 768 797 17 14
a 768 767 86 94
a 768 798 95 29
a 768 799 77 23
a 768 769 16 56
a 769 798 18 76
a 769 768 5 8
a 769 799 48 35
a 769 800 98 71
a 769 770 36 82
a 770 799 18 78
a 770 769 62 20
a 770 800 57 92
a 770 801 59 54
a 770 771 64 33
a 771 800 68 60
a 771 770 32 100
a 771 801 62 38
a 771 802 19 87
a 771 772 74 83
a 772 801 24 72
a 772 771 51 45
a 772 802 14 53
a 772 803 87 85
a 772 773 100 92
a 773 802 86 26
a 773 772 40 57
a 773 803 79 9
a 773 804 23 8
a 773 774 14 95
a 774 803 90 71
a 774 773 74 22
a 774 804 79 60
a 774 805 36 26
a 774 775 5 45
a 775 804 8 69
a 775 774 21 85
a 775 805 13 75
a 775 806 26 75
a 775 776 45 80
a 776 805 18 45
a 776 775 94 28
a 776 806 80 14
a 776 807 96 76
a 776 777 97 74
a 777 806 79 19
a 777 776 74 4
a 777 807 49 63
a 777 808 27 35
a 777 778 94 75
a 778 807 43 78
a 778 777 52 82
a 778 808 65 77
a 778 809 2 98
a 778 779 23 92
a 779 808 49 28
a 779 778 34 23
a 779 809 47 64
a 779 810 30 60
a 779 780 8 29
a 780 809 67 70
a 780 779 30 21
a 780 810 61 99
a 781 811 48 100
a 781 812 8 69
a 781 782 79 7
a 782 811 65 38
a 782 781 22 1
a 782 812 90 45
a 782 813 16 38
a 782 783 9 46
a 783 812 4 63
a 783 782 16 45
a 783 813 13 53
a 783 814 96 56
a 783 784 68 90
a 784 813 93 99
a 784 783 36 67
a 784 814 46 13
a 784 815 92 88
a 784 785 38 77
a 785 814 31 39
a 785 784 14 22
a 785 815 77 60
a 785 816 25 81
a 785 786 50 27
a 786 815 31 60
a 786 785 38 58
a 786 816 58 5
a 786 817 73 81
a 786 787 92 25
a 787 816 48 80
a 787 786 18 19
a 787 817 47 89
a 787 818 53 12
a 787 788 57 60
a 788 817 89 72
a 788 787 55 92
a 788 818 98 61
a 788 819 66 67
a 788 789 6 97
a 789 818 97 49
a 789 788 77 14
a 789 819 26 39
a 789 820 39 9
a 789 790 69 43
a 790 819 2 7
a 790 789 75 89
a 790 820 84 68
a 790 821 73 69
a 790 791 43 30
a 791 820 38 68
a 791 790 100 42
a 791 821 9 76
a 791 822 54 19
a 791 792 49 95
a 792 821 97 24
a 792 791 75 68
a 792 822 44 69
a 792 823 25 70
a 792 793 55 66
a 793 822 62 43
a 793 792 77 14
a 793 823 18 49
a 793 824 85 94
a 793 794 1 36
a 794 823 60 3
a 794 793 68 67
a 794 824 9 27
a 794 825 35 65
a 794 795 61 37
a 795 824 97 16
a 795 794 34 15
a 795 825 94 88
a 795 826 31 24
a 795 796 55 34
a 796 825 45 64
a 796 795 61 25
a 796 826 13 75
a 796 827 20 67
a 796 797 71 87
a 797 826 75 34
a 797 796 59 73
a 797 827 58 9
a 797 828 70 83
a 797 798 40 33
a 798 827 96 5
a 798 797 39 93
a 798 828 49 26
a 798 829 48 45
a 798 799 46 87
a 799 828 24 40
a 799 798 3 98
a 799 829 57 41
a 799 830 11 41
a 799 800 6 100
a 800 829 44 49
a 800 799 8 55
a 800 830 76 50
a 800 831 86 63
a 800 801 77 5
a 801 830 96 22
a 801 800 86 85
a 801 831 50 78
a 801 832 30 29
a 801 802 99 83
a 802 831 54 3
a 802 801 63 32
a 802 832 87 37
a 802 833 82 67
a 802 803 50 64
a 803 832 24 24
a 803 802 93 38
a 803 833 38 7
a 803 834 84 49
a 803 804 1 65
a 804 833 40 7
a 804 803 67 42
a 804 834 95 41
a 804 835 91 20
a 804 805 13 76
a 805 834 38 71
a 805 804 31 98
a 805 835 100 16
a 805 836 98 81
a 805 806 28 47
a 806 835 11 8
a 806 805 10 29
a 806 836 39 83
a 806 837 55 30
a 806 807 18 71
a 807 836 58 38
a 807 806 4 15
a 807 837 13 43
a 807 838 56 27
a 807 808 26 63
a 808 837 49 46
a 808 807 90 83
a 808 838 43 6
a 808 839 1 39
a 808 809 17 74
a 809 838 88 34
a 809 808 61 70
a 809 839 47 42
a 809 840 4 83
a 809 810 85 61
a 810 839 10 2
a 810 809 27 75
a 810 840 38 45
a 811 841 35 56
a 811 842 92 57
a 811 812 47 62
a 812 841 72 24
a 812 811 85 32
a 812 842 64 91
a 812 843 24 87
a 812 813 70 96
a 813 842 48 22
a 813 812 80 73
a 813 843 84 97
a 813 844 41 9
a 813 814 14 38
a 814 843 89 32
a 814 813 9 71
a 814 844 96 79
a 814 845 67 80
a 814 815 35 94
a 815 844 81 6
a 815 814 72 26
a 815 845 80 30
a 815 846 90 39
a 815 816 21 96
a 816 845 86 14
a 816 815 6 56
a 816 846 65 45
a 816 847 68 30
a 816 817 5 64
a 817 846 17 54
a 817 816 26 33
a 817 847 20 51
a 817 848 59 35
a 817 818 83 33
a 818 847 70 35
a 818 817 4 78
a 818 848 27 51
a 818 849 16 22
a 818 819 52 84
a 819 848 98 59
a 819 818 33 14
a 819 849 9 48
a 819 850 51 7
a 819 820 64 62
a 820 849 18 97
a 820 819 15 62
a 820 850 14 63
a 820 851 19 90
a 820 821 6 22
a 821 850 50 22
a 821 820 53 43
a 821 851 82 95
a 821 852 95 85
a 821 822 84 66
a 822 851 82 17
a 822 821 1 16
a 822 852 18 90
a 822 853 85 14
a 822 823 75 78
a 823 852 96 9
a 823 822 71 84
a 823 853 58 56
a 823 854 80 20
a 823 824 43 49
a 824 853 99 20
a 824 823 84 14
a 824 854 75 26
a 824 855 69 80
a 824 825 57 78
a 825 854 56 39
a 825 824 17 3
a 825 855 30 38
a 825 856 39 6
a 825 826 18 19
a 826 855 11 26
a 826 825 91 98
a 826 856 79 12
a 826 857 20 73
a 826 827 32 43
a 827 856 31 83
a 827 826 13 33
a 827 857 5 3
a 827 858 12 48
a 827 828 86 98
a 828 857 81 27
a 828 827 28 78
a 828 858 12 65
a 828 859 31 25
a 828 829 55 80
a 829 858 12 89
a 829 828 46 67
a 829 859 71 21
a 829 860 40 71
a 829 830 71 26
a 830 859 55 68
a 830 829 40 85
a 830 860 12 52
a 830 861 5 88
a 830 831 92 37
a 831 860 4 12
a 831 830 15 68
a 831 861 12 53
a 831 862 92 79
a 831 832 98 34
a 832 861 33 90
a 832 831 92 85
a 832 862 62 98
a 832 863 57 88
a 832 833 64 59
a 833 862 21 25
a 833 832 64 96
a 833 863 54 82
a 833 864 91 63
a 833 834 9 89
a 834 863 4 50
a 834 833 12 7
a 834 864 27 88
a 834 865 49 22
a 834 835 60 5
a 835 864 67 77
a 835 834 35 81
a 835 865 48 8
a 835 866 71 42
a 835 836 84 56
a 836 865 17 41
a 836 835 33 16
a 836 866 20 50
a 836 867 12 23
a 836 837 7 20
a 837 866 36 78
a 837 836 12 54
a 837 867 34 11
a 837 868 60 57
a 837 838 61 27
a 838 867 32 48
a 838 837 80 29
a 838 868 91 69
a 838 869 70 76
a 838 839 22 35
a 839 868 58 71
a 839 838 5 65
a 839 869 55 97
a 839 870 70 2
a 839 840 43 44
a 840 869 13 67
a 840 839 77 11
a 840 870 43 10
a 841 871 89 87
a 841 872 84 93
a 841 842 90 54
a 842 871 65 26
a 842 841 54 59
a 842 872 18 34
a 842 873 21 26
a 842 843 74 62
a 843 872 23 33
a 843 842 49 50
a 843 873 80 30
a 843 874 71 33
a 843 844 75 76
a 844 873 43 82
a 844 843 14 44
a 844 874 77 33
a 844 875 34 55
a 844 845 70 81
a 845 874 15 57
a 845 844 70 18
a 845 875 60 46
a 845 876 61 7
a 845 846 45 19
a 846 875 67 26
a 846 845 5 17
a 846 876 9 13
a 846 877 18 65
a 846 847 46 65
a 847 876 36 19
a 847 846 50 95
a 847 877 39 29
a 847 878 90 83
a 847 848 17 52
a 848 877 1 64
a 848 847 8 26
a 848 878 40 5
a 848 879 40 87
a 848 849 98 66
a 849 878 78 5
a 849 848 58 91
a 849 879 66 40
a 849 880 93 6
a 849 850 51 92
a 850 879 95 37
a 850 849 37 6
a 850 880 98 7
a 850 881 82 86
a 850 851 8 96
a 851 880 9 54
a 851 850 67 36
a 851 881 21 24
a 851 882 58 5
a 851 852 31 37
a 852 881 6 41
a 852 851 88 82
a 852 882 2 49
a 852 883 15 93
a 852 853 33 1
a 853 882 98 38
a 853 852 59 42
a 853 883 50 9
a 853 884 43 30
a 853 854 96 47
a 854 883 32 52
a 854 853 84 96
a 854 884 26 7
a 854 885 55 82
a 854 855 72 93
a 855 884 29 93
a 855 854 89 57
a 855 885 12 60
a 855 886 88 45
a 855 856 83 5
a 856 885 72 66
a 856 855 59 78
a 856 886 57 98
a 856 887 69 59
a 856 857 33 96
a 857 886 34 80
a 857 856 88 68
a 857 887 95 14
a 857 888 35 70
a 857 858 12 98
a 858 887 3 17
a 858 857 65 94
a 858 888 26 29
a 858 889 21 73
a 858 859 27 90
a 859 888 39 64
a 859 858 36 48
a 859 889 74 30
a 859 890 65 99
a 859 860 100 44
a 860 889 36 72
a 860 859 35 89
a 860 890 27 83
a 860 891 44 25
a 860 861 66 1
a 861 890 98 43
a 861 860 6 10
a 861 891 24 85
a 861 892 75 43
a 861 862 39 64
a 862 891 7 84
a 862 861 23 5
a 862 892 60 64
a 862 893 63 77
a 862 863 80 100
a 863 892 51 38
a 863 862 43 88
a 863 893 55 98
a 863 894 10 78
a 863 864 31 65
a 864 893 39 83
a 864 863 28 25
a 864 894 78 22
a 864 895 53 46
a 864 865 91 37
a 865 894 2 60
a 865 864 85 28
a 865 895 78 28
a 865 896 91 26
a 865 866 74 79
a 866 895 74 62
a 866 865 12 82
a 866 896 60 54
a 866 897 66 95
a 866 867 44 75
a 867 896 20 81
a 867 866 18 2
a 867 897 42 23
a 867 898 70 67
a 867 868 97 68
a 868 897 17 12
a 868 867 90 67
a 868 898 96 81
a 868 899 93 10
a 868 869 70 34
a 869 898 12 31
a 869 868 57 99
a 869 899 37 15
a 869 900 93 3
a 869 870 88 20
a 870 899 41 76
a 870 869 78 94
a 870 900 7 84
