p sp 402 1826
n 0 s
n 401 t
a 0 1 65 57
a 0 2 31 22
a 0 3 73 59
a 0 4 32 32
a 0 5 54 1
a 0 6 55 91
a 0 7 83 58
a 0 8 29 9
a 0 9 3 30
a 0 10 84 76
a 0 11 59 2
a 0 12 69 61
a 0 13 80 48
a 0 14 16 66
a 0 15 100 60
a 0 16 68 22
a 0 17 52 34
a 0 18 89 14
a 0 19 40 97
a 0 20 79 33
a 381 401 98 57
a 382 401 89 24
a 383 401 25 51
a 384 401 91 48
a 385 401 18 87
a 386 401 19 73
a 387 401 90 62
a 388 401 41 97
a 389 401 60 29
a 390 401 82 43
a 391 401 87 41
a 392 401 48 98
a 393 401 63 6
a 394 401 4 37
a 395 401 16 48
a 396 401 18 17
a 397 401 91 1
a 398 401 44 73
a 399 401 53 21
a 400 401 10 26
a 1 21 23 95
a 1 22 54 81
a 2 21 48 97
a 2 22 60 14
a 2 23 15 47
a 3 22 27 2
a 3 23 21 25
a 3 24 11 44
a 4 23 11 7
a 4 24 42 45
a 4 25 89 7
a 5 24 13 39
a 5 25 73 19
a 5 26 8 56
a 6 25 63 80
a 6 26 30 73
a 6 27 71 62
a 7 26 80 34
a 7 27 57 74
a 7 28 77 43
a 8 27 62 30
a 8 28 51 54
a 8 29 31 96
a 9 28 89 99
a 9 29 27 99
a 9 30 24 45
a 10 29 59 79
a 10 30 69 20
a 10 31 81 92
a 11 30 21 76
a 11 31 39 53
a 11 32 48 30
a 12 31 17 38
a 12 32 35 65
a 12 33 81 81
a 13 32 1 93
a 13 33 40 34
a 13 34 62 92
a 14 33 90 51
a 14 34 39 33
a 14 35 48 32
a 15 34 46 33
a 15 35 14 2
a 15 36 5 92
a 16 35 79 35
a 16 36 86 34
a 16 37 89 83
a 17 36 66 96
a 17 37 38 38
a 17 38 5 55
a 18 37 88 6
a 18 38 79 44
a 18 39 98 59
a 19 38 55 89
a 19 39 84 26
a 19 40 36 19
a 20 39 54 27
a 20 40 28 49
a 21 41 34 79
a 21 42 26 82
a 21 22 66 90
a 22 41 76 72
a 22 21 100 58
a 22 42 43 73
a 22 43 37 70
a 22 23 20 63
a 23 42 98 22
a 23 22 23 91
a 23 43 60 92
a 23 44 67 82
a 23 24 74 47
a 24 43 36 28
a 24 23 64 64
a 24 44 73 18
a 24 45 35 27
a 24 25 78 75
a 25 44 95 96
a 25 24 35 56
a 25 45 10 75
a 25 46 12 50
a 25 26 3 5
a 26 45 33 25
a 26 25 35 33
a 26 46 61 7
a 26 47 57 39
a 26 27 14 21
a 27 46 69 4
a 27 26 39 18
a 27 47 38 79
a 27 48 82 18
a 27 28 37 57
a 28 47 59 87
a 28 27 1 48
a 28 48 63 96
a 28 49 30 22
a 28 29 43 75
a 29 48 95 84
a 29 28 23 29
a 29 49 63 70
a 29 50 97 55
a 29 30 49 55
a 30 49 99 20
a 30 29 79 65
a 30 50 62 62
a 30 51 85 8
a 30 31 43 59
a 31 50 80 86
a 31 30 100 22
a 31 51 81 8
a 31 52 4 26
a 31 32 44 97
a 32 51 58 43
a 32 31 30 92
a 32 52 27 47
a 32 53 83 73
a 32 33 80 85
a 33 52 49 87
a 33 32 28 6
a 33 53 46 93
a 33 54 84 40
a 33 34 61 55
a 34 53 68 100
a 34 33 48 96
a 34 54 62 7
a 34 55 6 82
a 34 35 37 49
a 35 54 24 14
a 35 34 28 27
a 35 55 15 83
a 35 56 94 60
a 35 36 53 62
a 36 55 21 58
a 36 35 85 4
a 36 56 75 75
a 36 57 13 36
a 36 37 85 91
a 37 56 53 47
a 37 36 57 1
a 37 57 53 98
a 37 58 92 82
a 37 38 17 12
a 38 57 35 30
a 38 37 55 17
a 38 58 82 94
a 38 59 15 62
a 38 39 17 78
a 39 58 30 66
a 39 38 13 33
a 39 59 36 91
a 39 60 5 87
a 39 40 87 91
a 40 59 50 100
a 40 39 81 22
a 40 60 13 62
a 41 61 35 85
a 41 62 2 53
a 41 42 18 24
a 42 61 94 39
a 42 41 63 41
a 42 62 58 73
a 42 63 61 49
a 42 43 31 15
a 43 62 38 85
a 43 42 67 48
a 43 63 27 82
a 43 64 6 95
a 43 44 78 65
a 44 63 42 74
a 44 43 83 94
a 44 64 89 36
a 44 65 51 48
a 44 45 16 10
a 45 64 32 7
a 45 44 37 73
a 45 65 81 94
a 45 66 47 96
a 45 46 18 32
a 46 65 3 94
a 46 45 46 34
a 46 66 23 40
a 46 67 21 54
a 46 47 73 37
a 47 66 64 23
a 47 46 61 78
a 47 67 88 1
a 47 68 9 41
a 47 48 95 60
a 48 67 23 41
a 48 47 19 81
a 48 68 34 21
a 48 69 13 73
a 48 49 41 83
a 49 68 18 91
a 49 48 76 15
a 49 69 16 17
a 49 70 53 100
a 49 50 63 67
a 50 69 16 59
a 50 49 23 92
a 50 70 96 92
a 50 71 59 41
a 50 51 56 87
a 51 70 52 52
a 51 50 58 56
a 51 71 64 98
a 51 72 83 22
a 51 52 7 5
a 52 71 73 29
a 52 51 56 34
a 52 72 63 6
a 52 73 37 59
a 52 53 77 10
a 53 72 60 53
a 53 52 85 80
a 53 73 10 28
a 53 74 57 27
a 53 54 73 39
a 54 73 68 5
a 54 53 91 92
a 54 74 33 25
a 54 75 59 2
a 54 55 69 8
a 55 74 19 15
a 55 54 54 58
a 55 75 80 52
a 55 76 40 32
a 55 56 10 87
a 56 75 20 31
a 56 55 77 59
a 56 76 53 60
a 56 77 93 16
a 56 57 78 84
a 57 76 73 88
a 57 56 39 42
a 57 77 22 93
a 57 78 52 76
a 57 58 63 92
a 58 77 44 87
a 58 57 54 82
a 58 78 68 32
a 58 79 3 55
a 58 59 34 43
a 59 78 69 41
a 59 58 85 10
a 59 79 65 99
a 59 80 7 71
a 59 60 31 63
a 60 79 87 43
a 60 59 8 30
a 60 80 54 21
a 61 81 15 6
a 61 82 28 75
a 61 62 56 18
a 62 81 67 31
a 62 61 2 62
a 62 82 87 97
a 62 83 29 18
a 62 63 79 17
a 63 82 15 14
a 63 62 65 93
a 63 83 9 36
a 63 84 89 22
a 63 64 62 30
a 64 83 70 8
a 64 63 53 69
a 64 84 61 75
a 64 85 72 60
a 64 65 72 12
a 65 84 27 66
a 65 64 16 73
a 65 85 24 8
a 65 86 24 58
a 65 66 53 92
a 66 85 97 53
a 66 65 69 49
a 66 86 34 93
a 66 87 96 81
a 66 67 49 31
a 67 86 41 68
a 67 66 53 42
a 67 87 94 11
a 67 88 79 45
a 67 68 54 54
a 68 87 44 91
a 68 67 100 86
a 68 88 77 79
a 68 89 9 43
a 68 69 34 2
a 69 88 32 2
a 69 68 53 63
a 69 89 97 39
a 69 90 2 49
a 69 70 59 99
a 70 89 96 16
a 70 69 68 69
a 70 90 3 41
a 70 91 15 99
a 70 71 46 88
a 71 90 34 100
a 71 70 33 61
a 71 91 82 48
a 71 92 87 87
a 71 72 79 92
a 72 91 69 18
a 72 71 1 52
a 72 92 35 3
a 72 93 65 95
a 72 73 12 6
a 73 92 46 99
a 73 72 78 56
a 73 93 95 46
a 73 94 65 59
a 73 74 53 57
a 74 93 4 75
a 74 73 23 3
a 74 94 26 58
a 74 95 26 98
a 74 75 58 92
a 75 94 88 10
a 75 74 18 82
a 75 95 88 42
a 75 96 66 53
a 75 76 95 26
a 76 95 65 96
a 76 75 64 75
a 76 96 78 51
a 76 97 54 18
a 76 77 85 66
a 77 96 76 88
a 77 76 70 22
a 77 97 48 46
a 77 98 71 82
a 77 78 95 50
a 78 97 69 74
a 78 77 2 81
a 78 98 96 49
a 78 99 27 33
a 78 79 35 54
a 79 98 13 14
a 79 78 64 43
a 79 99 41 24
a 79 100 70 33
a 79 80 9 58
a 80 99 69 7
a 80 79 11 98
a 80 100 3 57
a 81 101 99 78
a 81 102 88 36
a 81 82 42 53
a 82 101 21 13
a 82 81 23 46
a 82 102 51 88
a 82 103 31 46
a 82 83 50 12
a 83 102 50 82
a 83 82 97 70
a 83 103 70 78
a 83 104 20 70
a 83 84 40 81
a 84 103 73 5
a 84 83 74 97
a 84 104 93 72
a 84 105 62 38
a 84 85 58 53
a 85 104 62 75
a 85 84 66 46
a 85 105 97 8
a 85 106 83 47
a 85 86 7 8
a 86 105 75 93
a 86 85 69 68
a 86 106 36 29
a 86 107 19 17
a 86 87 57 59
a 87 106 59 67
a 87 86 31 97
a 87 107 18 38
a 87 108 2 7
a 87 88 91 82
a 88 107 12 89
a 88 87 80 92
a 88 108 44 11
a 88 109 70 32
a 88 89 89 85
a 89 108 69 10
a 89 88 90 16
a 89 109 28 80
a 89 110 30 82
a 89 90 11 69
a 90 109 41 58
a 90 89 38 77
a 90 110 13 75
a 90 111 15 86
a 90 91 87 11
a 91 110 53 67
a 91 90 6 91
a 91 111 71 39
a 91 112 63 34
a 91 92 32 89
a 92 111 92 55
a 92 91 21 72
a 92 112 62 33
a 92 113 30 90
a 92 93 62 99
a 93 112 94 62
a 93 92 91 45
a 93 113 77 14
a 93 114 30 62
a 93 94 4 15
a 94 113 8 50
a 94 93 55 64
a 94 114 93 40
a 94 115 92 42
a 94 95 22 58
a 95 114 81 32
a 95 94 20 9
a 95 115 20 53
a 95 116 20 25
a 95 96 30 3
a 96 115 92 64
a 96 95 21 75
a 96 116 72 63
a 96 117 92 75
a 96 97 98 43
a 97 116 54 50
a 97 96 84 94
a 97 117 83 86
a 97 118 72 79
a 97 98 55 40
a 98 117 18 55
a 98 97 11 35
a 98 118 30 22
a 98 119 33 3
a 98 99 24 14
a 99 118 90 22
a 99 98 80 7
a 99 119 60 2
a 99 120 28 64
a 99 100 83 43
a 100 119 22 14
a 100 99 64 23
a 100 120 25 74
a 101 121 20 56
a 101 122 47 93
a 101 102 83 32
a 102 121 15 81
a 102 101 56 85
a 102 122 84 19
a 102 123 41 8
a 102 103 34 14
a 103 122 1 92
a 103 102 23 70
a 103 123 62 1
a 103 124 87 80
a 103 104 74 67
a 104 123 81 10
a 104 103 78 29
a 104 124 49 98
a 104 125 6 74
a 104 105 62 30
a 105 124 16 48
a 105 104 41 80
a 105 125 47 27
a 105 126 13 12
a 105 106 32 85
a 106 125 86 27
a 106 105 3 36
a 106 126 48 21
a 106 127 88 6
a 106 107 9 64
a 107 126 42 42
a 107 106 15 40
a 107 127 98 2
a 107 128 61 79
a 107 108 85 77
a 108 127 86 50
a 108 107 31 58
a 108 128 87 61
a 108 129 40 15
a 108 109 42 84
a 109 128 77 70
a 109 108 51 35
a 109 129 40 63
a 109 130 100 94
a 109 110 9 79
a 110 129 49 6
a 110 109 1 72
a 110 130 1 95
a 110 131 14 29
a 110 111 37 59
a 111 130 9 12
a 111 110 78 80
a 111 131 72 67
a 111 132 99 30
a 111 112 50 13
a 112 131 45 40
a 112 111 28 47
a 112 132 82 97
a 112 133 12 32
a 112 113 81 23
a 113 132 90 77
a 113 112 20 96
a 113 133 84 41
a 113 134 46 81
a 113 114 26 93
a 114 133 16 60
a 114 113 74 88
a 114 134 58 61
a 114 135 42 63
a 114 115 7 53
a 115 134 11 48
a 115 114 68 100
a 115 135 14 24
a 115 136 51 25
a 115 116 91 79
a 116 135 17 56
a 116 115 87 8
a 116 136 22 37
a 116 137 48 95
a 116 117 30 44
a 117 136 75 4
a 117 116 83 77
a 117 137 23 88
a 117 138 3 60
a 117 118 53 38
a 118 137 68 17
a 118 117 82 40
a 118 138 22 11
a 118 139 79 57
a 118 119 58 28
a 119 138 93 53
a 119 118 91 67
a 119 139 10 92
a 119 140 11 61
a 119 120 83 47
a 120 139 33 4
a 120 119 84 100
a 120 140 18 42
a 121 141 6 21
a 121 142 95 66
a 121 122 98 52
a 122 141 21 22
a 122 121 91 94
a 122 142 52 6
a 122 143 58 14
a 122 123 70 32
a 123 142 46 53
a 123 122 8 90
a 123 143 46 73
a 123 144 42 52
a 123 124 42 3
a 124 143 76 26
a 124 123 2 98
a 124 144 9 87
a 124 145 54 85
a 124 125 4 95
a 125 144 65 85
a 125 124 20 68
a 125 145 66 41
a 125 146 80 72
a 125 126 56 35
a 126 145 16 63
a 126 125 2 100
a 126 146 50 57
a 126 147 1 39
a 126 127 61 10
a 127 146 46 98
a 127 126 34 14
a 127 147 40 62
a 127 148 32 76
a 127 128 36 11
a 128 147 18 26
a 128 127 33 81
a 128 148 35 84
a 128 149 63 42
a 128 129 9 75
a 129 148 8 39
a 129 128 100 60
a 129 149 93 85
a 129 150 91 1
a 129 130 71 22
a 130 149 98 40
a 130 129 61 97
a 130 150 43 80
a 130 151 35 60
a 130 131 26 85
a 131 150 66 69
a 131 130 55 77
a 131 151 15 80
a 131 152 55 88
a 131 132 18 39
a 132 151 67 32
a 132 131 91 76
a 132 152 30 51
a 132 153 91 64
a 132 133 59 78
a 133 152 89 25
a 133 132 78 8
a 133 153 69 71
a 133 154 23 87
a 133 134 99 52
a 134 153 68 51
a 134 133 25 3
a 134 154 21 29
a 134 155 62 37
a 134 135 51 58
a 135 154 7 15
a 135 134 3 10
a 135 155 64 12
a 135 156 26 12
a 135 136 48 82
a 136 155 8 88
a 136 135 35 90
a 136 156 76 48
a 136 157 40 33
a 136 137 15 40
a 137 156 31 58
a 137 136 58 21
a 137 157 29 97
a 137 158 64 97
a 137 138 47 22
a 138 157 49 9
a 138 137 82 100
a 138 158 24 95
a 138 159 72 85
a 138 139 67 31
a 139 158 96 78
a 139 138 84 58
a 139 159 84 51
a 139 160 46 15
a 139 140 8 34
a 140 159 66 62
a 140 139 36 66
a 140 160 72 18
a 141 161 18 100
a 141 162 50 3
a 141 142 30 77
a 142 161 83 45
a 142 141 47 94
a 142 162 38 56
a 142 163 26 69
a 142 143 38 13
a 143 162 83 41
a 143 142 58 61
a 143 163 16 65
a 143 164 82 97
a 143 144 47 50
a 144 163 44 39
a 144 143 97 64
a 144 164 78 9
a 144 165 40 31
a 144 145 61 99
a 145 164 53 35
a 145 144 14 30
a 145 165 34 77
a 145 166 34 89
a 145 146 71 77
a 146 165 31 32
a 146 145 65 74
a 146 166 47 13
a 146 167 61 81
a 146 147 1 27
a 147 166 3 54
a 147 146 30 64
a 147 167 46 51
a 147 168 59 31
a 147 148 55 55
a 148 167 4 47
a 148 147 55 64
a 148 168 66 53
a 148 169 55 42
a 148 149 62 69
a 149 168 71 57
a 149 148 42 34
a 149 169 79 81
a 149 170 1 5
a 149 150 96 45
a 150 169 43 95
a 150 149 18 29
a 150 170 7 24
a 150 171 100 97
a 150 151 60 85
a 151 170 92 83
a 151 150 19 25
a 151 171 74 5
a 151 172 83 88
a 151 152 98 21
a 152 171 68 28
a 152 151 52 85
a 152 172 14 78
a 152 173 71 47
a 152 153 86 86
a 153 172 51 42
a 153 152 95 75
a 153 173 74 36
a 153 174 31 41
a 153 154 43 16
a 154 173 25 32
a 154 153 5 92
a 154 174 43 13
a 154 175 22 88
a 154 155 48 89
a 155 174 19 12
a 155 154 68 8
a 155 175 81 17
a 155 176 5 80
a 155 156 22 47
a 156 175 26 15
a 156 155 98 56
a 156 176 11 77
a 156 177 10 46
a 156 157 71 32
a 157 176 70 86
a 157 156 34 46
a 157 177 7 77
a 157 178 99 5
a 157 158 80 13
a 158 177 35 79
a 158 157 66 66
a 158 178 68 39
a 158 179 32 41
a 158 159 61 4
a 159 178 17 50
a 159 158 31 73
a 159 179 96 87
a 159 180 97 95
a 159 160 26 51
a 160 179 13 40
a 160 159 30 85
a 160 180 54 29
a 161 181 99 62
a 161 182 23 79
a 161 162 40 78
a 162 181 18 22
a 162 161 36 84
a 162 182 34 22
a 162 183 49 44
a 162 163 38 91
a 163 182 98 31
a 163 162 15 32
a 163 183 98 94
a 163 184 94 4
a 163 164 5 88
a 164 183 67 78
a 164 163 78 82
a 164 184 10 88
a 164 185 51 44
a 164 165 99 15
a 165 184 65 46
a 165 164 1 94
a 165 185 43 4
a 165 186 65 16
a 165 166 66 48
a 166 185 38 43
a 166 165 78 75
a 166 186 25 36
a 166 187 20 99
a 166 167 33 60
a 167 186 65 60
a 167 166 85 58
a 167 187 31 37
a 167 188 58 11
a 167 168 4 6
a 168 187 68 27
a 168 167 3 93
a 168 188 74 95
a 168 189 96 6
a 168 169 2 74
a 169 188 80 55
a 169 168 67 6
a 169 189 50 41
a 169 190 53 56
a 169 170 52 81
a 170 189 24 64
a 170 169 37 55
a 170 190 89 8
a 170 191 25 50
a 170 171 22 10
a 171 190 79 1
a 171 170 89 9
a 171 191 83 58
a 171 192 27 29
a 171 172 96 100
a 172 191 35 40
a 172 171 21 39
a 172 192 31 79
a 172 193 80 29
a 172 173 84 96
a 173 192 41 35
a 173 172 21 10
a 173 193 25 10
a 173 194 61 87
a 173 174 31 77
a 174 193 10 30
a 174 173 78 72
a 174 194 30 69
a 174 195 41 15
a 174 175 41 13
a 175 194 97 57
a 175 174 26 1
a 175 195 61 18
a 175 196 35 98
a 175 176 2 40
a 176 195 13 58
a 176 175 77 19
a 176 196 29 4
a 176 197 81 45
a 176 177 88 51
a 177 196 29 53
a 177 176 61 37
a 177 197 71 67
a 177 198 64 37
a 177 178 32 46
a 178 197 96 86
a 178 177 72 42
a 178 198 47 7
a 178 199 3 37
a 178 179 90 91
a 179 198 58 41
a 179 178 48 28
a 179 199 84 63
a 179 200 80 17
a 179 180 17 23
a 180 199 75 50
a 180 179 32 12
a 180 200 100 9
a 181 201 56 11
a 181 202 42 39
a 181 182 41 4
a 182 201 44 36
a 182 181 62 53
a 182 202 96 63
a 182 203 96 40
a 182 183 7 98
a 183 202 42 4
a 183 182 30 19
a 183 203 51 16
a 183 204 5 61
a 183 184 92 64
a 184 203 100 70
a 184 183 7 25
a 184 204 99 93
a 184 205 15 71
a 184 185 16 51
a 185 204 59 97
a 185 184 64 51
a 185 205 17 74
a 185 206 87 68
a 185 186 43 27
a 186 205 49 80
a 186 185 72 2
a 186 206 98 30
a 186 207 70 66
a 186 187 30 44
a 187 206 76 85
a 187 186 1 67
a 187 207 23 39
a 187 208 62 49
a 187 188 47 68
a 188 207 47 82
a 188 187 75 33
a 188 208 10 75
a 188 209 23 55
a 188 189 55 76
a 189 208 57 74
a 189 188 37 15
a 189 209 18 42
a 189 210 68 10
a 189 190 20 29
a 190 209 85 54
a 190 189 80 53
a 190 210 62 19
a 190 211 32 24
a 190 191 8 93
a 191 210 15 41
a 191 190 61 16
a 191 211 12 36
a 191 212 64 36
a 191 192 22 35
a 192 211 89 39
a 192 191 53 85
a 192 212 43 9
a 192 213 83 57
a 192 193 48 87
a 193 212 41 21
a 193 192 39 72
a 193 213 84 52
a 193 214 45 68
a 193 194 13 38
a 194 213 86 2
a 194 193 29 50
a 194 214 36 97
a 194 215 51 10
a 194 195 18 79
a 195 214 68 27
a 195 194 87 83
a 195 215 88 88
a 195 216 55 33
a 195 196 58 6
a 196 215 23 64
a 196 195 26 6
a 196 216 71 52
a 196 217 21 23
a 196 197 12 18
a 197 216 79 78
a 197 196 88 10
a 197 217 40 92
a 197 218 87 76
a 197 198 87 91
a 198 217 14 79
a 198 197 23 53
a 198 218 27 6
a 198 219 89 87
a 198 199 60 83
a 199 218 97 22
a 199 198 83 22
a 199 219 35 16
a 199 220 99 48
a 199 200 49 13
a 200 219 26 27
a 200 199 17 4
a 200 220 26 55
a 201 221 83 94
a 201 222 91 82
a 201 202 17 31
a 202 221 70 3
a 202 201 97 81
a 202 222 69 72
a 202 223 77 93
a 202 203 63 52
a 203 222 67 96
a 203 202 15 29
a 203 223 87 2
a 203 224 77 43
a 203 204 97 99
a 204 223 87 13
a 204 203 15 72
a 204 224 28 28
a 204 225 56 81
a 204 205 51 34
a 205 224 37 25
a 205 204 48 1
a 205 225 65 66
a 205 226 71 71
a 205 206 32 16
a 206 225 28 26
a 206 205 64 92
a 206 226 28 76
a 206 227 23 58
a 206 207 38 33
a 207 226 41 68
a 207 206 4 56
a 207 227 63 58
a 207 228 93 37
a 207 208 66 60
a 208 227 51 2
a 208 207 30 31
a 208 228 22 5
a 208 229 38 8
a 208 209 35 17
a 209 228 41 34
a 209 208 87 67
a 209 229 96 55
a 209 230 56 64
a 209 210 46 10
a 210 229 2 14
a 210 209 49 32
a 210 230 48 38
a 210 231 26 10
a 210 211 58 78
a 211 230 21 31
a 211 210 51 11
a 211 231 4 19
a 211 232 40 89
a 211 212 22 44
a 212 231 16 74
a 212 211 16 80
a 212 232 39 85
a 212 233 46 36
a 212 213 50 97
a 213 232 25 16
a 213 212 77 19
a 213 233 9 28
a 213 234 43 69
a 213 214 67 92
a 214 233 79 19
a 214 213 53 75
a 214 234 32 68
a 214 235 40 19
a 214 215 76 54
a 215 234 44 53
a 215 214 54 67
a 215 235 66 46
a 215 236 2 22
a 215 216 52 83
a 216 235 26 10
a 216 215 35 38
a 216 236 34 6
a 216 237 34 24
a 216 217 94 69
a 217 236 27 35
a 217 216 76 33
a 217 237 22 51
a 217 238 61 95
a 217 218 6 89
a 218 237 72 25
a 218 217 100 71
a 218 238 46 68
a 218 239 99 56
a 218 219 70 69
a 219 238 97 85
a 219 218 13 32
a 219 239 65 97
a 219 240 70 5
a 219 220 34 54
a 220 239 96 88
a 220 219 57 17
a 220 240 32 46
a 221 241 99 92
a 221 242 70 73
a 221 222 81 2
a 222 241 37 1
a 222 221 17 11
a 222 242 59 65
a 222 243 78 70
a 222 223 60 82
a 223 242 41 22
a 223 222 14 27
a 223 243 94 61
a 223 244 97 15
a 223 224 42 56
a 224 243 17 67
a 224 223 7 60
a 224 244 77 56
a 224 245 94 89
a 224 225 12 13
a 225 244 33 34
a 225 224 27 94
a 225 245 73 12
a 225 246 45 65
a 225 226 15 84
a 226 245 23 50
a 226 225 100 45
a 226 246 57 94
a 226 247 7 30
a 226 227 23 96
a 227 246 71 38
a 227 226 49 41
a 227 247 17 29
a 227 248 1 22
a 227 228 2 27
a 228 247 62 100
a 228 227 32 33
a 228 248 30 56
a 228 249 87 83
a 228 229 57 17
a 229 248 4 34
a 229 228 41 51
a 229 249 14 38
a 229 250 14 26
a 229 230 7 40
a 230 249 39 24
a 230 229 47 47
a 230 250 97 44
a 230 251 20 61
a 230 231 12 24
a 231 250 47 29
a 231 230 56 70
a 231 251 71 27
a 231 252 81 43
a 231 232 15 59
a 232 251 97 33
a 232 231 2 80
a 232 252 80 63
a 232 253 23 65
a 232 233 14 87
a 233 252 39 99
a 233 232 27 43
a 233 253 31 71
a 233 254 44 45
a 233 234 43 94
a 234 253 36 6
a 234 233 41 79
a 234 254 30 35
a 234 255 32 24
a 234 235 85 80
a 235 254 21 1
a 235 234 36 24
a 235 255 3 93
a 235 256 1 13
a 235 236 71 71
a 236 255 56 40
a 236 235 47 91
a 236 256 1 78
a 236 257 44 47
a 236 237 22 88
a 237 256 59 89
a 237 236 39 5
a 237 257 1 62
a 237 258 33 86
a 237 238 67 99
a 238 257 78 5
a 238 237 5 64
a 238 258 51 23
a 238 259 47 51
a 238 239 56 81
a 239 258 30 28
a 239 238 32 94
a 239 259 38 59
a 239 260 38 28
a 239 240 96 42
a 240 259 87 20
a 240 239 12 70
a 240 260 59 23
a 241 261 65 89
a 241 262 100 43
a 241 242 71 66
a 242 261 28 4
a 242 241 3 96
a 242 262 92 89
a 242 263 77 88
a 242 243 52 87
a 243 262 40 63
a 243 242 59 21
a 243 263 92 21
a 243 264 73 88
a 243 244 13 81
a 244 263 64 6
a 244 243 69 93
a 244 264 2 54
a 244 265 30 24
a 244 245 99 68
a 245 264 17 47
a 245 244 34 92
a 245 265 35 26
a 245 266 9 40
a 245 246 86 94
a 246 265 43 95
a 246 245 69 84
a 246 266 96 68
a 246 267 74 51
a 246 247 40 16
a 247 266 25 82
a 247 246 40 53
a 247 267 10 18
a 247 268 44 89
a 247 248 44 4
a 248 267 30 11
a 248 247 25 12
a 248 268 30 33
a 248 269 41 13
a 248 249 69 17
a 249 268 62 55
a 249 248 43 90
a 249 269 6 19
a 249 270 39 44
a 249 250 44 39
a 250 269 97 39
a 250 249 42 12
a 250 270 75 14
a 250 271 40 40
a 250 251 11 60
a 251 270 91 72
a 251 250 66 21
a 251 271 77 91
a 251 272 2 91
a 251 252 53 46
a 252 271 21 83
a 252 251 15 84
a 252 272 77 66
a 252 273 53 17
a 252 253 88 8
a 253 272 53 83
a 253 252 57 74
a 253 273 95 45
a 253 274 66 37
a 253 254 79 69
a 254 273 53 51
a 254 253 55 41
a 254 274 18 45
a 254 275 16 77
a 254 255 87 86
a 255 274 63 47
a 255 254 7 96
a 255 275 12 9
a 255 276 44 9
a 255 256 59 58
a 256 275 4 33
a 256 255 14 100
a 256 276 92 7
a 256 277 15 57
a 256 257 32 66
a 257 276 2 75
a 257 256 99 71
a 257 277 29 58
a 257 278 15 32
a 257 258 20 14
a 258 277 88 27
a 258 257 75 35
a 258 278 82 61
a 258 279 79 90
a 258 259 58 74
a 259 278 12 69
a 259 258 86 19
a 259 279 94 70
a 259 280 25 56
a 259 260 84 72
a 260 279 41 64
a 260 259 22 44
a 260 280 49 78
a 261 281 43 80
a 261 282 55 90
a 261 262 33 38
a 262 281 47 89
a 262 261 45 32
a 262 282 54 77
a 262 283 76 43
a 262 263 69 1
a 263 282 5 58
a 263 262 22 26
a 263 283 22 45
a 263 284 41 4
a 263 264 61 83
a 264 283 14 64
a 264 263 94 70
a 264 284 71 18
a 264 285 30 82
a 264 265 56 26
a 265 284 60 89
a 265 264 50 35
a 265 285 18 38
a 265 286 12 45
a 265 266 92 96
a 266 285 54 94
a 266 265 20 62
a 266 286 37 9
a 266 287 89 49
a 266 267 93 70
a 267 286 81 90
a 267 266 73 25
a 267 287 63 42
a 267 288 4 25
a 267 268 79 16
a 268 287 49 61
a 268 267 65 71
a 268 288 46 27
a 268 289 92 49
a 268 269 47 77
a 269 288 47 16
a 269 268 37 82
a 269 289 90 80
a 269 290 42 85
a 269 270 4 86
a 270 289 30 60
a 270 269 6 91
a 270 290 68 60
a 270 291 28 96
a 270 271 85 17
a 271 290 64 31
a 271 270 11 15
a 271 291 95 96
a 271 292 39 60
a 271 272 84 30
a 272 291 83 61
a 272 271 16 41
a 272 292 30 79
a 272 293 16 4
a 272 273 41 33
a 273 292 26 91
a 273 272 15 70
a 273 293 55 65
a 273 294 91 89
a 273 274 90 52
a 274 293 34 66
a 274 273 10 14
a 274 294 24 71
a 274 295 42 23
a 274 275 28 71
a 275 294 78 49
a 275 274 44 84
a 275 295 19 41
a 275 296 52 51
a 275 276 28 83
a 276 295 38 86
a 276 275 36 46
a 276 296 63 2
a 276 297 12 41
a 276 277 12 99
a 277 296 84 54
a 277 276 39 62
a 277 297 98 66
a 277 298 54 18
a 277 278 51 26
a 278 297 11 42
a 278 277 67 9
a 278 298 15 66
a 278 299 46 6
a 278 279 32 57
a 279 298 40 48
a 279 278 46 60
a 279 299 57 29
a 279 300 73 30
a 279 280 24 65
a 280 299 85 83
a 280 279 87 6
a 280 300 88 58
a 281 301 82 86
a 281 302 1 99
a 281 282 94 11
a 282 301 2 99
a 282 281 17 82
a 282 302 23 33
a 282 303 62 94
a 282 283 58 13
a 283 302 2 20
a 283 282 60 58
a 283 303 22 34
a 283 304 30 56
a 283 284 49 9
a 284 303 33 85
a 284 283 7 28
a 284 304 12 99
a 284 305 72 34
a 284 285 27 8
a 285 304 54 64
a 285 284 10 41
a 285 305 58 8
a 285 306 80 67
a 285 286 65 42
a 286 305 46 31
a 286 285 96 2
a 286 306 60 42
a 286 307 47 15
a 286 287 2 54
a 287 306 62 48
a 287 286 77 81
a 287 307 51 8
a 287 308 52 20
a 287 288 14 75
a 288 307 70 43
a 288 287 24 35
a 288 308 70 3
a 288 309 68 40
a 288 289 7 93
a 289 308 47 70
a 289 288 39 67
a 289 309 76 47
a 289 310 98 89
a 289 290 39 13
a 290 309 44 51
a 290 289 3 34
a 290 310 51 58
a 290 311 19 77
a 290 291 80 57
a 291 310 86 80
a 291 290 93 44
a 291 311 51 77
a 291 312 96 48
a 291 292 32 86
a 292 311 75 82
a 292 291 15 26
a 292 312 11 10
a 292 313 60 26
a 292 293 63 54
a 293 312 22 8
a 293 292 26 47
a 293 313 92 39
a 293 314 33 20
a 293 294 44 25
a 294 313 76 66
a 294 293 99 62
a 294 314 17 100
a 294 315 80 98
a 294 295 38 85
a 295 314 75 21
a 295 294 72 11
a 295 315 50 30
a 295 316 36 14
a 295 296 11 23
a 296 315 14 43
a 296 295 45 40
a 296 316 86 99
a 296 317 29 56
a 296 297 51 77
a 297 316 38 26
a 297 296 87 87
a 297 317 52 80
a 297 318 20 35
a 297 298 50 74
a 298 317 45 91
a 298 297 83 93
a 298 318 94 16
a 298 319 59 10
a 298 299 87 37
a 299 318 64 67
a 299 298 52 41
a 299 319 96 9
a 299 320 69 37
a 299 300 62 93
a 300 319 7 67
a 300 299 40 85
a 300 320 82 92
a 301 321 59 18
a 301 322 96 13
a 301 302 62 37
a 302 321 53 27
a 302 301 66 39
a 302 322 98 72
a 302 323 11 78
a 302 303 91 62
a 303 322 53 49
a 303 302 19 35
a 303 323 58 59
a 303 324 10 15
a 303 304 83 93
a 304 323 71 30
a 304 303 74 78
a 304 324 81 18
a 304 325 7 33
a 304 305 33 17
a 305 324 15 11
a 305 304 73 23
a 305 325 71 90
a 305 326 87 56
a 305 306 90 61
a 306 325 98 81
a 306 305 81 25
a 306 326 25 38
a 306 327 83 30
a 306 307 67 19
a 307 326 64 64
a 307 306 26 92
a 307 327 10 49
a 307 328 80 67
a 307 308 59 32
a 308 327 97 64
a 308 307 74 75
a 308 328 31 29
a 308 329 5 58
a 308 309 65 28
a 309 328 51 73
a 309 308 30 11
a 309 329 79 100
a 309 330 41 94
a 309 310 33 78
a 310 329 74 83
a 310 309 1 87
a 310 330 12 95
a 310 331 73 26
a 310 311 15 25
a 311 330 29 68
a 311 310 58 25
a 311 331 39 27
a 311 332 93 84
a 311 312 90 48
a 312 331 9 23
a 312 311 14 76
a 312 332 40 6
a 312 333 29 18
a 312 313 96 82
a 313 332 5 42
a 313 312 92 54
a 313 333 43 73
a 313 334 10 79
a 313 314 73 29
a 314 333 5 71
a 314 313 44 52
a 314 334 91 94
a 314 335 89 78
a 314 315 36 96
a 315 334 64 43
a 315 314 17 78
a 315 335 56 92
a 315 336 75 84
a 315 316 58 89
a 316 335 25 95
a 316 315 70 24
a 316 336 69 1
a 316 337 100 62
a 316 317 47 58
a 317 336 26 98
a 317 316 47 9
a 317 337 40 56
a 317 338 93 4
a 317 318 12 83
a 318 337 16 86
a 318 317 1 36
a 318 338 84 41
a 318 339 84 55
a 318 319 33 27
a 319 338 46 71
a 319 318 16 9
a 319 339 89 38
a 319 340 1 42
a 319 320 29 11
a 320 339 95 70
a 320 319 79 25
a 320 340 37 8
a 321 341 33 25
a 321 342 62 86
a 321 322 33 71
a 322 341 24 100
a 322 321 56 14
a 322 342 35 15
a 322 343 71 66
a 322 323 20 89
a 323 342 21 16
a 323 322 21 91
a 323 343 61 1
a 323 344 59 63
a 323 324 38 11
a 324 343 3 7
a 324 323 53 86
a 324 344 31 38
a 324 345 90 54
a 324 325 92 50
a 325 344 64 58
a 325 324 45 88
a 325 345 57 50
a 325 346 96 69
a 325 326 9 33
a 326 345 9 5
a 326 325 55 11
a 326 346 5 46
a 326 347 79 89
a 326 327 72 42
a 327 346 76 83
a 327 326 10 42
a 327 347 71 88
a 327 348 92 37
a 327 328 17 16
a 328 347 43 89
a 328 327 92 89
a 328 348 99 93
a 328 349 32 6
a 328 329 77 94
a 329 348 73 60
a 329 328 52 79
a 329 349 96 4
a 329 350 67 90
a 329 330 26 74
a 330 349 4 81
a 330 329 93 62
a 330 350 100 91
a 330 351 74 73
a 330 331 86 56
a 331 350 33 78
a 331 330 53 2
a 331 351 13 78
a 331 352 38 59
a 331 332 68 69
a 332 351 81 84
a 332 331 64 83
a 332 352 89 88
a 332 353 11 68
a 332 333 47 30
a 333 352 28 84
a 333 332 95 23
a 333 353 30 81
a 333 354 29 38
a 333 334 94 75
a 334 353 99 99
a 334 333 38 77
a 334 354 60 42
a 334 355 97 98
a 334 335 78 46
a 335 354 35 16
a 335 334 29 45
a 335 355 17 46
a 335 356 7 70
a 335 336 54 90
a 336 355 93 51
a 336 335 41 91
a 336 356 16 100
a 336 357 88 39
a 336 337 6 22
a 337 356 78 83
a 337 336 52 94
a 337 357 96 28
a 337 358 27 5
a 337 338 81 28
a 338 357 30 78
a 338 337 60 66
a 338 358 75 89
a 338 359 17 25
a 338 339 96 67
a 339 358 5 7
a 339 338 94 28
a 339 359 70 71
a 339 360 73 5
a 339 340 21 8
a 340 359 82 56
a 340 339 86 73
a 340 360 56 77
a 341 361 15 91
a 341 362 50 71
a 341 342 64 78
a 342 361 75 35
a 342 341 75 88
a 342 362 66 13
a 342 363 43 47
a 342 343 66 98
a 343 362 22 22
a 343 342 89 35
a 343 363 86 100
a 343 364 8 88
a 343 344 3 61
a 344 363 53 52
a 344 343 67 81
a 344 364 49 52
a 344 365 11 87
a 344 345 78 27
a 345 364 67 11
a 345 344 77 22
a 345 365 44 80
a 345 366 98 89
a 345 346 24 50
a 346 365 5 51
a 346 345 26 3
a 346 366 50 78
a 346 367 94 62
a 346 347 29 39
a 347 366 72 29
a 347 346 75 65
a 347 367 61 99
a 347 368 13 44
a 347 348 41 59
a 348 367 34 21
a 348 347 9 86
a 348 368 48 54
a 348 369 11 21
a 348 349 28 61
a 349 368 11 92
a 349 348 87 54
a 349 369 97 79
a 349 370 70 77
a 349 350 6 44
a 350 369 78 81
a 350 349 70 76
a 350 370 69 16
a 350 371 39 7
a 350 351 1 52
a 351 370 79 71
a 351 350 74 95
a 351 371 35 29
a 351 372 100 94
a 351 352 20 60
a 352 371 23 52
a 352 351 25 3
a 352 372 34 47
a 352 373 95 45
a 352 353 88 77
a 353 372 97 51
a 353 352 58 70
a 353 373 19 55
a 353 374 74 20
a 353 354 25 41
a 354 373 80 43
a 354 353 30 24
a 354 374 47 59
a 354 375 8 34
a 354 355 96 29
a 355 374 43 88
a 355 354 11 19
a 355 375 61 81
a 355 376 79 7
a 355 356 44 42
a 356 375 84 62
a 356 355 84 4
a 356 376 76 86
a 356 377 17 42
a 356 357 10 86
a 357 376 28 41
a 357 356 20 71
a 357 377 18 5
a 357 378 71 90
a 357 358 70 67
a 358 377 45 80
a 358 357 68 18
a 358 378 77 17
a 358 379 64 35
a 358 359 74 56
a 359 378 48 33
a 359 358 10 16
a 359 379 22 53
a 359 380 81 89
a 359 360 78 83
a 360 379 54 94
a 360 359 32 74
a 360 380 79 28
a 361 381 3 39
a 361 382 40 7
a 361 362 45 46
a 362 381 35 4
a 362 361 19 73
a 362 382 11 19
a 362 383 81 17
a 362 363 3 80
a 363 382 76 42
a 363 362 99 26
a 363 383 27 19
a 363 384 20 67
a 363 364 32 69
a 364 383 73 28
a 364 363 92 10
a 364 384 58 32
a 364 385 98 89
a 364 365 74 11
a 365 384 34 64
a 365 364 18 2
a 365 385 64 29
a 365 386 43 89
a 365 366 65 11
a 366 385 90 82
a 366 365 50 10
a 366 386 94 73
a 366 387 37 82
a 366 367 87 37
a 367 386 54 57
a 367 366 11 27
a 367 387 81 43
a 367 388 5 52
a 367 368 49 52
a 368 387 99 18
a 368 367 32 57
a 368 388 77 32
a 368 389 16 7
a 368 369 93 19
a 369 388 52 97
a 369 368 70 38
a 369 389 79 53
a 369 390 71 52
a 369 370 13 6
a 370 389 40 66
a 370 369 27 85
a 370 390 5 23
a 370 391 38 42
a 370 371 60 65
a 371 390 21 59
a 371 370 97 87
a 371 391 48 1
a 371 392 57 56
a 371 372 13 22
a 372 391 87 8
a 372 371 17 83
a 372 392 88 52
a 372 393 96 89
a 372 373 71 32
a 373 392 6 27
a 373 372 64 62
a 373 393 81 68
a 373 394 81 26
a 373 374 84 44
a 374 393 26 90
a 374 373 39 10
a 374 394 7 55
a 374 395 94 48
a 374 375 70 33
a 375 394 56 35
a 375 374 63 61
a 375 395 28 64
a 375 396 72 93
a 375 376 23 64
a 376 395 76 1
a 376 375 1 93
a 376 396 59 57
a 376 397 95 55
a 376 377 37 26
a 377 396 34 95
a 377 376 92 15
a 377 397 33 74
a 377 398 54 22
a 377 378 77 57
a 378 397 48 43
a 378 377 21 9
a 378 398 80 81
a 378 399 86 34
a 378 379 89 47
a 379 398 1 2
a 379 378 57 59
a 379 399 37 99
a 379 400 5 55
a 379 380 48 5
a 380 399 73 40
a 380 379 5 28
a 380 400 30 52
