p sp 102 416
n 0 s
n 101 t
a 0 1 63 53
a 0 2 4 59
a 0 3 68 6
a 0 4 12 47
a 0 5 63 28
a 0 6 93 9
a 0 7 53 61
a 0 8 63 53
a 0 9 70 77
a 0 10 63 49
a 91 101 76 70
a 92 101 23 4
a 93 101 40 4
a 94 101 34 24
a 95 101 70 42
a 96 101 83 84
a 97 101 95 11
a 98 101 46 38
a 99 101 83 26
a 100 101 85 34
a 1 11 29 67
a 1 12 96 3
a 2 11 62 97
a 2 12 7 42
a 2 13 65 49
a 3 12 45 50
a 3 13 54 81
a 3 14 74 83
a 4 13 59 10
a 4 14 87 95
a 4 15 87 89
a 5 14 27 3
a 5 15 10 36
a 5 16 78 2
a 6 15 37 10
a 6 16 28 45
a 6 17 48 76
a 7 16 60 3
a 7 17 76 92
a 7 18 99 24
a 8 17 46 84
a 8 18 12 25
a 8 19 77 75
a 9 18 99 55
a 9 19 83 68
a 9 20 2 66
a 10 19 95 44
a 10 20 64 84
a 11 21 85 91
a 11 22 24 83
a 11 12 87 87
a 12 21 67 47
a 12 11 71 93
a 12 22 94 77
a 12 23 50 96
a 12 13 30 49
a 13 22 11 68
a 13 12 39 96
a 13 23 98 8
a 13 24 84 23
a 13 14 17 57
a 14 23 17 60
a 14 13 9 27
a 14 24 87 7
a 14 25 10 25
a 14 15 77 24
a 15 24 4 36
a 15 14 56 92
a 15 25 30 77
a 15 26 84 68
a 15 16 53 82
a 16 25 34 27
a 16 15 21 32
a 16 26 26 69
a 16 27 9 35
a 16 17 70 93
a 17 26 53 70
a 17 16 86 62
a 17 27 29 29
a 17 28 64 4
a 17 18 78 89
a 18 27 52 58
a 18 17 89 15
a 18 28 20 16
a 18 29 84 21
a 18 19 17 34
a 19 28 84 62
a 19 18 41 89
a 19 29 13 41
a 19 30 30 92
a 19 20 33 70
a 20 29 53 73
a 20 19 91 61
a 20 30 48 51
a 21 31 72 24
a 21 32 54 44
a 21 22 10 59
a 22 31 65 76
a 22 21 81 7
a 22 32 30 31
a 22 33 91 36
a 22 23 73 60
a 23 32 96 48
a 23 22 52 19
a 23 33 5 42
a 23 34 13 79
a 23 24 54 76
a 24 33 56 81
a 24 23 60 34
a 24 34 72 36
a 24 35 34 78
a 24 25 27 90
a 25 34 72 68
a 25 24 96 31
a 25 35 25 15
a 25 36 64 25
a 25 26 50 47
a 26 35 21 85
a 26 25 28 88
a 26 36 19 85
a 26 37 75 4
a 26 27 9 52
a 27 36 78 64
a 27 26 17 82
a 27 37 54 87
a 27 38 28 93
a 27 28 58 53
a 28 37 81 77
a 28 27 10 8
a 28 38 14 23
a 28 39 68 17
a 28 29 92 63
a 29 38 73 1
a 29 28 68 95
a 29 39 33 22
a 29 40 49 84
a 29 30 45 66
a 30 39 98 67
a 30 29 74 4
a 30 40 38 69
a 31 41 90 19
a 31 42 74 65
a 31 32 17 59
a 32 41 13 71
a 32 31 86 73
a 32 42 58 79
a 32 43 79 39
a 32 33 43 43
a 33 42 100 62
a 33 32 90 95
a 33 43 30 6
a 33 44 60 43
a 33 34 65 64
a 34 43 94 26
a 34 33 68 46
a 34 44 76 37
a 34 45 25 27
a 34 35 70 57
a 35 44 38 49
a 35 34 35 28
a 35 45 66 89
a 35 46 56 68
a 35 36 94 87
a 36 45 17 47
a 36 35 59 43
a 36 46 39 36
a 36 47 76 68
a 36 37 46 77
a 37 46 65 31
a 37 36 23 23
a 37 47 60 71
a 37 48 22 90
a 37 38 77 73
a 38 47 54 5
a 38 37 10 15
a 38 48 54 50
a 38 49 52 32
a 38 39 32 42
a 39 48 28 55
a 39 38 1 6
a 39 49 82 76
a 39 50 48 19
a 39 40 87 47
a 40 49 32 20
a 40 39 59 66
a 40 50 84 62
a 41 51 81 72
a 41 52 82 92
a 41 42 96 33
a 42 51 60 76
a 42 41 28 57
a 42 52 23 90
a 42 53 2 13
a 42 43 63 89
a 43 52 21 68
a 43 42 57 8
a 43 53 28 43
a 43 54 12 64
a 43 44 26 77
a 44 53 49 87
a 44 43 57 86
a 44 54 90 76
a 44 55 84 95
a 44 45 42 63
a 45 54 88 81
a 45 44 87 47
a 45 55 13 27
a 45 56 82 49
a 45 46 6 28
a 46 55 44 84
a 46 45 50 90
a 46 56 39 18
a 46 57 3 74
a 46 47 47 90
a 47 56 17 16
a 47 46 63 26
a 47 57 37 78
a 47 58 39 65
a 47 48 24 97
a 48 57 39 55
a 48 47 27 44
a 48 58 52 74
a 48 59 28 45
a 48 49 7 22
a 49 58 94 14
a 49 48 20 79
a 49 59 19 13
a 49 60 44 82
a 49 50 31 5
a 50 59 54 34
a 50 49 9 17
a 50 60 84 58
a 51 61 82 10
a 51 62 73 17
a 51 52 78 49
a 52 61 13 73
a 52 51 11 87
a 52 62 9 72
a 52 63 18 75
a 52 53 2 85
a 53 62 9 14
a 53 52 85 28
a 53 63 59 77
a 53 64 7 62
a 53 54 22 14
a 54 63 95 12
a 54 53 94 16
a 54 64 65 29
a 54 65 51 27
a 54 55 32 7
a 55 64 38 89
a 55 54 16 39
a 55 65 90 40
a 55 66 52 6
a 55 56 38 20
a 56 65 98 38
a 56 55 2 13
a 56 66 81 81
a 56 67 31 1
a 56 57 2 93
a 57 66 9 64
a 57 56 21 19
a 57 67 23 54
a 57 68 86 29
a 57 58 42 96
a 58 67 42 64
a 58 57 2 48
a 58 68 51 43
a 58 69 67 79
a 58 59 17 24
a 59 68 13 14
a 59 58 40 33
a 59 69 51 65
a 59 70 7 3
a 59 60 70 15
a 60 69 99 66
a 60 59 16 16
a 60 70 21 80
a 61 71 49 93
a 61 72 30 65
a 61 62 90 10
a 62 71 1 67
a 62 61 53 18
a 62 72 71 28
a 62 73 89 11
a 62 63 82 65
a 63 72 95 31
a 63 62 52 15
a 63 73 35 49
a 63 74 20 85
a 63 64 24 86
a 64 73 31 56
a 64 63 43 64
a 64 74 69 43
a 64 75 39 9
a 64 65 51 33
a 65 74 71 24
a 65 64 4 6
a 65 75 61 18
a 65 76 4 79
a 65 66 34 24
a 66 75 25 50
a 66 65 71 77
a 66 76 58 82
a 66 77 6 23
a 66 67 99 40
a 67 76 63 53
a 67 66 18 44
a 67 77 94 28
a 67 78 36 55
a 67 68 82 4
a 68 77 7 21
a 68 67 29 7
a 68 78 8 82
a 68 79 26 33
a 68 69 86 90
a 69 78 33 75
a 69 68 97 99
a 69 79 49 90
a 69 80 46 20
a 69 70 4 99
a 70 79 4 84
a 70 69 44 53
a 70 80 40 55
a 71 81 61 59
a 71 82 18 97
a 71 72 65 73
a 72 81 11 1
a 72 71 7 69
a 72 82 35 66
a 72 83 25 60
a 72 73 88 78
a 73 82 25 91
a 73 72 42 91
a 73 83 2 19
a 73 84 55 68
a 73 74 8 65
a 74 83 3 4
a 74 73 34 67
a 74 84 28 90
a 74 85 5 89
a 74 75 59 53
a 75 84 85 80
a 75 74 51 34
a 75 85 23 65
a 75 86 79 48
a 75 76 66 21
a 76 85 20 80
a 76 75 24 72
a 76 86 13 39
a 76 87 82 64
a 76 77 86 34
a 77 86 56 82
a 77 76 81 17
a 77 87 74 85
a 77 88 51 11
a 77 78 96 7
a 78 87 96 10
a 78 77 37 36
a 78 88 2 94
a 78 89 72 60
a 78 79 76 97
a 79 88 96 89
a 79 78 56 99
a 79 89 37 3
a 79 90 69 3
a 79 80 56 41
a 80 89 75 2
a 80 79 31 78
a 80 90 16 10
a 81 91 79 12
a 81 92 17 36
a 81 82 51 32
a 82 91 64 41
a 82 81 82 51
a 82 92 25 87
a 82 93 70 88
a 82 83 96 48
a 83 92 96 76
a 83 82 20 31
a 83 93 64 60
a 83 94 54 38
a 83 84 56 18
a 84 93 14 100
a 84 83 69 11
a 84 94 63 77
a 84 95 19 40
a 84 85 70 76
a 85 94 71 88
a 85 84 40 73
a 85 95 3 15
a 85 96 64 88
a 85 86 73 9
a 86 95 9 78
a 86 85 49 82
a 86 96 6 40
a 86 97 53 81
a 86 87 85 17
a 87 96 43 15
a 87 86 78 93
a 87 97 90 48
a 87 98 79 28
a 87 88 62 93
a 88 97 13 32
a 88 87 86 8
a 88 98 30 59
a 88 99 25 61
a 88 89 3 81
a 89 98 37 2
a 89 88 46 31
a 89 99 59 19
a 89 100 97 66
a 89 90 63 80
a 90 99 12 79
a 90 89 49 80
a 90 100 44 40
