p sp 402 1826
n 0 s
n 401 t
a 0 1 61 49
a 0 2 30 48
a 0 3 16 54
a 0 4 92 62
a 0 5 20 55
a 0 6 78 78
a 0 7 74 63
a 0 8 96 45
a 0 9 85 76
a 0 10 42 21
a 0 11 44 89
a 0 12 25 48
a 0 13 53 61
a 0 14 4 83
a 0 15 93 24
a 0 16 46 46
a 0 17 38 88
a 0 18 3 63
a 0 19 26 54
a 0 20 39 36
a 381 401 61 76
a 382 401 56 31
a 383 401 99 92
a 384 401 75 37
a 385 401 13 63
a 386 401 20 78
a 387 401 17 47
a 388 401 8 17
a 389 401 9 38
a 390 401 44 48
a 391 401 88 89
a 392 401 6 59
a 393 401 9 18
a 394 401 52 19
a 395 401 59 19
a 396 401 39 73
a 397 401 58 52
a 398 401 27 81
a 399 401 98 63
a 400 401 36 21
a 1 21 68 74
a 1 22 18 70
a 2 21 6 53
a 2 22 90 44
a 2 23 2 42
a 3 22 24 81
a 3 23 69 15
a 3 24 17 24
a 4 23 58 23
a 4 24 6 72
a 4 25 37 66
a 5 24 20 54
a 5 25 68 68
a 5 26 32 98
a 6 25 89 64
a 6 26 31 26
a 6 27 99 22
a 7 26 98 58
a 7 27 87 42
a 7 28 91 52
a 8 27 72 35
a 8 28 31 66
a 8 29 87 5
a 9 28 85 63
a 9 29 93 51
a 9 30 29 54
a 10 29 50 46
a 10 30 42 11
a 10 31 26 63
a 11 30 95 60
a 11 31 18 12
a 11 32 72 24
a 12 31 78 79
a 12 32 17 72
a 12 33 36 42
a 13 32 87 94
a 13 33 14 58
a 13 34 59 79
a 14 33 17 59
a 14 34 41 76
a 14 35 56 46
a 15 34 9 30
a 15 35 16 76
a 15 36 34 91
a 16 35 42 7
a 16 36 99 33
a 16 37 79 42
a 17 36 68 30
a 17 37 40 92
a 17 38 3 82
a 18 37 78 82
a 18 38 79 2
a 18 39 85 64
a 19 38 90 13
a 19 39 61 74
a 19 40 73 16
a 20 39 14 92
a 20 40 54 3
a 21 41 81 35
a 21 42 35 79
a 21 22 16 83
a 22 41 70 49
a 22 21 39 91
a 22 42 61 17
a 22 43 74 63
a 22 23 55 95
a 23 42 63 29
a 23 22 90 23
a 23 43 60 75
a 23 44 76 91
a 23 24 94 61
a 24 43 18 51
a 24 23 33 73
a 24 44 71 44
a 24 45 15 3
a 24 25 1 27
a 25 44 53 46
a 25 24 6 14
a 25 45 94 49
a 25 46 78 21
a 25 26 47 3
a 26 45 86 27
a 26 25 20 44
a 26 46 73 58
a 26 47 51 36
a 26 27 95 17
a 27 46 95 49
a 27 26 70 89
a 27 47 29 36
a 27 48 97 27
a 27 28 48 25
a 28 47 25 90
a 28 27 44 54
a 28 48 24 93
a 28 49 87 75
a 28 29 56 45
a 29 48 96 47
a 29 28 72 58
a 29 49 85 38
a 29 50 78 35
a 29 30 80 83
a 30 49 1 59
a 30 29 6 53
a 30 50 12 81
a 30 51 87 39
a 30 31 20 52
a 31 50 27 93
a 31 30 86 65
a 31 51 18 17
a 31 52 24 63
a 31 32 16 63
a 32 51 9 42
a 32 31 52 37
a 32 52 13 4
a 32 53 54 19
a 32 33 71 89
a 33 52 100 19
a 33 32 12 61
a 33 53 30 58
a 33 54 37 16
a 33 34 18 76
a 34 53 96 37
a 34 33 87 25
a 34 54 72 36
a 34 55 11 52
a 34 35 41 75
a 35 54 28 21
a 35 34 64 28
a 35 55 68 27
a 35 56 53 85
a 35 36 19 80
a 36 55 24 69
a 36 35 22 42
a 36 56 81 87
a 36 57 55 94
a 36 37 23 57
a 37 56 99 68
a 37 36 8 35
a 37 57 50 63
a 37 58 63 78
a 37 38 94 39
a 38 57 13 60
a 38 37 71 77
a 38 58 81 94
a 38 59 55 70
a 38 39 99 98
a 39 58 33 77
a 39 38 99 50
a 39 59 7 27
a 39 60 15 17
a 39 40 21 24
a 40 59 97 29
a 40 39 22 56
a 40 60 62 63
a 41 61 7 99
a 41 62 12 16
a 41 42 87 63
a 42 61 30 88
a 42 41 89 12
a 42 62 41 1
a 42 63 54 23
a 42 43 48 90
a 43 62 78 56
a 43 42 18 78
a 43 63 50 29
a 43 64 69 100
a 43 44 100 41
a 44 63 23 72
a 44 43 78 62
a 44 64 52 32
a 44 65 2 84
a 44 45 62 78
a 45 64 23 42
a 45 44 5 59
a 45 65 54 90
a 45 66 79 57
a 45 46 8 76
a 46 65 24 36
a 46 45 3 7
a 46 66 4 71
a 46 67 33 82
a 46 47 30 11
a 47 66 40 67
a 47 46 5 66
a 47 67 100 75
a 47 68 31 18
a 47 48 43 14
a 48 67 13 23
a 48 47 90 80
a 48 68 73 47
a 48 69 58 61
a 48 49 79 85
a 49 68 46 30
a 49 48 71 18
a 49 69 41 82
a 49 70 25 97
a 49 50 8 8
a 50 69 3 34
a 50 49 65 58
a 50 70 8 26
a 50 71 59 87
a 50 51 14 21
a 51 70 65 2
a 51 50 57 68
a 51 71 27 31
a 51 72 8 2
a 51 52 81 76
a 52 71 5 30
a 52 51 95 73
a 52 72 53 56
a 52 73 90 20
a 52 53 54 21
a 53 72 72 76
a 53 52 20 81
a 53 73 15 65
a 53 74 39 97
a 53 54 84 38
a 54 73 43 57
a 54 53 70 11
a 54 74 71 8
a 54 75 7 26
a 54 55 24 78
a 55 74 79 40
a 55 54 18 52
a 55 75 56 40
a 55 76 45 44
a 55 56 47 9
a 56 75 34 55
a 56 55 8 46
a 56 76 32 88
a 56 77 82 12
a 56 57 55 82
a 57 76 30 91
a 57 56 76 11
a 57 77 65 37
a 57 78 46 5
a 57 58 69 41
a 58 77 98 73
a 58 57 44 55
a 58 78 45 46
a 58 79 25 65
a 58 59 16 39
a 59 78 89 46
a 59 58 57 95
a 59 79 13 23
a 59 80 9 60
a 59 60 6 52
a 60 79 18 38
a 60 59 61 68
a 60 80 34 1
a 61 81 34 17
a 61 82 35 84
a 61 62 82 11
a 62 81 70 54
a 62 61 76 57
a 62 82 66 69
a 62 83 13 31
a 62 63 78 94
a 63 82 54 70
a 63 62 92 16
a 63 83 59 65
a 63 84 9 79
a 63 64 79 72
a 64 83 94 57
a 64 63 11 28
a 64 84 84 57
a 64 85 1 47
a 64 65 64 76
a 65 84 13 37
a 65 64 55 37
a 65 85 87 52
a 65 86 90 84
a 65 66 4 21
a 66 85 66 60
a 66 65 32 18
a 66 86 37 87
a 66 87 69 20
a 66 67 97 67
a 67 86 9 64
a 67 66 38 50
a 67 87 14 86
a 67 88 80 74
a 67 68 34 53
a 68 87 83 19
a 68 67 23 84
a 68 88 7 66
a 68 89 21 51
a 68 69 36 1
a 69 88 83 85
a 69 68 70 69
a 69 89 53 81
a 69 90 74 7
a 69 70 43 82
a 70 89 89 19
a 70 69 36 17
a 70 90 59 46
a 70 91 2 80
a 70 71 12 68
a 71 90 85 82
a 71 70 71 18
a 71 91 27 82
a 71 92 32 66
a 71 72 90 67
a 72 91 80 1
a 72 71 46 25
a 72 92 72 45
a 72 93 67 99
a 72 73 79 54
a 73 92 3 46
a 73 72 48 71
a 73 93 68 83
a 73 94 8 9
a 73 74 60 8
a 74 93 5 7
a 74 73 26 67
a 74 94 77 12
a 74 95 66 16
a 74 75 87 80
a 75 94 87 10
a 75 74 34 59
a 75 95 4 78
a 75 96 85 88
a 75 76 96 5
a 76 95 46 1
a 76 75 10 31
a 76 96 59 7
a 76 97 58 64
a 76 77 65 90
a 77 96 87 67
a 77 76 11 47
a 77 97 10 78
a 77 98 12 91
a 77 78 55 14
a 78 97 7 7
a 78 77 62 72
a 78 98 7 77
a 78 99 14 44
a 78 79 57 95
a 79 98 26 38
a 79 78 77 67
a 79 99 86 47
a 79 100 39 95
a 79 80 4 79
a 80 99 58 94
a 80 79 28 77
a 80 100 22 49
a 81 101 91 2
a 81 102 4 64
a 81 82 99 72
a 82 101 6 33
a 82 81 84 32
a 82 102 78 88
a 82 103 67 71
a 82 83 19 92
a 83 102 48 34
a 83 82 15 10
a 83 103 83 32
a 83 104 97 12
a 83 84 47 97
a 84 103 84 81
a 84 83 7 46
a 84 104 13 83
a 84 105 62 48
a 84 85 69 58
a 85 104 58 90
a 85 84 94 73
a 85 105 53 14
a 85 106 23 68
a 85 86 68 43
a 86 105 65 17
a 86 85 97 22
a 86 106 57 3
a 86 107 8 92
a 86 87 68 52
a 87 106 91 92
a 87 86 10 82
a 87 107 79 62
a 87 108 50 39
a 87 88 55 79
a 88 107 60 83
a 88 87 7 32
a 88 108 80 20
a 88 109 46 62
a 88 89 55 100
a 89 108 76 60
a 89 88 97 9
a 89 109 23 34
a 89 110 6 37
a 89 90 22 41
a 90 109 43 53
a 90 89 57 27
a 90 110 20 46
a 90 111 36 93
a 90 91 59 4
a 91 110 58 36
a 91 90 91 40
a 91 111 42 45
a 91 112 100 100
a 91 92 81 74
a 92 111 81 73
a 92 91 24 82
a 92 112 24 80
a 92 113 17 1
a 92 93 50 69
a 93 112 100 4
a 93 92 81 90
a 93 113 23 55
a 93 114 2 57
a 93 94 87 51
a 94 113 76 98
a 94 93 88 26
a 94 114 73 12
a 94 115 20 71
a 94 95 61 6
a 95 114 44 39
a 95 94 65 18
a 95 115 63 53
a 95 116 73 30
a 95 96 23 39
a 96 115 89 59
a 96 95 59 85
a 96 116 67 59
a 96 117 47 47
a 96 97 33 30
a 97 116 32 23
a 97 96 59 98
a 97 117 39 41
a 97 118 35 72
a 97 98 89 49
a 98 117 73 3
a 98 97 53 99
a 98 118 51 72
a 98 119 74 8
a 98 99 94 64
a 99 118 97 76
a 99 98 31 10
a 99 119 23 76
a 99 120 100 93
a 99 100 15 88
a 100 119 36 78
a 100 99 6 67
a 100 120 66 30
a 101 121 40 78
a 101 122 51 84
a 101 102 28 14
a 102 121 86 42
a 102 101 25 53
a 102 122 16 47
a 102 123 68 45
a 102 103 93 56
a 103 122 2 25
a 103 102 37 44
a 103 123 46 93
a 103 124 22 62
a 103 104 41 5
a 104 123 3 5
a 104 103 37 5
a 104 124 62 44
a 104 125 28 48
a 104 105 64 27
a 105 124 10 43
a 105 104 33 11
a 105 125 77 90
a 105 126 99 62
a 105 106 30 74
a 106 125 91 84
a 106 105 72 94
a 106 126 82 22
a 106 127 11 88
a 106 107 31 52
a 107 126 27 2
a 107 106 31 70
a 107 127 15 54
a 107 128 35 31
a 107 108 25 4
a 108 127 90 11
a 108 107 62 92
a 108 128 70 6
a 108 129 31 65
a 108 109 76 90
a 109 128 80 13
a 109 108 28 43
a 109 129 66 90
a 109 130 79 7
a 109 110 48 60
a 110 129 44 41
a 110 109 23 40
a 110 130 79 82
a 110 131 9 55
a 110 111 37 62
a 111 130 100 17
a 111 110 54 1
a 111 131 85 81
a 111 132 44 52
a 111 112 13 2
a 112 131 31 15
a 112 111 60 64
a 112 132 27 33
a 112 133 32 57
a 112 113 3 25
a 113 132 93 39
a 113 112 73 91
a 113 133 59 18
a 113 134 87 13
a 113 114 62 62
a 114 133 91 11
a 114 113 78 11
a 114 134 34 56
a 114 135 34 23
a 114 115 68 35
a 115 134 98 94
a 115 114 97 45
a 115 135 89 72
a 115 136 14 78
a 115 116 70 31
a 116 135 78 12
a 116 115 71 43
a 116 136 18 89
a 116 137 21 93
a 116 117 59 38
a 117 136 87 64
a 117 116 15 10
a 117 137 69 47
a 117 138 81 10
a 117 118 18 87
a 118 137 71 5
a 118 117 45 17
a 118 138 33 47
a 118 139 5 69
a 118 119 47 70
a 119 138 44 97
a 119 118 32 58
a 119 139 58 90
a 119 140 78 60
a 119 120 95 4
a 120 139 20 54
a 120 119 35 97
a 120 140 75 45
a 121 141 59 5
a 121 142 68 67
a 121 122 32 84
a 122 141 66 4
a 122 121 92 61
a 122 142 56 37
a 122 143 57 3
a 122 123 47 97
a 123 142 50 71
a 123 122 53 93
a 123 143 85 62
a 123 144 59 30
a 123 124 15 47
a 124 143 77 60
a 124 123 51 37
a 124 144 43 58
a 124 145 26 91
a 124 125 1 53
a 125 144 29 13
a 125 124 16 14
a 125 145 22 9
a 125 146 48 93
a 125 126 52 2
a 126 145 93 84
a 126 125 24 8
a 126 146 2 21
a 126 147 48 84
a 126 127 7 44
a 127 146 72 51
a 127 126 6 81
a 127 147 26 44
a 127 148 33 59
a 127 128 48 23
a 128 147 59 66
a 128 127 92 78
a 128 148 99 71
a 128 149 50 94
a 128 129 83 5
a 129 148 90 61
a 129 128 59 34
a 129 149 82 56
a 129 150 94 88
a 129 130 29 56
a 130 149 3 11
a 130 129 14 75
a 130 150 48 45
a 130 151 70 29
a 130 131 55 66
a 131 150 52 41
a 131 130 50 34
a 131 151 90 78
a 131 152 21 65
a 131 132 42 42
a 132 151 40 65
a 132 131 64 50
a 132 152 75 67
a 132 153 20 96
a 132 133 34 48
a 133 152 5 94
a 133 132 62 78
a 133 153 92 48
a 133 154 30 52
a 133 134 35 86
a 134 153 87 98
a 134 133 5 8
a 134 154 54 95
a 134 155 79 23
a 134 135 72 89
a 135 154 81 52
a 135 134 88 3
a 135 155 38 100
a 135 156 86 19
a 135 136 47 39
a 136 155 60 77
a 136 135 98 22
a 136 156 57 97
a 136 157 72 9
a 136 137 84 61
a 137 156 22 17
a 137 136 7 87
a 137 157 37 20
a 137 158 64 47
a 137 138 50 3
a 138 157 60 80
a 138 137 79 69
a 138 158 54 89
a 138 159 39 58
a 138 139 60 90
a 139 158 9 89
a 139 138 54 25
a 139 159 32 32
a 139 160 53 24
a 139 140 81 87
a 140 159 6 45
a 140 139 59 4
a 140 160 67 58
a 141 161 59 26
a 141 162 67 94
a 141 142 11 95
a 142 161 7 69
a 142 141 83 16
a 142 162 18 99
a 142 163 92 45
a 142 143 17 45
a 143 162 15 79
a 143 142 4 2
a 143 163 82 44
a 143 164 80 35
a 143 144 47 92
a 144 163 61 31
a 144 143 85 61
a 144 164 61 65
a 144 165 14 37
a 144 145 44 69
a 145 164 79 23
a 145 144 27 7
a 145 165 87 50
a 145 166 88 87
a 145 146 4 2
a 146 165 8 66
a 146 145 13 60
a 146 166 28 80
a 146 167 65 69
a 146 147 18 15
a 147 166 14 43
a 147 146 12 12
a 147 167 12 25
a 147 168 23 58
a 147 148 32 9
a 148 167 89 76
a 148 147 82 51
a 148 168 29 68
a 148 169 70 70
a 148 149 1 75
a 149 168 52 91
a 149 148 42 3
a 149 169 76 81
a 149 170 8 20
a 149 150 81 97
a 150 169 45 27
a 150 149 46 49
a 150 170 63 72
a 150 171 69 93
a 150 151 46 52
a 151 170 52 63
a 151 150 52 83
a 151 171 39 95
a 151 172 53 52
a 151 152 48 76
a 152 171 44 51
a 152 151 4 5
a 152 172 87 43
a 152 173 74 9
a 152 153 91 42
a 153 172 16 14
a 153 152 71 66
a 153 173 51 28
a 153 174 75 7
a 153 154 88 35
a 154 173 70 11
a 154 153 6 62
a 154 174 52 69
a 154 175 10 39
a 154 155 7 37
a 155 174 13 65
a 155 154 81 33
a 155 175 58 16
a 155 176 63 58
a 155 156 64 77
a 156 175 33 2
a 156 155 53 62
a 156 176 89 10
a 156 177 1 52
a 156 157 30 96
a 157 176 28 11
a 157 156 79 99
a 157 177 70 7
a 157 178 62 87
a 157 158 44 39
a 158 177 10 37
a 158 157 61 8
a 158 178 16 39
a 158 179 73 40
a 158 159 49 36
a 159 178 79 60
a 159 158 15 95
a 159 179 70 15
a 159 180 79 30
a 159 160 40 88
a 160 179 82 16
a 160 159 26 11
a 160 180 80 12
a 161 181 24 13
a 161 182 73 17
a 161 162 73 91
a 162 181 92 26
a 162 161 92 2
a 162 182 34 73
a 162 183 83 81
a 162 163 35 21
a 163 182 53 42
a 163 162 72 66
a 163 183 19 2
a 163 184 21 67
a 163 164 100 56
a 164 183 11 22
a 164 163 37 94
a 164 184 90 94
a 164 185 91 61
a 164 165 17 38
a 165 184 96 66
a 165 164 67 2
a 165 185 58 34
a 165 186 18 28
a 165 166 92 2
a 166 185 55 10
a 166 165 71 28
a 166 186 64 7
a 166 187 93 11
a 166 167 86 43
a 167 186 25 65
a 167 166 95 3
a 167 187 74 12
a 167 188 57 42
a 167 168 73 94
a 168 187 78 99
a 168 167 50 14
a 168 188 95 52
a 168 189 15 96
a 168 169 88 32
a 169 188 81 81
a 169 168 42 49
a 169 189 54 93
a 169 190 80 93
a 169 170 40 6
a 170 189 79 24
a 170 169 71 6
a 170 190 48 11
a 170 191 12 20
a 170 171 73 67
a 171 190 1 60
a 171 170 57 95
a 171 191 34 93
a 171 192 6 4
a 171 172 67 77
a 172 191 97 37
a 172 171 94 60
a 172 192 75 28
a 172 193 52 81
a 172 173 78 69
a 173 192 59 7
a 173 172 40 48
a 173 193 82 91
a 173 194 82 69
a 173 174 44 28
a 174 193 41 76
a 174 173 71 32
a 174 194 81 59
a 174 195 65 17
a 174 175 58 86
a 175 194 95 88
a 175 174 56 30
a 175 195 6 21
a 175 196 56 34
a 175 176 43 41
a 176 195 4 34
a 176 175 26 78
a 176 196 69 37
a 176 197 6 41
a 176 177 59 98
a 177 196 13 94
a 177 176 83 11
a 177 197 72 49
a 177 198 58 39
a 177 178 87 12
a 178 197 60 75
a 178 177 5 78
a 178 198 89 100
a 178 199 41 86
a 178 179 55 3
a 179 198 14 41
a 179 178 62 97
a 179 199 38 54
a 179 200 13 14
a 179 180 39 24
a 180 199 5 26
a 180 179 44 99
a 180 200 25 8
a 181 201 26 47
a 181 202 32 51
a 181 182 10 11
a 182 201 88 98
a 182 181 90 90
a 182 202 24 79
a 182 203 45 92
a 182 183 5 83
a 183 202 28 55
a 183 182 34 58
a 183 203 3 61
a 183 204 54 71
a 183 184 10 74
a 184 203 83 4
a 184 183 96 60
a 184 204 60 17
a 184 205 26 15
a 184 185 32 78
a 185 204 53 54
a 185 184 6 10
a 185 205 70 32
a 185 206 54 18
a 185 186 51 88
a 186 205 22 83
a 186 185 63 10
a 186 206 38 97
a 186 207 44 45
a 186 187 70 53
a 187 206 45 46
a 187 186 85 77
a 187 207 10 91
a 187 208 19 48
a 187 188 36 69
a 188 207 21 81
a 188 187 70 69
a 188 208 69 61
a 188 209 2 17
a 188 189 22 66
a 189 208 1 68
a 189 188 97 37
a 189 209 9 95
a 189 210 9 85
a 189 190 2 12
a 190 209 54 46
a 190 189 49 21
a 190 210 96 41
a 190 211 38 45
a 190 191 12 63
a 191 210 8 79
a 191 190 91 51
a 191 211 77 52
a 191 212 15 50
a 191 192 52 44
a 192 211 52 10
a 192 191 7 69
a 192 212 83 23
a 192 213 80 48
a 192 193 68 31
a 193 212 96 72
a 193 192 5 88
a 193 213 10 49
a 193 214 11 15
a 193 194 67 90
a 194 213 45 56
a 194 193 26 4
a 194 214 51 37
a 194 215 63 51
a 194 195 62 30
a 195 214 1 66
a 195 194 37 35
a 195 215 12 54
a 195 216 9 24
a 195 196 63 49
a 196 215 90 2
a 196 195 87 38
a 196 216 17 58
a 196 217 85 9
a 196 197 34 96
a 197 216 13 37
a 197 196 99 74
a 197 217 74 13
a 197 218 20 63
a 197 198 100 29
a 198 217 87 27
a 198 197 6 90
a 198 218 19 81
a 198 219 57 73
a 198 199 16 92
a 199 218 26 36
a 199 198 75 19
a 199 219 94 46
a 199 220 40 8
a 199 200 12 46
a 200 219 73 32
a 200 199 73 96
a 200 220 34 73
a 201 221 85 36
a 201 222 62 13
a 201 202 91 88
a 202 221 41 18
a 202 201 97 61
a 202 222 97 84
a 202 223 46 73
a 202 203 95 35
a 203 222 24 88
a 203 202 95 22
a 203 223 26 52
a 203 224 47 38
a 203 204 81 27
a 204 223 77 70
a 204 203 91 22
a 204 224 1 33
a 204 225 25 97
a 204 205 66 6
a 205 224 64 74
a 205 204 21 44
a 205 225 83 93
a 205 226 100 55
a 205 206 45 81
a 206 225 29 26
a 206 205 63 66
a 206 226 34 86
a 206 227 54 80
a 206 207 86 20
a 207 226 98 25
a 207 206 5 35
a 207 227 74 50
a 207 228 90 79
a 207 208 67 62
a 208 227 30 98
a 208 207 4 33
a 208 228 32 40
a 208 229 85 65
a 208 209 14 34
a 209 228 49 19
a 209 208 97 83
a 209 229 58 84
a 209 230 1 28
a 209 210 95 30
a 210 229 100 6
a 210 209 77 15
a 210 230 2 79
a 210 231 42 26
a 210 211 27 77
a 211 230 20 2
a 211 210 88 71
a 211 231 87 67
a 211 232 16 38
a 211 212 33 70
a 212 231 58 63
a 212 211 88 77
a 212 232 28 100
a 212 233 97 34
a 212 213 35 68
a 213 232 9 86
a 213 212 10 13
a 213 233 16 53
a 213 234 42 93
a 213 214 61 8
a 214 233 61 45
a 214 213 58 22
a 214 234 28 87
a 214 235 84 17
a 214 215 9 82
a 215 234 93 94
a 215 214 4 96
a 215 235 26 81
a 215 236 22 84
a 215 216 8 86
a 216 235 97 62
a 216 215 27 44
a 216 236 77 4
a 216 237 13 32
a 216 217 91 70
a 217 236 60 77
a 217 216 51 26
a 217 237 47 44
a 217 238 72 43
a 217 218 92 71
a 218 237 73 29
a 218 217 55 25
a 218 238 32 54
a 218 239 28 21
a 218 219 10 23
a 219 238 71 55
a 219 218 38 97
a 219 239 17 31
a 219 240 38 39
a 219 220 2 43
a 220 239 32 14
a 220 219 46 74
a 220 240 83 24
a 221 241 45 8
a 221 242 86 38
a 221 222 74 29
a 222 241 58 5
a 222 221 1 58
a 222 242 43 12
a 222 243 50 22
a 222 223 38 41
a 223 242 46 18
a 223 222 10 25
a 223 243 76 97
a 223 244 56 18
a 223 224 81 75
a 224 243 54 48
a 224 223 40 77
a 224 244 3 3
a 224 245 6 89
a 224 225 5 89
a 225 244 63 95
a 225 224 25 60
a 225 245 30 73
a 225 246 72 67
a 225 226 47 80
a 226 245 48 70
a 226 225 29 81
a 226 246 57 36
a 226 247 44 4
a 226 227 30 57
a 227 246 76 79
a 227 226 19 73
a 227 247 9 15
a 227 248 20 20
a 227 228 12 15
a 228 247 81 8
a 228 227 42 93
a 228 248 62 96
a 228 249 69 55
a 228 229 59 55
a 229 248 71 71
a 229 228 69 59
a 229 249 40 72
a 229 250 87 68
a 229 230 8 25
a 230 249 11 92
a 230 229 25 19
a 230 250 21 20
a 230 251 79 80
a 230 231 26 89
a 231 250 53 6
a 231 230 59 78
a 231 251 40 47
a 231 252 57 75
a 231 232 96 7
a 232 251 21 47
a 232 231 79 43
a 232 252 60 50
a 232 253 35 90
a 232 233 97 29
a 233 252 36 4
a 233 232 56 84
a 233 253 11 20
a 233 254 40 19
a 233 234 34 15
a 234 253 36 52
a 234 233 39 36
a 234 254 74 44
a 234 255 89 77
a 234 235 73 49
a 235 254 30 26
a 235 234 77 88
a 235 255 11 36
a 235 256 67 45
a 235 236 38 31
a 236 255 46 97
a 236 235 85 66
a 236 256 57 28
a 236 257 14 14
a 236 237 34 91
a 237 256 19 50
a 237 236 96 68
a 237 257 60 74
a 237 258 2 2
a 237 238 51 26
a 238 257 11 88
a 238 237 51 95
a 238 258 71 58
a 238 259 54 65
a 238 239 28 31
a 239 258 13 75
a 239 238 15 66
a 239 259 87 37
a 239 260 61 23
a 239 240 53 43
a 240 259 73 15
a 240 239 89 64
a 240 260 12 13
a 241 261 70 22
a 241 262 72 39
a 241 242 73 44
a 242 261 31 77
a 242 241 34 78
a 242 262 20 40
a 242 263 33 56
a 242 243 88 56
a 243 262 4 48
a 243 242 38 88
a 243 263 25 25
a 243 264 50 15
a 243 244 66 1
a 244 263 64 81
a 244 243 37 60
a 244 264 97 59
a 244 265 83 7
a 244 245 51 52
a 245 264 41 53
a 245 244 85 25
a 245 265 9 32
a 245 266 26 67
a 245 246 95 11
a 246 265 79 16
a 246 245 99 23
a 246 266 33 9
a 246 267 84 60
a 246 247 66 28
a 247 266 12 24
a 247 246 11 90
a 247 267 35 91
a 247 268 87 94
a 247 248 34 18
a 248 267 95 41
a 248 247 11 78
a 248 268 21 94
a 248 269 79 20
a 248 249 91 47
a 249 268 13 8
a 249 248 81 20
a 249 269 31 34
a 249 270 8 90
a 249 250 23 77
a 250 269 14 12
a 250 249 7 27
a 250 270 31 61
a 250 271 14 18
a 250 251 21 83
a 251 270 95 18
a 251 250 48 81
a 251 271 16 39
a 251 272 14 70
a 251 252 24 50
a 252 271 35 83
a 252 251 22 25
a 252 272 29 46
a 252 273 94 12
a 252 253 9 82
a 253 272 91 72
a 253 252 33 56
a 253 273 7 2
a 253 274 87 84
a 253 254 30 67
a 254 273 56 21
a 254 253 81 39
a 254 274 11 89
a 254 275 20 76
a 254 255 89 76
a 255 274 20 55
a 255 254 52 92
a 255 275 3 23
a 255 276 88 8
a 255 256 97 66
a 256 275 42 87
a 256 255 19 8
a 256 276 61 5
a 256 277 8 41
a 256 257 91 28
a 257 276 76 3
a 257 256 72 75
a 257 277 34 42
a 257 278 3 52
a 257 258 10 89
a 258 277 42 89
a 258 257 75 51
a 258 278 64 26
a 258 279 79 90
a 258 259 54 61
a 259 278 89 15
a 259 258 90 18
a 259 279 32 79
a 259 280 24 74
a 259 260 34 86
a 260 279 68 32
a 260 259 68 26
a 260 280 33 59
a 261 281 1 79
a 261 282 24 4
a 261 262 87 42
a 262 281 100 31
a 262 261 81 40
a 262 282 14 24
a 262 283 47 18
a 262 263 15 29
a 263 282 56 100
a 263 262 57 91
a 263 283 58 31
a 263 284 87 51
a 263 264 16 38
a 264 283 37 70
a 264 263 17 60
a 264 284 83 16
a 264 285 58 8
a 264 265 94 66
a 265 284 94 91
a 265 264 17 96
a 265 285 6 41
a 265 286 71 67
a 265 266 70 95
a 266 285 50 16
a 266 265 7 91
a 266 286 56 25
a 266 287 92 45
a 266 267 22 68
a 267 286 89 7
a 267 266 62 91
a 267 287 100 37
a 267 288 29 71
a 267 268 65 19
a 268 287 82 41
a 268 267 43 40
a 268 288 75 86
a 268 289 86 11
a 268 269 2 87
a 269 288 45 37
a 269 268 57 82
a 269 289 23 47
a 269 290 18 77
a 269 270 78 17
a 270 289 25 73
a 270 269 86 76
a 270 290 7 26
a 270 291 52 57
a 270 271 97 34
a 271 290 14 96
a 271 270 27 99
a 271 291 72 100
a 271 292 63 55
a 271 272 49 88
a 272 291 7 47
a 272 271 56 91
a 272 292 70 20
a 272 293 94 45
a 272 273 95 14
a 273 292 29 3
a 273 272 59 26
a 273 293 4 82
a 273 294 33 36
a 273 274 6 95
a 274 293 32 43
a 274 273 69 58
a 274 294 6 53
a 274 295 10 81
a 274 275 5 18
a 275 294 47 4
a 275 274 70 40
a 275 295 86 63
a 275 296 89 77
a 275 276 30 76
a 276 295 100 46
a 276 275 48 27
a 276 296 9 76
a 276 297 15 36
a 276 277 67 65
a 277 296 57 5
a 277 276 9 48
a 277 297 30 33
a 277 298 61 47
a 277 278 68 97
a 278 297 80 71
a 278 277 80 81
a 278 298 43 82
a 278 299 63 56
a 278 279 72 32
a 279 298 37 5
a 279 278 19 83
a 279 299 93 73
a 279 300 87 86
a 279 280 51 95
a 280 299 85 28
a 280 279 82 33
a 280 300 15 27
a 281 301 13 98
a 281 302 54 32
a 281 282 43 50
a 282 301 38 90
a 282 281 72 18
a 282 302 95 28
a 282 303 76 77
a 282 283 70 47
a 283 302 45 2
a 283 282 78 97
a 283 303 81 69
a 283 304 65 68
a 283 284 64 29
a 284 303 27 22
a 284 283 16 5
a 284 304 81 51
a 284 305 94 68
a 284 285 96 85
a 285 304 90 62
a 285 284 89 8
a 285 305 19 12
a 285 306 65 51
a 285 286 61 67
a 286 305 30 73
a 286 285 84 94
a 286 306 21 21
a 286 307 70 43
a 286 287 58 82
a 287 306 46 93
a 287 286 50 19
a 287 307 44 75
a 287 308 84 36
a 287 288 9 92
a 288 307 84 33
a 288 287 7 6
a 288 308 58 39
a 288 309 17 61
a 288 289 10 26
a 289 308 65 3
a 289 288 1 15
a 289 309 4 14
a 289 310 34 51
a 289 290 84 62
a 290 309 84 92
a 290 289 57 29
a 290 310 69 10
a 290 311 17 80
a 290 291 96 31
a 291 310 30 1
a 291 290 29 41
a 291 311 98 86
a 291 312 25 65
a 291 292 63 61
a 292 311 21 86
a 292 291 37 83
a 292 312 98 95
a 292 313 75 93
a 292 293 63 23
a 293 312 30 64
a 293 292 25 70
a 293 313 90 89
a 293 314 97 4
a 293 294 44 68
a 294 313 73 6
a 294 293 93 59
a 294 314 47 45
a 294 315 92 46
a 294 295 85 89
a 295 314 43 75
a 295 294 70 75
a 295 315 84 36
a 295 316 63 23
a 295 296 47 48
a 296 315 47 52
a 296 295 61 7
a 296 316 46 81
a 296 317 79 41
a 296 297 28 25
a 297 316 37 87
a 297 296 50 19
a 297 317 6 79
a 297 318 62 41
a 297 298 36 86
a 298 317 39 67
a 298 297 2 3
a 298 318 37 81
a 298 319 7 6
a 298 299 2 65
a 299 318 3 46
a 299 298 55 58
a 299 319 36 12
a 299 320 50 3
a 299 300 37 30
a 300 319 48 4
a 300 299 87 29
a 300 320 64 77
a 301 321 1 68
a 301 322 59 44
a 301 302 11 22
a 302 321 51 67
a 302 301 69 70
a 302 322 66 63
a 302 323 57 61
a 302 303 4 11
a 303 322 27 79
a 303 302 34 27
a 303 323 88 80
a 303 324 71 70
a 303 304 65 24
a 304 323 92 26
a 304 303 14 98
a 304 324 91 96
a 304 325 71 7
a 304 305 24 86
a 305 324 41 41
a 305 304 81 70
a 305 325 98 19
a 305 326 98 58
a 305 306 67 80
a 306 325 85 64
a 306 305 58 24
a 306 326 72 73
a 306 327 64 53
a 306 307 87 21
a 307 326 9 77
a 307 306 5 79
a 307 327 75 90
a 307 328 99 28
a 307 308 6 11
a 308 327 88 33
a 308 307 1 85
a 308 328 9 90
a 308 329 6 70
a 308 309 72 29
a 309 328 8 13
a 309 308 85 45
a 309 329 22 80
a 309 330 69 97
a 309 310 37 36
a 310 329 7 60
a 310 309 47 79
a 310 330 69 34
a 310 331 42 24
a 310 311 76 9
a 311 330 51 8
a 311 310 68 87
a 311 331 28 16
a 311 332 14 65
a 311 312 2 28
a 312 331 81 45
a 312 311 17 31
a 312 332 63 96
a 312 333 22 24
a 312 313 5 26
a 313 332 54 77
a 313 312 55 16
a 313 333 1 2
a 313 334 98 100
a 313 314 62 14
a 314 333 77 20
a 314 313 23 63
a 314 334 98 77
a 314 335 89 76
a 314 315 37 10
a 315 334 52 68
a 315 314 23 66
a 315 335 49 17
a 315 336 57 99
a 315 316 78 31
a 316 335 45 13
a 316 315 20 12
a 316 336 22 67
a 316 337 40 45
a 316 317 48 17
a 317 336 80 66
a 317 316 87 7
a 317 337 52 11
a 317 338 65 66
a 317 318 32 43
a 318 337 74 13
a 318 317 66 67
a 318 338 12 80
a 318 339 1 85
a 318 319 97 64
a 319 338 82 57
a 319 318 12 14
a 319 339 46 48
a 319 340 42 35
a 319 320 61 36
a 320 339 89 88
a 320 319 59 30
a 320 340 98 24
a 321 341 23 45
a 321 342 45 7
a 321 322 11 38
a 322 341 81 74
a 322 321 42 52
a 322 342 88 10
a 322 343 65 69
a 322 323 76 17
a 323 342 82 99
a 323 322 23 8
a 323 343 45 71
a 323 344 5 10
a 323 324 7 68
a 324 343 55 26
a 324 323 23 76
a 324 344 18 82
a 324 345 93 48
a 324 325 19 8
a 325 344 39 13
a 325 324 21 85
a 325 345 98 8
a 325 346 77 96
a 325 326 48 90
a 326 345 77 45
a 326 325 46 8
a 326 346 29 36
a 326 347 93 4
a 326 327 64 70
a 327 346 69 92
a 327 326 37 47
a 327 347 62 65
a 327 348 34 81
a 327 328 60 96
a 328 347 57 92
a 328 327 15 44
a 328 348 20 35
a 328 349 13 37
a 328 329 77 12
a 329 348 70 52
a 329 328 53 80
a 329 349 85 85
a 329 350 10 94
a 329 330 33 22
a 330 349 78 30
a 330 329 13 57
a 330 350 76 54
a 330 351 81 21
a 330 331 59 77
a 331 350 18 54
a 331 330 90 44
a 331 351 16 23
a 331 352 60 63
a 331 332 82 54
a 332 351 3 64
a 332 331 36 7
a 332 352 25 98
a 332 353 41 17
a 332 333 50 97
a 333 352 93 30
a 333 332 41 6
a 333 353 49 46
a 333 354 79 84
a 333 334 43 56
a 334 353 37 99
a 334 333 53 69
a 334 354 15 16
a 334 355 1 30
a 334 335 94 100
a 335 354 75 8
a 335 334 87 45
a 335 355 78 3
a 335 356 58 24
a 335 336 58 20
a 336 355 89 82
a 336 335 55 89
a 336 356 95 55
a 336 357 79 99
a 336 337 46 88
a 337 356 30 78
a 337 336 64 53
a 337 357 15 90
a 337 358 34 31
a 337 338 91 9
a 338 357 25 92
a 338 337 62 38
a 338 358 42 54
a 338 359 67 56
a 338 339 43 21
a 339 358 54 51
a 339 338 24 45
a 339 359 72 49
a 339 360 33 55
a 339 340 74 21
a 340 359 73 28
a 340 339 54 3
a 340 360 96 53
a 341 361 50 68
a 341 362 94 62
a 341 342 1 39
a 342 361 39 62
a 342 341 69 29
a 342 362 95 20
a 342 363 19 94
a 342 343 75 44
a 343 362 22 38
a 343 342 26 25
a 343 363 10 7
a 343 364 55 48
a 343 344 45 80
a 344 363 100 58
a 344 343 56 23
a 344 364 56 70
a 344 365 4 75
a 344 345 59 1
a 345 364 61 54
a 345 344 70 79
a 345 365 47 39
a 345 366 26 43
a 345 346 96 80
a 346 365 93 59
a 346 345 46 15
a 346 366 56 91
a 346 367 77 99
a 346 347 80 97
a 347 366 90 6
a 347 346 56 62
a 347 367 27 57
a 347 368 69 40
a 347 348 32 72
a 348 367 13 31
a 348 347 35 40
a 348 368 91 69
a 348 369 8 71
a 348 349 59 50
a 349 368 47 68
a 349 348 86 85
a 349 369 46 48
a 349 370 64 55
a 349 350 52 13
a 350 369 30 94
a 350 349 64 13
a 350 370 80 49
a 350 371 88 95
a 350 351 67 35
a 351 370 73 30
a 351 350 73 17
a 351 371 76 99
a 351 372 82 66
a 351 352 4 58
a 352 371 87 58
a 352 351 31 20
a 352 372 30 67
a 352 373 14 1
a 352 353 68 88
a 353 372 96 9
a 353 352 23 91
a 353 373 7 17
a 353 374 5 23
a 353 354 19 63
a 354 373 62 63
a 354 353 93 10
a 354 374 22 95
a 354 375 24 93
a 354 355 6 32
a 355 374 42 83
a 355 354 93 47
a 355 375 33 62
a 355 376 12 71
a 355 356 50 33
a 356 375 64 35
a 356 355 88 82
a 356 376 24 20
a 356 377 79 9
a 356 357 9 36
a 357 376 75 10
a 357 356 81 9
a 357 377 47 87
a 357 378 77 60
a 357 358 94 39
a 358 377 96 37
a 358 357 48 15
a 358 378 74 52
a 358 379 96 52
a 358 359 42 75
a 359 378 55 16
a 359 358 82 60
a 359 379 81 58
a 359 380 21 34
a 359 360 48 73
a 360 379 26 55
a 360 359 32 1
a 360 380 34 15
a 361 381 83 94
a 361 382 68 29
a 361 362 22 93
a 362 381 21 20
a 362 361 89 1
a 362 382 8 62
a 362 383 85 3
a 362 363 18 17
a 363 382 19 51
a 363 362 72 90
a 363 383 18 20
a 363 384 97 11
a 363 364 45 9
a 364 383 32 12
a 364 363 27 10
a 364 384 87 63
a 364 385 40 2
a 364 365 41 90
a 365 384 29 39
a 365 364 78 30
a 365 385 17 81
a 365 386 97 81
a 365 366 7 87
a 366 385 17 75
a 366 365 75 69
a 366 386 13 10
a 366 387 84 63
a 366 367 85 53
a 367 386 64 95
a 367 366 85 81
a 367 387 28 10
a 367 388 9 28
a 367 368 96 71
a 368 387 91 14
a 368 367 47 13
a 368 388 6 53
a 368 389 80 96
a 368 369 40 4
a 369 388 28 12
a 369 368 71 36
a 369 389 36 42
a 369 390 29 84
a 369 370 30 88
a 370 389 65 3
a 370 369 88 40
a 370 390 55 8
a 370 391 30 89
a 370 371 43 82
a 371 390 22 94
a 371 370 7 26
a 371 391 27 19
a 371 392 28 66
a 371 372 66 21
a 372 391 30 52
a 372 371 92 34
a 372 392 11 76
a 372 393 92 11
a 372 373 17 87
a 373 392 49 72
a 373 372 37 25
a 373 393 53 58
a 373 394 29 46
a 373 374 78 63
a 374 393 95 89
a 374 373 58 94
a 374 394 92 25
a 374 395 98 13
a 374 375 11 54
a 375 394 3 1
a 375 374 77 16
a 375 395 88 81
a 375 396 70 84
a 375 376 20 24
a 376 395 28 64
a 376 375 49 73
a 376 396 1 80
a 376 397 39 72
a 376 377 23 90
a 377 396 11 71
a 377 376 23 90
a 377 397 68 35
a 377 398 6 69
a 377 378 55 90
a 378 397 72 92
a 378 377 87 47
a 378 398 23 74
a 378 399 55 73
a 378 379 33 94
a 379 398 73 55
a 379 378 62 2
a 379 399 89 20
a 379 400 4 66
a 379 380 3 15
a 380 399 34 1
a 380 379 6 63
a 380 400 28 63
