p sp 27 86
n 0 s
n 26 t
a 0 1 37 65
a 0 2 86 45
a 0 3 81 55
a 0 4 69 50
a 0 5 51 35
a 21 26 1 13
a 22 26 9 12
a 23 26 96 63
a 24 26 62 39
a 25 26 8 80
a 1 6 43 25
a 1 7 84 52
a 2 6 19 5
a 2 7 40 1
a 2 8 77 12
a 3 7 24 74
a 3 8 80 92
a 3 9 36 93
a 4 8 19 7
a 4 9 47 35
a 4 10 26 81
a 5 9 74 48
a 5 10 34 96
a 6 11 13 90
a 6 12 77 53
a 6 7 13 46
a 7 11 95 71
a 7 6 45 53
a 7 12 9 66
a 7 13 27 58
a 7 8 75 26
a 8 12 97 30
a 8 7 73 6
a 8 13 21 6
a 8 14 30 48
a 8 9 55 53
a 9 13 38 21
a 9 8 15 97
a 9 14 81 22
a 9 15 32 99
a 9 10 77 95
a 10 14 88 87
a 10 9 98 57
a 10 15 9 2
a 11 16 26 99
a 11 17 7 19
a 11 12 88 38
a 12 16 27 82
a 12 11 41 60
a 12 17 46 56
a 12 18 49 67
a 12 13 92 73
a 13 17 96 88
a 13 12 16 31
a 13 18 35 64
a 13 19 93 42
a 13 14 58 55
a 14 18 79 86
a 14 13 8 3
a 14 19 24 6
a 14 20 32 40
a 14 15 58 48
a 15 19 78 82
a 15 14 49 70
a 15 20 68 57
a 16 21 77 6
a 16 22 2 77
a 16 17 2 45
a 17 21 91 49
a 17 16 62 91
a 17 22 82 65
a 17 23 93 88
a 17 18 36 20
a 18 22 11 45
a 18 17 53 13
a 18 23 62 93
a 18 24 43 30
a 18 19 90 65
a 19 23 88 76
a 19 18 96 22
a 19 24 85 78
a 19 25 55 38
a 19 20 21 92
a 20 24 10 60
a 20 19 37 93
a 20 25 86 10
