p sp 402 1826
n 0 s
n 401 t
a 0 1 90 97
a 0 2 49 36
a 0 3 60 58
a 0 4 74 77
a 0 5 14 94
a 0 6 47 87
a 0 7 27 59
a 0 8 96 99
a 0 9 12 69
a 0 10 40 45
a 0 11 92 47
a 0 12 7 13
a 0 13 2 95
a 0 14 63 89
a 0 15 94 38
a 0 16 27 31
a 0 17 67 53
a 0 18 51 7
a 0 19 4 16
a 0 20 16 32
a 381 401 53 43
a 382 401 11 31
a 383 401 5 52
a 384 401 85 48
a 385 401 6 34
a 386 401 99 29
a 387 401 49 20
a 388 401 19 27
a 389 401 61 73
a 390 401 43 79
a 391 401 47 4
a 392 401 77 71
a 393 401 100 84
a 394 401 60 33
a 395 401 71 10
a 396 401 39 9
a 397 401 1 56
a 398 401 40 80
a 399 401 47 90
a 400 401 77 3
a 1 21 43 84
a 1 22 79 19
a 2 21 80 66
a 2 22 99 67
a 2 23 72 17
a 3 22 22 49
a 3 23 79 31
a 3 24 47 98
a 4 23 54 86
a 4 24 73 72
a 4 25 26 74
a 5 24 36 61
a 5 25 48 76
a 5 26 86 50
a 6 25 78 12
a 6 26 67 79
a 6 27 24 75
a 7 26 40 43
a 7 27 48 78
a 7 28 90 61
a 8 27 99 98
a 8 28 59 13
a 8 29 14 41
a 9 28 27 84
a 9 29 70 67
a 9 30 72 62
a 10 29 60 38
a 10 30 22 66
a 10 31 20 20
a 11 30 43 53
a 11 31 9 70
a 11 32 88 17
a 12 31 3 3
a 12 32 99 90
a 12 33 37 55
a 13 32 9 42
a 13 33 50 74
a 13 34 5 88
a 14 33 31 5
a 14 34 6 15
a 14 35 42 91
a 15 34 43 53
a 15 35 82 25
a 15 36 15 48
a 16 35 27 64
a 16 36 64 10
a 16 37 1 25
a 17 36 48 37
a 17 37 17 75
a 17 38 50 34
a 18 37 52 17
a 18 38 83 49
a 18 39 13 83
a 19 38 95 87
a 19 39 74 51
a 19 40 7 64
a 20 39 79 17
a 20 40 81 32
a 21 41 83 60
a 21 42 100 70
a 21 22 99 16
a 22 41 90 63
a 22 21 65 36
a 22 42 66 74
a 22 43 34 52
a 22 23 59 60
a 23 42 20 73
a 23 22 53 67
a 23 43 84 82
a 23 44 66 44
a 23 24 36 28
a 24 43 40 2
a 24 23 24 50
a 24 44 53 3
a 24 45 99 41
a 24 25 44 25
a 25 44 45 71
a 25 24 76 9
a 25 45 57 35
a 25 46 11 16
a 25 26 98 42
a 26 45 77 68
a 26 25 62 86
a 26 46 47 12
a 26 47 34 51
a 26 27 59 64
a 27 46 84 6
a 27 26 66 66
a 27 47 71 46
a 27 48 37 17
a 27 28 55 66
a 28 47 1 68
a 28 27 9 10
a 28 48 86 21
a 28 49 30 46
a 28 29 91 20
a 29 48 20 89
a 29 28 4 82
a 29 49 37 84
a 29 50 12 51
a 29 30 77 26
a 30 49 67 84
a 30 29 82 67
a 30 50 88 59
a 30 51 35 29
a 30 31 65 16
a 31 50 18 23
a 31 30 4 28
a 31 51 39 81
a 31 52 96 97
a 31 32 23 46
a 32 51 97 6
a 32 31 46 61
a 32 52 85 15
a 32 53 73 67
a 32 33 5 20
a 33 52 79 2
a 33 32 80 6
a 33 53 23 3
a 33 54 71 31
a 33 34 12 58
a 34 53 19 95
a 34 33 25 22
a 34 54 60 8
a 34 55 55 80
a 34 35 98 3
a 35 54 13 14
a 35 34 22 89
a 35 55 14 9
a 35 56 62 17
a 35 36 87 60
a 36 55 70 89
a 36 35 74 12
a 36 56 32 4
a 36 57 74 4
a 36 37 19 2
a 37 56 17 50
a 37 36 49 14
a 37 57 11 33
a 37 58 38 89
a 37 38 89 95
a 38 57 81 81
a 38 37 47 22
a 38 58 70 26
a 38 59 66 62
a 38 39 89 81
a 39 58 54 66
a 39 38 47 55
a 39 59 44 92
a 39 60 78 52
a 39 40 40 24
a 40 59 8 65
a 40 39 39 25
a 40 60 1 69
a 41 61 76 15
a 41 62 38 51
a 41 42 17 69
a 42 61 87 21
a 42 41 85 19
a 42 62 72 44
a 42 63 12 16
a 42 43 17 100
a 43 62 91 69
a 43 42 59 44
a 43 63 86 58
a 43 64 46 20
a 43 44 56 23
a 44 63 93 43
a 44 43 27 23
a 44 64 49 88
a 44 65 1 25
a 44 45 59 33
a 45 64 3 27
a 45 44 22 69
a 45 65 84 52
a 45 66 81 64
a 45 46 37 59
a 46 65 93 52
a 46 45 89 30
a 46 66 94 48
a 46 67 32 57
a 46 47 5 90
a 47 66 99 91
a 47 46 23 41
a 47 67 99 72
a 47 68 32 70
a 47 48 37 21
a 48 67 30 19
a 48 47 54 49
a 48 68 29 19
a 48 69 39 25
a 48 49 4 13
a 49 68 38 62
a 49 48 27 51
a 49 69 100 72
a 49 70 38 94
a 49 50 50 63
a 50 69 41 44
a 50 49 87 46
a 50 70 57 7
a 50 71 84 23
a 50 51 86 89
a 51 70 13 45
a 51 50 95 54
a 51 71 88 83
a 51 72 4 49
a 51 52 99 66
a 52 71 39 4
a 52 51 45 34
a 52 72 59 55
a 52 73 85 75
a 52 53 69 75
a 53 72 64 18
a 53 52 92 24
a 53 73 55 55
a 53 74 8 64
a 53 54 78 21
a 54 73 40 72
a 54 53 56 89
a 54 74 29 34
a 54 75 35 36
a 54 55 55 17
a 55 74 19 56
a 55 54 96 28
a 55 75 3 3
a 55 76 63 38
a 55 56 99 71
a 56 75 11 66
a 56 55 78 30
a 56 76 61 8
a 56 77 88 2
a 56 57 88 36
a 57 76 41 6
a 57 56 96 15
a 57 77 74 87
a 57 78 65 42
a 57 58 24 73
a 58 77 75 14
a 58 57 67 78
a 58 78 51 62
a 58 79 8 53
a 58 59 5 26
a 59 78 99 21
a 59 58 38 68
a 59 79 96 21
a 59 80 76 11
a 59 60 17 20
a 60 79 20 24
a 60 59 53 50
a 60 80 88 67
a 61 81 76 73
a 61 82 51 42
a 61 62 60 30
a 62 81 66 27
a 62 61 68 88
a 62 82 57 25
a 62 83 67 4
a 62 63 11 57
a 63 82 92 40
a 63 62 32 21
a 63 83 42 61
a 63 84 17 52
a 63 64 11 44
a 64 83 61 28
a 64 63 14 68
a 64 84 14 82
a 64 85 25 22
a 64 65 10 80
a 65 84 61 27
a 65 64 86 14
a 65 85 61 83
a 65 86 90 6
a 65 66 22 75
a 66 85 7 45
a 66 65 55 40
a 66 86 97 32
a 66 87 99 32
a 66 67 12 1
a 67 86 100 62
a 67 66 31 59
a 67 87 3 65
a 67 88 48 85
a 67 68 46 91
a 68 87 71 25
a 68 67 60 68
a 68 88 42 74
a 68 89 83 62
a 68 69 66 52
a 69 88 24 11
a 69 68 80 12
a 69 89 78 46
a 69 90 43 17
a 69 70 41 4
a 70 89 97 33
a 70 69 47 83
a 70 90 65 22
a 70 91 30 21
a 70 71 81 60
a 71 90 58 70
a 71 70 34 91
a 71 91 52 76
a 71 92 42 95
a 71 72 29 69
a 72 91 88 64
a 72 71 32 36
a 72 92 86 29
a 72 93 4 25
a 72 73 48 77
a 73 92 50 93
a 73 72 69 12
a 73 93 73 29
a 73 94 72 76
a 73 74 89 36
a 74 93 86 15
a 74 73 22 93
a 74 94 82 46
a 74 95 7 20
a 74 75 22 89
a 75 94 75 92
a 75 74 9 54
a 75 95 32 2
a 75 96 38 80
a 75 76 22 97
a 76 95 4 7
a 76 75 31 57
a 76 96 83 38
a 76 97 17 74
a 76 77 100 6
a 77 96 74 90
a 77 76 9 38
a 77 97 52 67
a 77 98 20 69
a 77 78 92 28
a 78 97 58 95
a 78 77 94 88
a 78 98 76 13
a 78 99 42 45
a 78 79 6 92
a 79 98 18 62
a 79 78 1 21
a 79 99 36 90
a 79 100 87 30
a 79 80 72 30
a 80 99 20 35
a 80 79 83 42
a 80 100 52 2
a 81 101 43 37
a 81 102 92 89
a 81 82 35 32
a 82 101 55 47
a 82 81 13 4
a 82 102 98 1
a 82 103 71 68
a 82 83 84 59
a 83 102 36 57
a 83 82 69 88
a 83 103 1 65
a 83 104 81 58
a 83 84 65 47
a 84 103 21 84
a 84 83 21 9
a 84 104 9 85
a 84 105 76 98
a 84 85 93 98
a 85 104 19 55
a 85 84 87 92
a 85 105 77 96
a 85 106 27 75
a 85 86 99 36
a 86 105 59 60
a 86 85 71 17
a 86 106 32 46
a 86 107 70 38
a 86 87 81 65
a 87 106 24 15
a 87 86 15 48
a 87 107 24 79
a 87 108 2 20
a 87 88 66 26
a 88 107 76 90
a 88 87 14 43
a 88 108 44 2
a 88 109 5 21
a 88 89 87 51
a 89 108 10 41
a 89 88 63 63
a 89 109 47 42
a 89 110 19 19
a 89 90 71 93
a 90 109 23 39
a 90 89 18 1
a 90 110 1 96
a 90 111 56 92
a 90 91 34 80
a 91 110 58 1
a 91 90 53 96
a 91 111 26 70
a 91 112 1 81
a 91 92 50 98
a 92 111 1 16
a 92 91 52 90
a 92 112 80 16
a 92 113 13 40
a 92 93 62 66
a 93 112 24 81
a 93 92 24 84
a 93 113 46 78
a 93 114 52 88
a 93 94 81 80
a 94 113 13 19
a 94 93 58 68
a 94 114 83 82
a 94 115 100 44
a 94 95 22 89
a 95 114 54 23
a 95 94 9 51
a 95 115 89 9
a 95 116 70 86
a 95 96 88 36
a 96 115 81 40
a 96 95 61 80
a 96 116 22 76
a 96 117 5 61
a 96 97 100 75
a 97 116 71 54
a 97 96 76 62
a 97 117 13 74
a 97 118 19 80
a 97 98 88 95
a 98 117 47 54
a 98 97 44 64
a 98 118 9 71
a 98 119 97 16
a 98 99 5 27
a 99 118 64 73
a 99 98 35 12
a 99 119 21 36
a 99 120 87 23
a 99 100 90 82
a 100 119 96 69
a 100 99 21 55
a 100 120 13 10
a 101 121 68 91
a 101 122 20 63
a 101 102 2 41
a 102 121 25 24
a 102 101 85 14
a 102 122 67 73
a 102 123 43 60
a 102 103 78 90
a 103 122 46 100
a 103 102 29 23
a 103 123 10 9
a 103 124 94 25
a 103 104 41 49
a 104 123 65 35
a 104 103 21 7
a 104 124 42 73
a 104 125 34 39
a 104 105 43 75
a 105 124 54 68
a 105 104 54 39
a 105 125 32 52
a 105 126 52 80
a 105 106 57 37
a 106 125 16 27
a 106 105 26 79
a 106 126 18 84
a 106 127 34 77
a 106 107 87 15
a 107 126 63 70
a 107 106 94 61
a 107 127 58 34
a 107 128 90 85
a 107 108 36 67
a 108 127 84 67
a 108 107 32 66
a 108 128 40 100
a 108 129 66 46
a 108 109 99 41
a 109 128 77 22
a 109 108 22 78
a 109 129 30 8
a 109 130 76 68
a 109 110 55 74
a 110 129 87 51
a 110 109 79 70
a 110 130 65 98
a 110 131 47 15
a 110 111 73 32
a 111 130 97 94
a 111 110 19 95
a 111 131 96 27
a 111 132 54 9
a 111 112 49 88
a 112 131 97 75
a 112 111 13 8
a 112 132 19 55
a 112 133 49 78
a 112 113 16 98
a 113 132 59 57
a 113 112 52 14
a 113 133 94 20
a 113 134 59 70
a 113 114 89 23
a 114 133 39 84
a 114 113 85 61
a 114 134 67 4
a 114 135 62 69
a 114 115 56 99
a 115 134 56 23
a 115 114 46 43
a 115 135 63 88
a 115 136 12 6
a 115 116 88 42
a 116 135 9 19
a 116 115 95 78
a 116 136 80 92
a 116 137 7 9
a 116 117 15 18
a 117 136 49 46
a 117 116 92 68
a 117 137 25 42
a 117 138 25 42
a 117 118 21 2
a 118 137 22 50
a 118 117 68 74
a 118 138 89 36
a 118 139 100 23
a 118 119 22 24
a 119 138 61 55
a 119 118 85 18
a 119 139 91 61
a 119 140 54 5
a 119 120 38 83
a 120 139 59 62
a 120 119 17 32
a 120 140 44 91
a 121 141 20 23
a 121 142 16 4
a 121 122 43 23
a 122 141 84 74
a 122 121 8 49
a 122 142 83 95
a 122 143 28 28
a 122 123 78 43
a 123 142 8 45
a 123 122 45 40
a 123 143 35 25
a 123 144 41 86
a 123 124 76 28
a 124 143 88 77
a 124 123 34 68
a 124 144 100 47
a 124 145 14 15
a 124 125 61 55
a 125 144 50 68
a 125 124 27 100
a 125 145 29 45
a 125 146 16 76
a 125 126 75 58
a 126 145 26 28
a 126 125 23 4
a 126 146 80 37
a 126 147 71 8
a 126 127 36 49
a 127 146 68 60
a 127 126 26 68
a 127 147 68 52
a 127 148 7 22
a 127 128 84 67
a 128 147 64 82
a 128 127 88 25
a 128 148 90 78
a 128 149 38 41
a 128 129 75 2
a 129 148 93 36
a 129 128 56 99
a 129 149 100 44
a 129 150 47 60
a 129 130 71 92
a 130 149 48 67
a 130 129 35 57
a 130 150 68 34
a 130 151 75 26
a 130 131 49 50
a 131 150 86 89
a 131 130 13 82
a 131 151 11 61
a 131 152 84 29
a 131 132 39 89
a 132 151 25 97
a 132 131 74 47
a 132 152 87 92
a 132 153 19 78
a 132 133 94 65
a 133 152 30 74
a 133 132 78 69
a 133 153 92 69
a 133 154 22 92
a 133 134 38 59
a 134 153 46 38
a 134 133 83 39
a 134 154 11 66
a 134 155 24 69
a 134 135 23 18
a 135 154 53 74
a 135 134 74 10
a 135 155 74 26
a 135 156 75 16
a 135 136 35 81
a 136 155 53 69
a 136 135 70 49
a 136 156 67 61
a 136 157 24 3
a 136 137 30 93
a 137 156 75 50
a 137 136 14 70
a 137 157 27 69
a 137 158 63 59
a 137 138 79 61
a 138 157 91 7
a 138 137 95 42
a 138 158 33 65
a 138 159 9 7
a 138 139 80 49
a 139 158 88 58
a 139 138 19 100
a 139 159 21 23
a 139 160 1 21
a 139 140 29 40
a 140 159 74 34
a 140 139 33 69
a 140 160 9 78
a 141 161 18 17
a 141 162 36 72
a 141 142 32 93
a 142 161 42 62
a 142 141 50 3
a 142 162 47 57
a 142 163 98 92
a 142 143 3 16
a 143 162 91 56
a 143 142 65 37
a 143 163 21 50
a 143 164 6 11
a 143 144 78 70
a 144 163 23 82
a 144 143 99 70
a 144 164 92 1
a 144 165 17 37
a 144 145 83 2
a 145 164 51 81
a 145 144 1 13
a 145 165 41 81
a 145 166 8 39
a 145 146 55 43
a 146 165 34 10
a 146 145 3 15
a 146 166 74 93
a 146 167 84 51
a 146 147 49 52
a 147 166 56 19
a 147 146 64 26
a 147 167 39 54
a 147 168 89 77
a 147 148 40 4
a 148 167 100 69
a 148 147 39 60
a 148 168 65 26
a 148 169 8 90
a 148 149 63 26
a 149 168 34 33
a 149 148 15 13
a 149 169 21 31
a 149 170 63 91
a 149 150 91 89
a 150 169 18 41
a 150 149 10 46
a 150 170 26 50
a 150 171 67 93
a 150 151 98 33
a 151 170 2 67
a 151 150 70 68
a 151 171 66 19
a 151 172 81 79
a 151 152 16 84
a 152 171 97 7
a 152 151 16 33
a 152 172 25 82
a 152 173 64 8
a 152 153 36 27
a 153 172 98 46
a 153 152 74 57
a 153 173 1 24
a 153 174 81 77
a 153 154 88 90
a 154 173 14 85
a 154 153 47 8
a 154 174 74 75
a 154 175 87 82
a 154 155 9 2
a 155 174 76 54
a 155 154 30 29
a 155 175 77 98
a 155 176 16 2
a 155 156 25 7
a 156 175 12 99
a 156 155 9 4
a 156 176 19 67
a 156 177 31 88
a 156 157 45 55
a 157 176 14 39
a 157 156 33 45
a 157 177 32 85
a 157 178 60 63
a 157 158 97 29
a 158 177 69 69
a 158 157 53 61
a 158 178 49 69
a 158 179 97 79
a 158 159 80 99
a 159 178 54 35
a 159 158 88 76
a 159 179 32 8
a 159 180 43 41
a 159 160 11 78
a 160 179 49 37
a 160 159 5 38
a 160 180 40 13
a 161 181 72 6
a 161 182 35 48
a 161 162 29 39
a 162 181 77 58
a 162 161 86 63
a 162 182 59 46
a 162 183 8 21
a 162 163 26 79
a 163 182 34 49
a 163 162 40 33
a 163 183 39 62
a 163 184 29 77
a 163 164 6 98
a 164 183 13 55
a 164 163 53 56
a 164 184 13 37
a 164 185 71 73
a 164 165 40 33
a 165 184 4 49
a 165 164 49 100
a 165 185 35 82
a 165 186 59 21
a 165 166 82 48
a 166 185 4 16
a 166 165 10 44
a 166 186 83 52
a 166 187 10 30
a 166 167 97 17
a 167 186 31 53
a 167 166 47 16
a 167 187 6 65
a 167 188 14 13
a 167 168 2 44
a 168 187 11 6
a 168 167 92 15
a 168 188 66 6
a 168 189 49 18
a 168 169 90 73
a 169 188 55 95
a 169 168 84 12
a 169 189 24 84
a 169 190 38 77
a 169 170 84 91
a 170 189 55 68
a 170 169 59 26
a 170 190 45 13
a 170 191 64 72
a 170 171 58 97
a 171 190 12 94
a 171 170 43 48
a 171 191 90 97
a 171 192 86 46
a 171 172 19 85
a 172 191 64 71
a 172 171 39 100
a 172 192 1 74
a 172 193 60 97
a 172 173 61 25
a 173 192 95 90
a 173 172 31 50
a 173 193 93 13
a 173 194 7 21
a 173 174 54 58
a 174 193 49 61
a 174 173 42 40
a 174 194 93 39
a 174 195 46 95
a 174 175 31 23
a 175 194 22 65
a 175 174 17 30
a 175 195 73 49
a 175 196 59 93
a 175 176 21 51
a 176 195 59 55
a 176 175 53 35
a 176 196 17 6
a 176 197 41 14
a 176 177 67 52
a 177 196 26 79
a 177 176 3 54
a 177 197 7 68
a 177 198 77 18
a 177 178 88 12
a 178 197 24 81
a 178 177 81 25
a 178 198 68 51
a 178 199 19 19
a 178 179 70 7
a 179 198 51 35
a 179 178 89 68
a 179 199 28 14
a 179 200 38 6
a 179 180 64 78
a 180 199 27 4
a 180 179 86 15
a 180 200 96 10
a 181 201 11 92
a 181 202 62 62
a 181 182 76 21
a 182 201 25 39
a 182 181 8 6
a 182 202 38 98
a 182 203 83 21
a 182 183 26 63
a 183 202 19 80
a 183 182 35 20
a 183 203 70 23
a 183 204 1 85
a 183 184 65 88
a 184 203 7 58
a 184 183 84 26
a 184 204 48 70
a 184 205 3 39
a 184 185 45 98
a 185 204 41 90
a 185 184 3 67
a 185 205 4 10
a 185 206 54 62
a 185 186 87 57
a 186 205 20 92
a 186 185 80 95
a 186 206 12 98
a 186 207 80 45
a 186 187 50 87
a 187 206 16 64
a 187 186 73 73
a 187 207 6 31
a 187 208 60 42
a 187 188 23 74
a 188 207 82 95
a 188 187 49 79
a 188 208 28 40
a 188 209 100 35
a 188 189 65 51
a 189 208 77 17
a 189 188 55 12
a 189 209 82 66
a 189 210 57 62
a 189 190 22 81
a 190 209 1 56
a 190 189 10 19
a 190 210 39 91
a 190 211 13 15
a 190 191 7 23
a 191 210 97 60
a 191 190 8 32
a 191 211 11 47
a 191 212 70 66
a 191 192 49 32
a 192 211 43 98
a 192 191 54 30
a 192 212 82 82
a 192 213 90 3
a 192 193 1 25
a 193 212 28 71
a 193 192 6 8
a 193 213 7 8
a 193 214 73 12
a 193 194 81 70
a 194 213 40 7
a 194 193 15 5
a 194 214 48 98
a 194 215 50 20
a 194 195 8 73
a 195 214 70 78
a 195 194 100 7
a 195 215 78 28
a 195 216 55 74
a 195 196 39 69
a 196 215 66 67
a 196 195 6 83
a 196 216 65 71
a 196 217 14 87
a 196 197 89 17
a 197 216 98 20
a 197 196 29 71
a 197 217 9 89
a 197 218 69 33
a 197 198 35 68
a 198 217 81 49
a 198 197 76 68
a 198 218 35 77
a 198 219 69 51
a 198 199 41 64
a 199 218 18 77
a 199 198 42 91
a 199 219 28 76
a 199 220 87 97
a 199 200 3 77
a 200 219 9 69
a 200 199 52 25
a 200 220 18 40
a 201 221 58 21
a 201 222 45 72
a 201 202 15 12
a 202 221 88 82
a 202 201 21 2
a 202 222 53 89
a 202 223 31 94
a 202 203 97 36
a 203 222 42 66
a 203 202 5 94
a 203 223 82 47
a 203 224 98 38
a 203 204 6 76
a 204 223 77 49
a 204 203 31 16
a 204 224 69 60
a 204 225 54 48
a 204 205 74 51
a 205 224 8 11
a 205 204 38 84
a 205 225 24 32
a 205 226 69 42
a 205 206 35 50
a 206 225 77 90
a 206 205 32 84
a 206 226 8 39
a 206 227 51 92
a 206 207 44 54
a 207 226 52 30
a 207 206 10 53
a 207 227 11 10
a 207 228 31 25
a 207 208 46 30
a 208 227 84 15
a 208 207 3 7
a 208 228 28 87
a 208 229 58 71
a 208 209 8 9
a 209 228 27 47
a 209 208 31 77
a 209 229 51 19
a 209 230 95 19
a 209 210 53 3
a 210 229 40 29
a 210 209 41 3
a 210 230 84 8
a 210 231 11 15
a 210 211 37 61
a 211 230 33 3
a 211 210 4 79
a 211 231 68 26
a 211 232 7 83
a 211 212 70 14
a 212 231 66 49
a 212 211 26 73
a 212 232 33 95
a 212 233 39 68
a 212 213 14 13
a 213 232 2 76
a 213 212 10 19
a 213 233 40 49
a 213 234 43 90
a 213 214 37 2
a 214 233 26 45
a 214 213 39 44
a 214 234 34 52
a 214 235 59 57
a 214 215 66 88
a 215 234 17 41
a 215 214 66 95
a 215 235 15 60
a 215 236 25 96
a 215 216 13 14
a 216 235 48 86
a 216 215 100 62
a 216 236 91 12
a 216 237 85 98
a 216 217 70 76
a 217 236 23 25
a 217 216 90 2
a 217 237 93 40
a 217 238 10 46
a 217 218 99 79
a 218 237 84 51
a 218 217 85 9
a 218 238 61 70
a 218 239 72 35
a 218 219 70 6
a 219 238 56 89
a 219 218 78 73
a 219 239 29 30
a 219 240 5 12
a 219 220 8 25
a 220 239 22 54
a 220 219 47 2
a 220 240 13 19
a 221 241 87 72
a 221 242 19 20
a 221 222 50 54
a 222 241 71 26
a 222 221 13 92
a 222 242 31 3
a 222 243 71 7
a 222 223 20 70
a 223 242 72 97
a 223 222 75 71
a 223 243 78 12
a 223 244 10 96
a 223 224 86 99
a 224 243 19 31
a 224 223 59 6
a 224 244 67 43
a 224 245 88 14
a 224 225 38 99
a 225 244 99 96
a 225 224 91 54
a 225 245 10 12
a 225 246 99 34
a 225 226 5 92
a 226 245 8 92
a 226 225 90 71
a 226 246 88 8
a 226 247 95 64
a 226 227 17 82
a 227 246 59 58
a 227 226 60 44
a 227 247 56 57
a 227 248 49 68
a 227 228 28 72
a 228 247 90 18
a 228 227 53 74
a 228 248 14 55
a 228 249 83 93
a 228 229 26 25
a 229 248 14 41
a 229 228 36 12
a 229 249 74 38
a 229 250 81 11
a 229 230 32 17
a 230 249 25 27
a 230 229 38 12
a 230 250 26 96
a 230 251 14 14
a 230 231 41 64
a 231 250 3 61
a 231 230 24 62
a 231 251 46 68
a 231 252 65 14
a 231 232 93 33
a 232 251 64 7
a 232 231 74 16
a 232 252 62 34
a 232 253 83 70
a 232 233 42 20
a 233 252 89 36
a 233 232 41 51
a 233 253 47 28
a 233 254 76 35
a 233 234 5 43
a 234 253 53 81
a 234 233 98 14
a 234 254 100 66
a 234 255 76 42
a 234 235 93 41
a 235 254 19 54
a 235 234 56 10
a 235 255 9 83
a 235 256 5 10
a 235 236 45 96
a 236 255 82 88
a 236 235 62 25
a 236 256 2 59
a 236 257 11 83
a 236 237 27 83
a 237 256 97 70
a 237 236 88 30
a 237 257 61 73
a 237 258 6 59
a 237 238 44 71
a 238 257 29 81
a 238 237 81 27
a 238 258 43 74
a 238 259 59 43
a 238 239 61 13
a 239 258 20 91
a 239 238 46 78
a 239 259 62 32
a 239 260 33 9
a 239 240 1 16
a 240 259 63 93
a 240 239 2 8
a 240 260 78 75
a 241 261 14 17
a 241 262 85 32
a 241 242 58 1
a 242 261 33 95
a 242 241 36 73
a 242 262 57 64
a 242 263 64 12
a 242 243 98 49
a 243 262 33 95
a 243 242 85 44
a 243 263 63 53
a 243 264 75 79
a 243 244 5 79
a 244 263 52 8
a 244 243 43 76
a 244 264 15 91
a 244 265 12 75
a 244 245 85 38
a 245 264 26 90
a 245 244 9 13
a 245 265 95 19
a 245 266 77 36
a 245 246 59 77
a 246 265 100 99
a 246 245 48 36
a 246 266 72 19
a 246 267 55 43
a 246 247 74 27
a 247 266 96 96
a 247 246 69 42
a 247 267 6 40
a 247 268 95 52
a 247 248 40 76
a 248 267 24 20
a 248 247 76 98
a 248 268 29 1
a 248 269 23 69
a 248 249 72 37
a 249 268 42 36
a 249 248 88 23
a 249 269 4 35
a 249 270 87 33
a 249 250 28 71
a 250 269 100 98
a 250 249 9 80
a 250 270 86 83
a 250 271 49 86
a 250 251 47 81
a 251 270 52 29
a 251 250 68 19
a 251 271 16 11
a 251 272 18 25
a 251 252 95 59
a 252 271 6 52
a 252 251 39 15
a 252 272 40 70
a 252 273 53 43
a 252 253 85 74
a 253 272 24 21
a 253 252 40 21
a 253 273 93 38
a 253 274 33 44
a 253 254 62 31
a 254 273 86 54
a 254 253 52 85
a 254 274 46 62
a 254 275 22 39
a 254 255 30 31
a 255 274 43 42
a 255 254 82 52
a 255 275 100 15
a 255 276 50 54
a 255 256 3 32
a 256 275 11 1
a 256 255 100 5
a 256 276 2 58
a 256 277 11 46
a 256 257 44 44
a 257 276 19 15
a 257 256 40 51
a 257 277 10 93
a 257 278 5 42
a 257 258 53 79
a 258 277 63 81
a 258 257 12 32
a 258 278 89 78
a 258 279 91 63
a 258 259 85 13
a 259 278 15 63
a 259 258 73 95
a 259 279 32 18
a 259 280 51 47
a 259 260 96 69
a 260 279 100 12
a 260 259 53 13
a 260 280 65 4
a 261 281 85 32
a 261 282 58 95
a 261 262 15 87
a 262 281 52 89
a 262 261 53 32
a 262 282 3 65
a 262 283 17 45
a 262 263 1 53
a 263 282 93 91
a 263 262 98 35
a 263 283 4 98
a 263 284 5 91
a 263 264 91 33
a 264 283 4 64
a 264 263 8 47
a 264 284 81 69
a 264 285 26 85
a 264 265 45 96
a 265 284 30 15
a 265 264 97 85
a 265 285 63 39
a 265 286 79 86
a 265 266 46 47
a 266 285 98 80
a 266 265 4 20
a 266 286 95 6
a 266 287 8 75
a 266 267 66 85
a 267 286 12 57
a 267 266 37 55
a 267 287 8 55
a 267 288 32 14
a 267 268 67 43
a 268 287 89 13
a 268 267 24 50
a 268 288 30 7
a 268 289 85 11
a 268 269 46 12
a 269 288 54 14
a 269 268 21 24
a 269 289 24 46
a 269 290 64 3
a 269 270 24 38
a 270 289 57 3
a 270 269 64 74
a 270 290 63 57
a 270 291 61 26
a 270 271 34 47
a 271 290 20 35
a 271 270 63 91
a 271 291 3 90
a 271 292 4 86
a 271 272 95 67
a 272 291 11 68
a 272 271 73 2
a 272 292 24 63
a 272 293 6 62
a 272 273 52 67
a 273 292 8 38
a 273 272 98 64
a 273 293 30 38
a 273 294 9 8
a 273 274 87 23
a 274 293 84 12
a 274 273 48 15
a 274 294 83 74
a 274 295 52 53
a 274 275 25 57
a 275 294 90 67
a 275 274 40 13
a 275 295 19 7
a 275 296 17 59
a 275 276 97 95
a 276 295 48 29
a 276 275 59 49
a 276 296 33 11
a 276 297 42 79
a 276 277 44 29
a 277 296 74 80
a 277 276 17 13
a 277 297 43 14
a 277 298 92 53
a 277 278 91 23
a 278 297 71 2
a 278 277 21 55
a 278 298 62 32
a 278 299 63 56
a 278 279 7 66
a 279 298 53 53
a 279 278 44 82
a 279 299 47 69
a 279 300 46 66
a 279 280 57 32
a 280 299 28 70
a 280 279 2 47
a 280 300 77 26
a 281 301 90 77
a 281 302 63 89
a 281 282 76 94
a 282 301 85 32
a 282 281 37 64
a 282 302 8 28
a 282 303 91 34
a 282 283 26 3
a 283 302 23 61
a 283 282 75 62
a 283 303 26 87
a 283 304 89 100
a 283 284 46 42
a 284 303 72 43
a 284 283 50 93
a 284 304 16 11
a 284 305 68 54
a 284 285 8 81
a 285 304 19 32
a 285 284 51 95
a 285 305 1 97
a 285 306 8 82
a 285 286 97 1
a 286 305 50 69
a 286 285 66 42
a 286 306 14 44
a 286 307 94 87
a 286 287 31 81
a 287 306 82 99
a 287 286 5 95
a 287 307 32 62
a 287 308 74 37
a 287 288 45 47
a 288 307 62 38
a 288 287 56 2
a 288 308 73 74
a 288 309 37 7
a 288 289 75 82
a 289 308 19 65
a 289 288 99 74
a 289 309 47 8
a 289 310 13 20
a 289 290 45 8
a 290 309 83 84
a 290 289 52 10
a 290 310 11 43
a 290 311 50 46
a 290 291 91 98
a 291 310 74 71
a 291 290 94 63
a 291 311 91 100
a 291 312 11 15
a 291 292 42 65
a 292 311 56 95
a 292 291 63 37
a 292 312 6 13
a 292 313 65 31
a 292 293 51 75
a 293 312 72 52
a 293 292 93 31
a 293 313 73 19
a 293 314 69 54
a 293 294 25 100
a 294 313 32 35
a 294 293 62 19
a 294 314 64 89
a 294 315 59 10
a 294 295 70 85
a 295 314 23 70
a 295 294 65 65
a 295 315 14 87
a 295 316 33 69
a 295 296 44 76
a 296 315 53 97
a 296 295 11 45
a 296 316 9 89
a 296 317 24 15
a 296 297 64 65
a 297 316 13 73
a 297 296 60 64
a 297 317 2 42
a 297 318 15 11
a 297 298 2 60
a 298 317 16 64
a 298 297 61 49
a 298 318 31 14
a 298 319 41 37
a 298 299 14 40
a 299 318 33 70
a 299 298 39 89
a 299 319 78 39
a 299 320 15 54
a 299 300 21 33
a 300 319 52 11
a 300 299 34 49
a 300 320 67 46
a 301 321 29 92
a 301 322 40 90
a 301 302 38 45
a 302 321 23 28
a 302 301 91 47
a 302 322 33 67
a 302 323 26 55
a 302 303 20 49
a 303 322 56 25
a 303 302 56 67
a 303 323 53 88
a 303 324 39 38
a 303 304 81 77
a 304 323 36 57
a 304 303 88 76
a 304 324 93 15
a 304 325 24 61
a 304 305 90 45
a 305 324 49 26
a 305 304 10 5
a 305 325 10 54
a 305 326 37 10
a 305 306 50 47
a 306 325 67 60
a 306 305 7 5
a 306 326 37 9
a 306 327 60 39
a 306 307 90 49
a 307 326 15 87
a 307 306 21 7
a 307 327 87 77
a 307 328 22 60
a 307 308 66 42
a 308 327 31 17
a 308 307 77 19
a 308 328 9 15
a 308 329 5 93
a 308 309 40 3
a 309 328 56 75
a 309 308 15 13
a 309 329 69 91
a 309 330 50 24
a 309 310 39 51
a 310 329 38 11
a 310 309 16 56
a 310 330 55 84
a 310 331 27 46
a 310 311 6 58
a 311 330 15 94
a 311 310 92 62
a 311 331 59 59
a 311 332 16 50
a 311 312 8 13
a 312 331 5 1
a 312 311 58 89
a 312 332 61 64
a 312 333 11 42
a 312 313 14 2
a 313 332 61 57
a 313 312 65 40
a 313 333 11 7
a 313 334 49 100
a 313 314 12 61
a 314 333 58 95
a 314 313 92 69
a 314 334 60 35
a 314 335 51 40
a 314 315 24 82
a 315 334 16 60
a 315 314 53 85
a 315 335 19 39
a 315 336 59 13
a 315 316 75 3
a 316 335 54 11
a 316 315 100 21
a 316 336 30 4
a 316 337 76 72
a 316 317 60 24
a 317 336 89 59
a 317 316 36 65
a 317 337 100 99
a 317 338 9 40
a 317 318 21 80
a 318 337 47 51
a 318 317 92 56
a 318 338 92 74
a 318 339 50 89
a 318 319 51 60
a 319 338 24 16
a 319 318 93 26
a 319 339 74 94
a 319 340 1 91
a 319 320 76 20
a 320 339 72 44
a 320 319 20 43
a 320 340 42 42
a 321 341 39 41
a 321 342 28 70
a 321 322 93 96
a 322 341 19 97
a 322 321 88 8
a 322 342 9 9
a 322 343 73 21
a 322 323 64 61
a 323 342 27 19
a 323 322 52 24
a 323 343 68 38
a 323 344 79 14
a 323 324 18 42
a 324 343 52 87
a 324 323 11 31
a 324 344 63 32
a 324 345 58 74
a 324 325 1 25
a 325 344 99 96
a 325 324 79 9
a 325 345 33 57
a 325 346 5 97
a 325 326 74 37
a 326 345 18 20
a 326 325 87 91
a 326 346 15 41
a 326 347 59 71
a 326 327 18 51
a 327 346 83 94
a 327 326 69 37
a 327 347 56 29
a 327 348 19 49
a 327 328 49 75
a 328 347 59 52
a 328 327 83 75
a 328 348 3 69
a 328 349 2 66
a 328 329 76 11
a 329 348 54 98
a 329 328 65 17
a 329 349 73 13
a 329 350 38 39
a 329 330 25 38
a 330 349 88 67
a 330 329 2 76
a 330 350 58 39
a 330 351 93 30
a 330 331 6 15
a 331 350 86 82
a 331 330 99 28
a 331 351 32 90
a 331 352 91 34
a 331 332 4 15
a 332 351 57 11
a 332 331 18 60
a 332 352 10 80
a 332 353 100 100
a 332 333 64 21
a 333 352 19 74
a 333 332 87 86
a 333 353 95 41
a 333 354 16 25
a 333 334 63 14
a 334 353 17 49
a 334 333 55 41
a 334 354 72 8
a 334 355 84 74
a 334 335 19 76
a 335 354 98 68
a 335 334 45 20
a 335 355 40 63
a 335 356 87 1
a 335 336 28 44
a 336 355 14 73
a 336 335 9 5
a 336 356 57 93
a 336 357 27 80
a 336 337 99 6
a 337 356 78 52
a 337 336 74 66
a 337 357 24 31
a 337 358 39 72
a 337 338 73 88
a 338 357 56 40
a 338 337 21 38
a 338 358 92 6
a 338 359 37 46
a 338 339 70 72
a 339 358 54 57
a 339 338 47 51
a 339 359 95 69
a 339 360 69 6
a 339 340 13 33
a 340 359 35 47
a 340 339 10 70
a 340 360 51 68
a 341 361 56 37
a 341 362 96 78
a 341 342 8 59
a 342 361 69 100
a 342 341 52 39
a 342 362 73 94
a 342 363 53 22
a 342 343 65 85
a 343 362 53 7
a 343 342 64 80
a 343 363 88 75
a 343 364 52 18
a 343 344 2 33
a 344 363 35 63
a 344 343 23 14
a 344 364 79 94
a 344 365 7 89
a 344 345 18 15
a 345 364 74 61
a 345 344 9 77
a 345 365 87 46
a 345 366 93 7
a 345 346 16 39
a 346 365 6 1
a 346 345 42 47
a 346 366 93 12
a 346 367 70 63
a 346 347 60 18
a 347 366 45 75
a 347 346 52 83
a 347 367 21 85
a 347 368 6 75
a 347 348 78 58
a 348 367 18 34
a 348 347 81 80
a 348 368 98 76
a 348 369 99 64
a 348 349 92 7
a 349 368 1 37
a 349 348 81 18
a 349 369 80 88
a 349 370 33 10
a 349 350 56 72
a 350 369 39 60
a 350 349 3 15
a 350 370 5 6
a 350 371 15 58
a 350 351 16 29
a 351 370 4 13
a 351 350 24 37
a 351 371 30 14
a 351 372 19 99
a 351 352 59 23
a 352 371 45 59
a 352 351 6 100
a 352 372 4 33
a 352 373 79 95
a 352 353 65 46
a 353 372 41 96
a 353 352 55 77
a 353 373 83 97
a 353 374 51 45
a 353 354 31 31
a 354 373 50 15
a 354 353 22 87
a 354 374 80 24
a 354 375 25 63
a 354 355 21 60
a 355 374 36 82
a 355 354 81 41
a 355 375 1 95
a 355 376 20 31
a 355 356 24 87
a 356 375 61 66
a 356 355 15 45
a 356 376 82 58
a 356 377 21 10
a 356 357 98 36
a 357 376 92 62
a 357 356 62 49
a 357 377 51 57
a 357 378 9 12
a 357 358 53 21
a 358 377 26 65
a 358 357 21 5
a 358 378 20 89
a 358 379 24 19
a 358 359 10 66
a 359 378 86 80
a 359 358 89 71
a 359 379 88 20
a 359 380 83 77
a 359 360 90 61
a 360 379 46 93
a 360 359 1 28
a 360 380 62 91
a 361 381 99 62
a 361 382 43 16
a 361 362 60 14
a 362 381 12 96
a 362 361 18 45
a 362 382 49 14
a 362 383 5 24
a 362 363 25 99
a 363 382 46 34
a 363 362 96 79
a 363 383 97 65
a 363 384 42 80
a 363 364 93 2
a 364 383 22 47
a 364 363 95 21
a 364 384 17 29
a 364 385 67 75
a 364 365 84 89
a 365 384 45 35
a 365 364 34 43
a 365 385 16 97
a 365 386 49 29
a 365 366 53 50
a 366 385 25 95
a 366 365 79 90
a 366 386 22 26
a 366 387 74 79
a 366 367 88 53
a 367 386 2 9
a 367 366 46 52
a 367 387 30 28
a 367 388 55 63
a 367 368 94 75
a 368 387 14 63
a 368 367 55 12
a 368 388 11 12
a 368 389 26 77
a 368 369 80 89
a 369 388 93 88
a 369 368 82 32
a 369 389 21 10
a 369 390 1 11
a 369 370 87 39
a 370 389 11 42
a 370 369 26 59
a 370 390 92 76
a 370 391 27 39
a 370 371 24 89
a 371 390 97 93
a 371 370 34 45
a 371 391 88 53
a 371 392 30 81
a 371 372 49 45
a 372 391 1 91
a 372 371 27 52
a 372 392 60 92
a 372 393 77 4
a 372 373 71 51
a 373 392 100 57
a 373 372 37 18
a 373 393 52 15
a 373 394 26 4
a 373 374 60 72
a 374 393 88 3
a 374 373 91 8
a 374 394 79 71
a 374 395 50 1
a 374 375 96 12
a 375 394 56 70
a 375 374 49 78
a 375 395 16 32
a 375 396 47 93
a 375 376 34 76
a 376 395 44 93
a 376 375 1 45
a 376 396 85 80
a 376 397 1 10
a 376 377 85 24
a 377 396 61 72
a 377 376 52 69
a 377 397 73 97
a 377 398 30 66
a 377 378 87 46
a 378 397 2 32
a 378 377 51 27
a 378 398 19 19
a 378 399 52 96
a 378 379 8 5
a 379 398 29 77
a 379 378 86 58
a 379 399 62 79
a 379 400 79 78
a 379 380 36 98
a 380 399 48 75
a 380 379 12 34
a 380 400 10 83
