p sp 102 416
n 0 s
n 101 t
a 0 1 65 57
a 0 2 31 22
a 0 3 73 59
a 0 4 32 32
a 0 5 54 1
a 0 6 55 91
a 0 7 83 58
a 0 8 29 9
a 0 9 3 30
a 0 10 84 76
a 91 101 59 2
a 92 101 69 61
a 93 101 80 48
a 94 101 16 66
a 95 101 100 60
a 96 101 68 22
a 97 101 52 34
a 98 101 89 14
a 99 101 40 97
a 100 101 79 33
a 1 11 98 57
a 1 12 89 24
a 2 11 25 51
a 2 12 91 48
a 2 13 18 87
a 3 12 19 73
a 3 13 90 62
a 3 14 41 97
a 4 13 60 29
a 4 14 82 43
a 4 15 87 41
a 5 14 48 98
a 5 15 63 6
a 5 16 4 37
a 6 15 16 48
a 6 16 18 17
a 6 17 91 1
a 7 16 44 73
a 7 17 53 21
a 7 18 10 26
a 8 17 23 95
a 8 18 54 81
a 8 19 48 97
a 9 18 60 14
a 9 19 15 47
a 9 20 27 2
a 10 19 21 25
a 10 20 11 44
a 11 21 11 7
a 11 22 42 45
a 11 12 89 7
a 12 21 13 39
a 12 11 73 19
a 12 22 8 56
a 12 23 63 80
a 12 13 30 73
a 13 22 71 62
a 13 12 80 34
a 13 23 57 74
a 13 24 77 43
a 13 14 62 30
a 14 23 51 54
a 14 13 31 96
a 14 24 89 99
a 14 25 27 99
a 14 15 24 45
a 15 24 59 79
a 15 14 69 20
a 15 25 81 92
a 15 26 21 76
a 15 16 39 53
a 16 25 48 30
a 16 15 17 38
a 16 26 35 65
a 16 27 81 81
a 16 17 1 93
a 17 26 40 34
a 17 16 62 92
a 17 27 90 51
a 17 28 39 33
a 17 18 48 32
a 18 27 46 33
a 18 17 14 2
a 18 28 5 92
a 18 29 79 35
a 18 19 86 34
a 19 28 89 83
a 19 18 66 96
a 19 29 38 38
a 19 30 5 55
a 19 20 88 6
a 20 29 79 44
a 20 19 98 59
a 20 30 55 89
a 21 31 84 26
a 21 32 36 19
a 21 22 54 27
a 22 31 28 49
a 22 21 34 79
a 22 32 26 82
a 22 33 66 90
a 22 23 76 72
a 23 32 100 58
a 23 22 43 73
a 23 33 37 70
a 23 34 20 63
a 23 24 98 22
a 24 33 23 91
a 24 23 60 92
a 24 34 67 82
a 24 35 74 47
a 24 25 36 28
a 25 34 64 64
a 25 24 73 18
a 25 35 35 27
a 25 36 78 75
a 25 26 95 96
a 26 35 35 56
a 26 25 10 75
a 26 36 12 50
a 26 37 3 5
a 26 27 33 25
a 27 36 35 33
a 27 26 61 7
a 27 37 57 39
a 27 38 14 21
a 27 28 69 4
a 28 37 39 18
a 28 27 38 79
a 28 38 82 18
a 28 39 37 57
a 28 29 59 87
a 29 38 1 48
a 29 28 63 96
a 29 39 30 22
a 29 40 43 75
a 29 30 95 84
a 30 39 23 29
a 30 29 63 70
a 30 40 97 55
a 31 41 49 55
a 31 42 99 20
a 31 32 79 65
a 32 41 62 62
a 32 31 85 8
a 32 42 43 59
a 32 43 80 86
a 32 33 100 22
a 33 42 81 8
a 33 32 4 26
a 33 43 44 97
a 33 44 58 43
a 33 34 30 92
a 34 43 27 47
a 34 33 83 73
a 34 44 80 85
a 34 45 49 87
a 34 35 28 6
a 35 44 46 93
a 35 34 84 40
a 35 45 61 55
a 35 46 68 100
a 35 36 48 96
a 36 45 62 7
a 36 35 6 82
a 36 46 37 49
a 36 47 24 14
a 36 37 28 27
a 37 46 15 83
a 37 36 94 60
a 37 47 53 62
a 37 48 21 58
a 37 38 85 4
a 38 47 75 75
a 38 37 13 36
a 38 48 85 91
a 38 49 53 47
a 38 39 57 1
a 39 48 53 98
a 39 38 92 82
a 39 49 17 12
a 39 50 35 30
a 39 40 55 17
a 40 49 82 94
a 40 39 15 62
a 40 50 17 78
a 41 51 30 66
a 41 52 13 33
a 41 42 36 91
a 42 51 5 87
a 42 41 87 91
a 42 52 50 100
a 42 53 81 22
a 42 43 13 62
a 43 52 35 85
a 43 42 2 53
a 43 53 18 24
a 43 54 94 39
a 43 44 63 41
a 44 53 58 73
a 44 43 61 49
a 44 54 31 15
a 44 55 38 85
a 44 45 67 48
a 45 54 27 82
a 45 44 6 95
a 45 55 78 65
a 45 56 42 74
a 45 46 83 94
a 46 55 89 36
a 46 45 51 48
a 46 56 16 10
a 46 57 32 7
a 46 47 37 73
a 47 56 81 94
a 47 46 47 96
a 47 57 18 32
a 47 58 3 94
a 47 48 46 34
a 48 57 23 40
a 48 47 21 54
a 48 58 73 37
a 48 59 64 23
a 48 49 61 78
a 49 58 88 1
a 49 48 9 41
a 49 59 95 60
a 49 60 23 41
a 49 50 19 81
a 50 59 34 21
a 50 49 13 73
a 50 60 41 83
a 51 61 18 91
a 51 62 76 15
a 51 52 16 17
a 52 61 53 100
a 52 51 63 67
a 52 62 16 59
a 52 63 23 92
a 52 53 96 92
a 53 62 59 41
a 53 52 56 87
a 53 63 52 52
a 53 64 58 56
a 53 54 64 98
a 54 63 83 22
a 54 53 7 5
a 54 64 73 29
a 54 65 56 34
a 54 55 63 6
a 55 64 37 59
a 55 54 77 10
a 55 65 60 53
a 55 66 85 80
a 55 56 10 28
a 56 65 57 27
a 56 55 73 39
a 56 66 68 5
a 56 67 91 92
a 56 57 33 25
a 57 66 59 2
a 57 56 69 8
a 57 67 19 15
a 57 68 54 58
a 57 58 80 52
a 58 67 40 32
a 58 57 10 87
a 58 68 20 31
a 58 69 77 59
a 58 59 53 60
a 59 68 93 16
a 59 58 78 84
a 59 69 73 88
a 59 70 39 42
a 59 60 22 93
a 60 69 52 76
a 60 59 63 92
a 60 70 44 87
a 61 71 54 82
a 61 72 68 32
a 61 62 3 55
a 62 71 34 43
a 62 61 69 41
a 62 72 85 10
a 62 73 65 99
a 62 63 7 71
a 63 72 31 63
a 63 62 87 43
a 63 73 8 30
a 63 74 54 21
a 63 64 15 6
a 64 73 28 75
a 64 63 56 18
a 64 74 67 31
a 64 75 2 62
a 64 65 87 97
a 65 74 29 18
a 65 64 79 17
a 65 75 15 14
a 65 76 65 93
a 65 66 9 36
a 66 75 89 22
a 66 65 62 30
a 66 76 70 8
a 66 77 53 69
a 66 67 61 75
a 67 76 72 60
a 67 66 72 12
a 67 77 27 66
a 67 78 16 73
a 67 68 24 8
a 68 77 24 58
a 68 67 53 92
a 68 78 97 53
a 68 79 69 49
a 68 69 34 93
a 69 78 96 81
a 69 68 49 31
a 69 79 41 68
a 69 80 53 42
a 69 70 94 11
a 70 79 79 45
a 70 69 54 54
a 70 80 44 91
a 71 81 100 86
a 71 82 77 79
a 71 72 9 43
a 72 81 34 2
a 72 71 32 2
a 72 82 53 63
a 72 83 97 39
a 72 73 2 49
a 73 82 59 99
a 73 72 96 16
a 73 83 68 69
a 73 84 3 41
a 73 74 15 99
a 74 83 46 88
a 74 73 34 100
a 74 84 33 61
a 74 85 82 48
a 74 75 87 87
a 75 84 79 92
a 75 74 69 18
a 75 85 1 52
a 75 86 35 3
a 75 76 65 95
a 76 85 12 6
a 76 75 46 99
a 76 86 78 56
a 76 87 95 46
a 76 77 65 59
a 77 86 53 57
a 77 76 4 75
a 77 87 23 3
a 77 88 26 58
a 77 78 26 98
a 78 87 58 92
a 78 77 88 10
a 78 88 18 82
a 78 89 88 42
a 78 79 66 53
a 79 88 95 26
a 79 78 65 96
a 79 89 64 75
a 79 90 78 51
a 79 80 54 18
a 80 89 85 66
a 80 79 76 88
a 80 90 70 22
a 81 91 48 46
a 81 92 71 82
a 81 82 95 50
a 82 91 69 74
a 82 81 2 81
a 82 92 96 49
a 82 93 27 33
a 82 83 35 54
a 83 92 13 14
a 83 82 64 43
a 83 93 41 24
a 83 94 70 33
a 83 84 9 58
a 84 93 69 7
a 84 83 11 98
a 84 94 3 57
a 84 95 99 78
a 84 85 88 36
a 85 94 42 53
a 85 84 21 13
a 85 95 23 46
a 85 96 51 88
a 85 86 31 46
a 86 95 50 12
a 86 85 50 82
a 86 96 97 70
a 86 97 70 78
a 86 87 20 70
a 87 96 40 81
a 87 86 73 5
a 87 97 74 97
a 87 98 93 72
a 87 88 62 38
a 88 97 58 53
a 88 87 62 75
a 88 98 66 46
a 88 99 97 8
a 88 89 83 47
a 89 98 7 8
a 89 88 75 93
a 89 99 69 68
a 89 100 36 29
a 89 90 19 17
a 90 99 57 59
a 90 89 59 67
a 90 100 31 97
