p sp 902 4236
n 0 s
n 901 t
a 0 1 12 77
a 0 2 67 79
a 0 3 42 4
a 0 4 78 5
a 0 5 91 42
a 0 6 9 69
a 0 7 13 12
a 0 8 30 25
a 0 9 54 1
a 0 10 52 59
a 0 11 10 29
a 0 12 98 100
a 0 13 97 59
a 0 14 93 78
a 0 15 32 33
a 0 16 65 65
a 0 17 17 74
a 0 18 74 100
a 0 19 55 40
a 0 20 62 35
a 0 21 71 47
a 0 22 52 93
a 0 23 6 95
a 0 24 67 89
a 0 25 89 6
a 0 26 33 90
a 0 27 36 14
a 0 28 67 76
a 0 29 60 74
a 0 30 66 21
a 871 901 14 15
a 872 901 16 57
a 873 901 36 27
a 874 901 65 10
a 875 901 22 38
a 876 901 34 9
a 877 901 27 14
a 878 901 19 42
a 879 901 87 53
a 880 901 17 22
a 881 901 57 5
a 882 901 15 48
a 883 901 18 88
a 884 901 18 49
a 885 901 17 81
a 886 901 13 73
a 887 901 82 79
a 888 901 90 28
a 889 901 97 81
a 890 901 15 77
a 891 901 12 100
a 892 901 69 50
a 893 901 70 30
a 894 901 87 37
a 895 901 19 80
a 896 901 56 88
a 897 901 5 95
a 898 901 18 77
a 899 901 69 51
a 900 901 11 88
a 1 31 94 72
a 1 32 98 89
a 2 31 48 90
a 2 32 12 85
a 2 33 25 88
a 3 32 77 89
a 3 33 53 17
a 3 34 49 51
a 4 33 4 20
a 4 34 39 14
a 4 35 12 47
a 5 34 53 1
a 5 35 50 56
a 5 36 96 21
a 6 35 97 39
a 6 36 3 44
a 6 37 34 90
a 7 36 46 21
a 7 37 47 70
a 7 38 28 40
a 8 37 91 68
a 8 38 6 70
a 8 39 53 70
a 9 38 1 3
a 9 39 89 64
a 9 40 8 34
a 10 39 7 78
a 10 40 78 60
a 10 41 50 67
a 11 40 90 87
a 11 41 5 100
a 11 42 40 13
a 12 41 14 12
a 12 42 69 56
a 12 43 93 73
a 13 42 64 6
a 13 43 12 76
a 13 44 59 63
a 14 43 31 97
a 14 44 33 55
a 14 45 77 34
a 15 44 97 30
a 15 45 67 45
a 15 46 57 18
a 16 45 63 29
a 16 46 34 37
a 16 47 59 79
a 17 46 99 28
a 17 47 60 54
a 17 48 74 63
a 18 47 64 70
a 18 48 22 46
a 18 49 2 45
a 19 48 84 62
a 19 49 96 35
a 19 50 33 26
a 20 49 1 97
a 20 50 39 73
a 20 51 35 69
a 21 50 24 53
a 21 51 37 77
a 21 52 24 65
a 22 51 25 54
a 22 52 45 20
a 22 53 3 12
a 23 52 38 55
a 23 53 77 1
a 23 54 76 33
a 24 53 43 22
a 24 54 55 25
a 24 55 32 45
a 25 54 8 52
a 25 55 8 77
a 25 56 22 94
a 26 55 86 24
a 26 56 53 41
a 26 57 46 57
a 27 56 35 12
a 27 57 80 71
a 27 58 8 26
a 28 57 35 77
a 28 58 88 86
a 28 59 11 6
a 29 58 12 26
a 29 59 87 80
a 29 60 63 65
a 30 59 3 66
a 30 60 40 78
a 31 61 35 64
a 31 62 57 53
a 31 32 73 8
a 32 61 34 16
a 32 31 84 75
a 32 62 80 39
a 32 63 35 57
a 32 33 74 13
a 33 62 13 49
a 33 32 65 9
a 33 63 84 77
a 33 64 12 98
a 33 34 16 83
a 34 63 2 79
a 34 33 41 82
a 34 64 68 92
a 34 65 9 48
a 34 35 64 29
a 35 64 52 20
a 35 34 5 53
a 35 65 66 79
a 35 66 38 4
a 35 36 40 76
a 36 65 73 29
a 36 35 99 58
a 36 66 92 96
a 36 67 82 31
a 36 37 38 28
a 37 66 76 26
a 37 36 44 65
a 37 67 13 85
a 37 68 8 92
a 37 38 38 58
a 38 67 4 16
a 38 37 55 88
a 38 68 56 57
a 38 69 57 18
a 38 39 42 56
a 39 68 81 24
a 39 38 15 95
a 39 69 76 30
a 39 70 62 47
a 39 40 74 91
a 40 69 60 60
a 40 39 86 10
a 40 70 38 76
a 40 71 40 59
a 40 41 84 12
a 41 70 82 53
a 41 40 21 52
a 41 71 81 20
a 41 72 21 94
a 41 42 56 4
a 42 71 19 59
a 42 41 31 25
a 42 72 6 70
a 42 73 69 29
a 42 43 2 98
a 43 72 56 8
a 43 42 77 11
a 43 73 18 19
a 43 74 24 84
a 43 44 2 37
a 44 73 100 72
a 44 43 13 34
a 44 74 26 50
a 44 75 60 53
a 44 45 47 92
a 45 74 99 77
a 45 44 6 1
a 45 75 90 52
a 45 76 96 87
a 45 46 4 37
a 46 75 41 68
a 46 45 8 56
a 46 76 32 44
a 46 77 21 20
a 46 47 25 25
a 47 76 31 89
a 47 46 28 78
a 47 77 60 69
a 47 78 63 91
a 47 48 58 65
a 48 77 57 97
a 48 47 38 20
a 48 78 22 42
a 48 79 9 40
a 48 49 43 85
a 49 78 84 48
a 49 48 6 3
a 49 79 41 66
a 49 80 79 55
a 49 50 10 50
a 50 79 74 74
a 50 49 86 89
a 50 80 32 65
a 50 81 74 97
a 50 51 2 57
a 51 80 11 46
a 51 50 85 80
a 51 81 73 26
a 51 82 92 57
a 51 52 38 5
a 52 81 85 56
a 52 51 81 58
a 52 82 86 18
a 52 83 52 19
a 52 53 45 17
a 53 82 93 49
a 53 52 38 93
a 53 83 100 56
a 53 84 13 74
a 53 54 8 95
a 54 83 48 49
a 54 53 77 71
a 54 84 2 90
a 54 85 49 94
a 54 55 44 4
a 55 84 75 79
a 55 54 68 25
a 55 85 63 37
a 55 86 48 80
a 55 56 21 37
a 56 85 74 34
a 56 55 14 28
a 56 86 42 57
a 56 87 18 26
a 56 57 73 35
a 57 86 92 54
a 57 56 59 27
a 57 87 70 100
a 57 88 64 5
a 57 58 33 62
a 58 87 8 53
a 58 57 45 58
a 58 88 14 12
a 58 89 27 67
a 58 59 45 86
a 59 88 24 66
a 59 58 85 52
a 59 89 98 8
a 59 90 53 93
a 59 60 5 51
a 60 89 33 20
a 60 59 88 88
a 60 90 19 98
a 61 91 7 57
a 61 92 59 77
a 61 62 42 51
a 62 91 91 26
a 62 61 8 70
a 62 92 22 23
a 62 93 72 20
a 62 63 17 89
a 63 92 25 48
a 63 62 76 93
a 63 93 32 25
a 63 94 92 22
a 63 64 56 76
a 64 93 41 60
a 64 63 28 7
a 64 94 95 72
a 64 95 60 54
a 64 65 22 77
a 65 94 90 88
a 65 64 87 45
a 65 95 3 100
a 65 96 12 64
a 65 66 27 74
a 66 95 23 59
a 66 65 79 53
a 66 96 42 85
a 66 97 33 42
a 66 67 18 53
a 67 96 13 79
a 67 66 37 87
a 67 97 42 47
a 67 98 36 56
a 67 68 69 36
a 68 97 47 1
a 68 67 19 51
a 68 98 29 67
a 68 99 63 46
a 68 69 55 43
a 69 98 10 86
a 69 68 92 5
a 69 99 43 92
a 69 100 83 7
a 69 70 79 72
a 70 99 32 60
a 70 69 85 74
a 70 100 26 78
a 70 101 16 86
a 70 71 45 33
a 71 100 38 73
a 71 70 65 94
a 71 101 9 45
a 71 102 76 96
a 71 72 40 10
a 72 101 49 91
a 72 71 63 35
a 72 102 31 31
a 72 103 25 98
a 72 73 71 47
a 73 102 32 19
a 73 72 69 36
a 73 103 24 100
a 73 104 38 36
a 73 74 81 61
a 74 103 67 21
a 74 73 62 23
a 74 104 68 51
a 74 105 38 45
a 74 75 80 93
a 75 104 46 47
a 75 74 77 76
a 75 105 50 91
a 75 106 64 29
a 75 76 81 77
a 76 105 94 70
a 76 75 83 22
a 76 106 38 29
a 76 107 70 21
a 76 77 14 13
a 77 106 53 23
a 77 76 86 98
a 77 107 98 37
a 77 108 16 8
a 77 78 92 16
a 78 107 50 71
a 78 77 37 33
a 78 108 99 23
a 78 109 25 27
a 78 79 72 91
a 79 108 30 74
a 79 78 60 47
a 79 109 73 70
a 79 110 18 87
a 79 80 31 21
a 80 109 11 70
a 80 79 85 30
a 80 110 73 53
a 80 111 70 47
a 80 81 21 14
a 81 110 46 14
a 81 80 90 85
a 81 111 72 84
a 81 112 11 99
a 81 82 42 7
a 82 111 67 40
a 82 81 45 30
a 82 112 81 87
a 82 113 48 71
a 82 83 46 6
a 83 112 38 21
a 83 82 91 95
a 83 113 72 99
a 83 114 36 66
a 83 84 65 37
a 84 113 63 24
a 84 83 52 47
a 84 114 79 98
a 84 115 52 21
a 84 85 53 84
a 85 114 60 86
a 85 84 16 66
a 85 115 70 36
a 85 116 77 37
a 85 86 38 44
a 86 115 50 17
a 86 85 52 67
a 86 116 36 34
a 86 117 26 34
a 86 87 84 5
a 87 116 65 92
a 87 86 50 83
a 87 117 11 74
a 87 118 46 98
a 87 88 61 58
a 88 117 37 11
a 88 87 43 85
a 88 118 4 67
a 88 119 65 28
a 88 89 92 41
a 89 118 19 2
a 89 88 53 94
a 89 119 69 57
a 89 120 32 2
a 89 90 100 6
a 90 119 29 94
a 90 89 68 90
a 90 120 94 94
a 91 121 86 67
a 91 122 58 44
a 91 92 31 49
a 92 121 3 52
a 92 91 12 43
a 92 122 46 17
a 92 123 62 34
a 92 93 46 8
a 93 122 41 29
a 93 92 35 87
a 93 123 93 85
a 93 124 53 44
a 93 94 88 76
a 94 123 14 69
a 94 93 39 25
a 94 124 92 54
a 94 125 1 16
a 94 95 72 54
a 95 124 38 5
a 95 94 15 9
a 95 125 38 46
a 95 126 67 86
a 95 96 20 66
a 96 125 87 45
a 96 95 62 80
a 96 126 89 34
a 96 127 99 65
a 96 97 81 74
a 97 126 56 59
a 97 96 83 2
a 97 127 18 8
a 97 128 58 22
a 97 98 53 31
a 98 127 51 38
a 98 97 45 26
a 98 128 93 21
a 98 129 45 95
a 98 99 18 11
a 99 128 32 65
a 99 98 83 37
a 99 129 69 32
a 99 130 43 53
a 99 100 36 49
a 100 129 50 23
a 100 99 16 80
a 100 130 57 77
a 100 131 32 11
a 100 101 33 2
a 101 130 72 97
a 101 100 28 57
a 101 131 89 92
a 101 132 97 49
a 101 102 37 57
a 102 131 88 5
a 102 101 74 69
a 102 132 23 55
a 102 133 23 60
a 102 103 96 45
a 103 132 84 79
a 103 102 74 16
a 103 133 86 31
a 103 134 60 77
a 103 104 94 86
a 104 133 77 51
a 104 103 80 77
a 104 134 3 32
a 104 135 66 79
a 104 105 75 47
a 105 134 55 78
a 105 104 89 6
a 105 135 18 12
a 105 136 89 11
a 105 106 86 17
a 106 135 93 43
a 106 105 27 84
a 106 136 39 44
a 106 137 16 60
a 106 107 23 32
a 107 136 32 78
a 107 106 42 52
a 107 137 29 64
a 107 138 23 29
a 107 108 96 32
a 108 137 35 54
a 108 107 38 51
a 108 138 20 83
a 108 139 79 37
a 108 109 58 34
a 109 138 72 23
a 109 108 13 13
a 109 139 28 29
a 109 140 36 32
a 109 110 81 54
a 110 139 59 8
a 110 109 58 5
a 110 140 85 33
a 110 141 77 34
a 110 111 4 49
a 111 140 2 2
a 111 110 21 75
a 111 141 30 47
a 111 142 85 79
a 111 112 78 24
a 112 141 15 92
a 112 111 41 70
a 112 142 85 12
a 112 143 53 57
a 112 113 52 95
a 113 142 74 34
a 113 112 15 27
a 113 143 88 97
a 113 144 4 83
a 113 114 82 98
a 114 143 35 40
a 114 113 13 56
a 114 144 61 85
a 114 145 36 35
a 114 115 81 100
a 115 144 39 17
a 115 114 78 39
a 115 145 83 49
a 115 146 32 39
a 115 116 20 7
a 116 145 73 73
a 116 115 2 63
a 116 146 32 71
a 116 147 17 37
a 116 117 68 50
a 117 146 48 53
a 117 116 76 9
a 117 147 81 48
a 117 148 72 61
a 117 118 71 27
a 118 147 12 97
a 118 117 54 77
a 118 148 24 17
a 118 149 96 61
a 118 119 23 44
a 119 148 34 10
a 119 118 62 43
a 119 149 73 26
a 119 150 93 9
a 119 120 79 69
a 120 149 18 16
a 120 119 45 31
a 120 150 66 18
a 121 151 74 53
a 121 152 28 42
a 121 122 63 15
a 122 151 5 97
a 122 121 35 50
a 122 152 2 14
a 122 153 63 77
a 122 123 21 26
a 123 152 94 3
a 123 122 15 76
a 123 153 51 31
a 123 154 31 77
a 123 124 96 17
a 124 153 68 100
a 124 123 91 47
a 124 154 61 66
a 124 155 20 68
a 124 125 14 80
a 125 154 37 22
a 125 124 8 74
a 125 155 65 26
a 125 156 38 89
a 125 126 28 22
a 126 155 83 100
a 126 125 94 83
a 126 156 47 81
a 126 157 53 65
a 126 127 9 63
a 127 156 52 93
a 127 126 16 59
a 127 157 57 6
a 127 158 18 64
a 127 128 98 75
a 128 157 7 4
a 128 127 75 49
a 128 158 50 18
a 128 159 13 44
a 128 129 98 54
a 129 158 48 12
a 129 128 48 96
a 129 159 92 35
a 129 160 64 45
a 129 130 33 41
a 130 159 28 47
a 130 129 37 41
a 130 160 8 95
a 130 161 83 43
a 130 131 89 50
a 131 160 25 76
a 131 130 53 69
a 131 161 39 39
a 131 162 15 99
a 131 132 87 92
a 132 161 28 62
a 132 131 14 3
a 132 162 45 24
a 132 163 73 81
a 132 133 85 16
a 133 162 50 39
a 133 132 68 56
a 133 163 25 18
a 133 164 30 4
a 133 134 58 28
a 134 163 33 78
a 134 133 73 38
a 134 164 97 92
a 134 165 69 89
a 134 135 38 23
a 135 164 39 2
a 135 134 66 68
a 135 165 62 54
a 135 166 69 34
a 135 136 85 63
a 136 165 14 71
a 136 135 61 83
a 136 166 95 24
a 136 167 53 3
a 136 137 20 28
a 137 166 61 51
a 137 136 87 25
a 137 167 94 1
a 137 168 24 8
a 137 138 7 75
a 138 167 12 35
a 138 137 25 98
a 138 168 70 36
a 138 169 53 57
a 138 139 93 72
a 139 168 59 56
a 139 138 87 33
a 139 169 16 28
a 139 170 76 50
a 139 140 37 36
a 140 169 36 2
a 140 139 88 88
a 140 170 98 100
a 140 171 83 57
a 140 141 68 53
a 141 170 91 12
a 141 140 80 63
a 141 171 8 33
a 141 172 18 71
a 141 142 38 74
a 142 171 41 51
a 142 141 21 48
a 142 172 36 27
a 142 173 22 14
a 142 143 49 25
a 143 172 49 57
a 143 142 36 87
a 143 173 71 33
a 143 174 63 21
a 143 144 89 90
a 144 173 83 88
a 144 143 64 9
a 144 174 15 19
a 144 175 25 22
a 144 145 28 88
a 145 174 45 31
a 145 144 32 51
a 145 175 1 60
a 145 176 81 20
a 145 146 51 43
a 146 175 27 14
a 146 145 28 62
a 146 176 2 85
a 146 177 31 95
a 146 147 41 61
a 147 176 64 80
a 147 146 31 41
a 147 177 22 34
a 147 178 44 19
a 147 148 76 32
a 148 177 50 72
a 148 147 2 81
a 148 178 75 48
a 148 179 24 30
a 148 149 6 68
a 149 178 23 73
a 149 148 97 86
a 149 179 36 99
a 149 180 1 8
a 149 150 79 1
a 150 179 57 51
a 150 149 60 32
a 150 180 90 78
a 151 181 62 22
a 151 182 28 30
a 151 152 56 5
a 152 181 27 78
a 152 151 78 31
a 152 182 97 66
a 152 183 94 96
a 152 153 63 92
a 153 182 87 76
a 153 152 79 63
a 153 183 27 53
a 153 184 52 27
a 153 154 51 29
a 154 183 86 1
a 154 153 17 44
a 154 184 6 17
a 154 185 75 10
a 154 155 6 90
a 155 184 91 36
a 155 154 26 43
a 155 185 64 18
a 155 186 30 49
a 155 156 66 24
a 156 185 84 4
a 156 155 78 70
a 156 186 78 22
a 156 187 37 98
a 156 157 29 2
a 157 186 100 64
a 157 156 89 78
a 157 187 50 82
a 157 188 81 2
a 157 158 89 58
a 158 187 19 22
a 158 157 11 42
a 158 188 53 10
a 158 189 76 18
a 158 159 47 80
a 159 188 17 100
a 159 158 49 6
a 159 189 53 13
a 159 190 10 99
a 159 160 40 60
a 160 189 83 73
a 160 159 100 34
a 160 190 62 2
a 160 191 76 77
a 160 161 70 20
a 161 190 53 89
a 161 160 39 13
a 161 191 1 77
a 161 192 51 23
a 161 162 86 42
a 162 191 96 93
a 162 161 31 19
a 162 192 50 20
a 162 193 26 73
a 162 163 62 62
a 163 192 42 38
a 163 162 54 37
a 163 193 74 2
a 163 194 88 56
a 163 164 35 13
a 164 193 80 39
a 164 163 74 20
a 164 194 61 60
a 164 195 61 3
a 164 165 68 67
a 165 194 27 19
a 165 164 20 46
a 165 195 68 22
a 165 196 64 6
a 165 166 75 8
a 166 195 27 75
a 166 165 73 24
a 166 196 18 30
a 166 197 31 61
a 166 167 23 13
a 167 196 3 31
a 167 166 49 84
a 167 197 4 75
a 167 198 89 84
a 167 168 62 94
a 168 197 60 73
a 168 167 90 65
a 168 198 48 41
a 168 199 72 95
a 168 169 65 75
a 169 198 96 72
a 169 168 24 85
a 169 199 62 95
a 169 200 6 99
a 169 170 77 30
a 170 199 64 66
a 170 169 59 69
a 170 200 80 26
a 170 201 67 65
a 170 171 60 75
a 171 200 18 96
a 171 170 26 86
a 171 201 39 91
a 171 202 71 40
a 171 172 98 16
a 172 201 6 99
a 172 171 71 29
a 172 202 42 6
a 172 203 96 5
a 172 173 36 36
a 173 202 83 82
a 173 172 51 25
a 173 203 33 65
a 173 204 45 77
a 173 174 76 63
a 174 203 46 42
a 174 173 75 80
a 174 204 16 1
a 174 205 55 98
a 174 175 14 92
a 175 204 95 3
a 175 174 83 51
a 175 205 98 44
a 175 206 20 65
a 175 176 22 44
a 176 205 27 90
a 176 175 69 49
a 176 206 63 87
a 176 207 51 78
a 176 177 95 30
a 177 206 74 56
a 177 176 30 41
a 177 207 34 34
a 177 208 9 82
a 177 178 53 2
a 178 207 69 9
a 178 177 83 62
a 178 208 73 98
a 178 209 80 45
a 178 179 3 57
a 179 208 83 43
a 179 178 55 100
a 179 209 19 54
a 179 210 92 12
a 179 180 82 56
a 180 209 96 60
a 180 179 89 74
a 180 210 93 68
a 181 211 6 23
a 181 212 49 34
a 181 182 49 14
a 182 211 58 23
a 182 181 98 4
a 182 212 90 72
a 182 213 17 40
a 182 183 83 95
a 183 212 44 6
a 183 182 36 6
a 183 213 86 99
a 183 214 15 56
a 183 184 77 95
a 184 213 15 80
a 184 183 14 51
a 184 214 10 87
a 184 215 77 5
a 184 185 76 88
a 185 214 75 79
a 185 184 68 86
a 185 215 88 81
a 185 216 91 6
a 185 186 22 60
a 186 215 54 40
a 186 185 57 77
a 186 216 94 69
a 186 217 41 5
a 186 187 32 83
a 187 216 38 95
a 187 186 36 41
a 187 217 7 15
a 187 218 37 49
a 187 188 57 54
a 188 217 50 36
a 188 187 100 76
a 188 218 61 22
a 188 219 24 70
a 188 189 85 79
a 189 218 74 74
a 189 188 27 58
a 189 219 57 92
a 189 220 61 80
a 189 190 57 11
a 190 219 10 69
a 190 189 43 88
a 190 220 27 8
a 190 221 70 71
a 190 191 40 8
a 191 220 3 61
a 191 190 19 3
a 191 221 3 51
a 191 222 5 66
a 191 192 51 65
a 192 221 22 40
a 192 191 61 66
a 192 222 88 18
a 192 223 6 19
a 192 193 61 84
a 193 222 92 39
a 193 192 58 1
a 193 223 25 75
a 193 224 72 56
a 193 194 47 43
a 194 223 56 94
a 194 193 19 38
a 194 224 91 41
a 194 225 4 22
a 194 195 33 44
a 195 224 17 8
a 195 194 88 28
a 195 225 48 83
a 195 226 69 16
a 195 196 10 67
a 196 225 82 24
a 196 195 16 2
a 196 226 27 53
a 196 227 68 95
a 196 197 91 57
a 197 226 28 63
a 197 196 16 57
a 197 227 20 25
a 197 228 87 17
a 197 198 96 85
a 198 227 69 95
a 198 197 33 38
a 198 228 69 44
a 198 229 85 98
a 198 199 23 76
a 199 228 98 3
a 199 198 65 69
a 199 229 4 27
a 199 230 62 3
a 199 200 23 28
a 200 229 76 100
a 200 199 15 90
a 200 230 93 27
a 200 231 48 82
a 200 201 5 43
a 201 230 22 9
a 201 200 32 94
a 201 231 21 31
a 201 232 63 39
a 201 202 6 50
a 202 231 2 9
a 202 201 54 74
a 202 232 44 46
a 202 233 5 3
a 202 203 78 1
a 203 232 99 98
a 203 202 47 60
a 203 233 59 49
a 203 234 98 61
a 203 204 21 98
a 204 233 18 28
a 204 203 70 2
a 204 234 14 6
a 204 235 79 51
a 204 205 48 25
a 205 234 99 32
a 205 204 93 57
a 205 235 73 39
a 205 236 8 67
a 205 206 22 98
a 206 235 32 53
a 206 205 16 13
a 206 236 28 37
a 206 237 9 63
a 206 207 25 83
a 207 236 8 7
a 207 206 26 19
a 207 237 12 84
a 207 238 85 40
a 207 208 44 46
a 208 237 42 7
a 208 207 66 80
a 208 238 97 27
a 208 239 81 63
a 208 209 9 65
a 209 238 7 15
a 209 208 68 72
a 209 239 34 97
a 209 240 15 100
a 209 210 64 5
a 210 239 78 66
a 210 209 76 47
a 210 240 93 36
a 211 241 49 78
a 211 242 2 2
a 211 212 32 60
a 212 241 80 56
a 212 211 73 94
a 212 242 89 50
a 212 243 44 71
a 212 213 79 51
a 213 242 24 59
a 213 212 17 82
a 213 243 81 99
a 213 244 92 61
a 213 214 4 43
a 214 243 42 67
a 214 213 67 81
a 214 244 92 32
a 214 245 52 5
a 214 215 31 17
a 215 244 90 22
a 215 214 69 93
a 215 245 83 1
a 215 246 98 28
a 215 216 78 100
a 216 245 11 57
a 216 215 70 30
a 216 246 11 47
a 216 247 40 13
a 216 217 19 30
a 217 246 41 97
a 217 216 60 5
a 217 247 47 33
a 217 248 85 46
a 217 218 73 96
a 218 247 96 17
a 218 217 72 67
a 218 248 83 33
a 218 249 13 34
a 218 219 79 55
a 219 248 93 72
a 219 218 35 88
a 219 249 32 47
a 219 250 55 63
a 219 220 57 69
a 220 249 85 14
a 220 219 44 50
a 220 250 29 79
a 220 251 21 7
a 220 221 57 79
a 221 250 45 73
a 221 220 84 30
a 221 251 40 39
a 221 252 57 8
a 221 222 94 68
a 222 251 1 80
a 222 221 4 21
a 222 252 28 4
a 222 253 26 43
a 222 223 17 2
a 223 252 10 34
a 223 222 68 62
a 223 253 71 23
a 223 254 65 29
a 223 224 49 20
a 224 253 89 78
a 224 223 35 17
a 224 254 16 7
a 224 255 59 6
a 224 225 38 43
a 225 254 90 28
a 225 224 79 47
a 225 255 62 74
a 225 256 47 20
a 225 226 92 86
a 226 255 12 32
a 226 225 7 76
a 226 256 69 32
a 226 257 57 79
a 226 227 31 50
a 227 256 55 50
a 227 226 27 75
a 227 257 63 87
a 227 258 35 74
a 227 228 64 24
a 228 257 96 13
a 228 227 85 30
a 228 258 26 16
a 228 259 52 7
a 228 229 2 44
a 229 258 71 15
a 229 228 28 40
a 229 259 6 96
a 229 260 100 44
a 229 230 87 27
a 230 259 36 100
a 230 229 42 83
a 230 260 53 99
a 230 261 61 61
a 230 231 74 54
a 231 260 53 9
a 231 230 62 55
a 231 261 76 13
a 231 262 89 19
a 231 232 78 32
a 232 261 67 60
a 232 231 70 63
a 232 262 26 36
a 232 263 33 28
a 232 233 50 44
a 233 262 63 35
a 233 232 55 89
a 233 263 95 34
a 233 264 93 77
a 233 234 42 60
a 234 263 45 14
a 234 233 32 46
a 234 264 48 48
a 234 265 5 18
a 234 235 65 92
a 235 264 3 74
a 235 234 4 61
a 235 265 77 50
a 235 266 86 42
a 235 236 93 2
a 236 265 45 35
a 236 235 88 78
a 236 266 56 86
a 236 267 14 43
a 236 237 77 66
a 237 266 69 91
a 237 236 99 16
a 237 267 70 78
a 237 268 42 16
a 237 238 99 61
a 238 267 93 59
a 238 237 52 83
a 238 268 51 91
a 238 269 5 51
a 238 239 79 28
a 239 268 38 64
a 239 238 43 34
a 239 269 18 37
a 239 270 5 96
a 239 240 3 46
a 240 269 39 37
a 240 239 82 79
a 240 270 24 34
a 241 271 95 60
a 241 272 76 44
a 241 242 59 89
a 242 271 34 16
a 242 241 30 17
a 242 272 10 60
a 242 273 93 31
a 242 243 94 24
a 243 272 56 76
a 243 242 86 11
a 243 273 94 96
a 243 274 83 1
a 243 244 53 51
a 244 273 69 19
a 244 243 30 36
a 244 274 89 17
a 244 275 74 14
a 244 245 30 59
a 245 274 15 100
a 245 244 72 78
a 245 275 94 31
a 245 276 99 39
a 245 246 25 69
a 246 275 70 87
a 246 245 74 17
a 246 276 3 66
a 246 277 90 42
a 246 247 72 82
a 247 276 42 11
a 247 246 5 99
a 247 277 83 61
a 247 278 94 77
a 247 248 69 32
a 248 277 52 78
a 248 247 94 27
a 248 278 98 87
a 248 279 7 73
a 248 249 56 21
a 249 278 69 39
a 249 248 4 1
a 249 279 46 64
a 249 280 3 14
a 249 250 81 100
a 250 279 52 99
a 250 249 4 36
a 250 280 69 97
a 250 281 91 43
a 250 251 18 78
a 251 280 26 76
a 251 250 14 28
a 251 281 32 53
a 251 282 76 17
a 251 252 32 91
a 252 281 3 4
a 252 251 30 83
a 252 282 51 46
a 252 283 38 15
a 252 253 8 75
a 253 282 92 18
a 253 252 31 56
a 253 283 47 20
a 253 284 63 38
a 253 254 58 34
a 254 283 53 36
a 254 253 46 59
a 254 284 32 21
a 254 285 25 72
a 254 255 39 97
a 255 284 100 46
a 255 254 31 60
a 255 285 3 41
a 255 286 56 38
a 255 256 95 3
a 256 285 64 17
a 256 255 61 75
a 256 286 23 8
a 256 287 9 82
a 256 257 85 77
a 257 286 82 18
a 257 256 12 63
a 257 287 36 78
a 257 288 82 14
a 257 258 98 40
a 258 287 11 83
a 258 257 96 88
a 258 288 11 100
a 258 289 80 74
a 258 259 78 85
a 259 288 80 13
a 259 258 62 62
a 259 289 23 84
a 259 290 63 25
a 259 260 76 86
a 260 289 18 18
a 260 259 49 14
a 260 290 55 67
a 260 291 50 16
a 260 261 72 6
a 261 290 86 91
a 261 260 63 43
a 261 291 96 91
a 261 292 57 100
a 261 262 26 94
a 262 291 38 35
a 262 261 22 8
a 262 292 77 71
a 262 293 30 45
a 262 263 65 93
a 263 292 50 41
a 263 262 90 98
a 263 293 91 62
a 263 294 37 47
a 263 264 94 69
a 264 293 62 46
a 264 263 62 99
a 264 294 92 45
a 264 295 75 82
a 264 265 100 8
a 265 294 8 33
a 265 264 28 71
a 265 295 90 80
a 265 296 11 66
a 265 266 22 21
a 266 295 25 58
a 266 265 53 93
a 266 296 48 73
a 266 297 22 16
a 266 267 43 93
a 267 296 77 5
a 267 266 36 53
a 267 297 40 36
a 267 298 45 57
a 267 268 71 61
a 268 297 64 13
a 268 267 70 18
a 268 298 11 35
a 268 299 26 61
a 268 269 19 82
a 269 298 40 49
a 269 268 24 62
a 269 299 53 28
a 269 300 22 25
a 269 270 52 86
a 270 299 84 35
a 270 269 91 60
a 270 300 22 8
a 271 301 30 91
a 271 302 99 43
a 271 272 18 40
a 272 301 65 51
a 272 271 32 94
a 272 302 67 45
a 272 303 66 3
a 272 273 20 32
a 273 302 95 81
a 273 272 98 95
a 273 303 28 12
a 273 304 27 73
a 273 274 40 56
a 274 303 17 3
a 274 273 72 78
a 274 304 85 65
a 274 305 52 92
a 274 275 1 39
a 275 304 89 75
a 275 274 86 65
a 275 305 47 56
a 275 306 25 50
a 275 276 64 15
a 276 305 64 27
a 276 275 72 100
a 276 306 34 59
a 276 307 68 75
a 276 277 71 54
a 277 306 58 16
a 277 276 45 11
a 277 307 79 32
a 277 308 79 11
a 277 278 56 15
a 278 307 4 57
a 278 277 7 35
a 278 308 65 67
a 278 309 86 5
a 278 279 5 27
a 279 308 34 32
a 279 278 62 99
a 279 309 41 23
a 279 310 80 3
a 279 280 10 100
a 280 309 54 38
a 280 279 51 36
a 280 310 89 76
a 280 311 89 9
a 280 281 53 27
a 281 310 68 99
a 281 280 19 16
a 281 311 54 86
a 281 312 69 30
a 281 282 25 37
a 282 311 34 2
a 282 281 25 21
a 282 312 30 77
a 282 313 64 86
a 282 283 69 87
a 283 312 38 43
a 283 282 56 48
a 283 313 58 84
a 283 314 76 70
a 283 284 22 36
a 284 313 67 24
a 284 283 23 37
a 284 314 11 81
a 284 315 56 94
a 284 285 46 5
a 285 314 61 44
a 285 284 72 28
a 285 315 97 84
a 285 316 63 61
a 285 286 97 100
a 286 315 61 7
a 286 285 56 29
a 286 316 89 85
a 286 317 79 66
a 286 287 67 13
a 287 316 6 31
a 287 286 82 79
a 287 317 73 85
a 287 318 3 49
a 287 288 30 66
a 288 317 84 60
a 288 287 32 57
a 288 318 89 49
a 288 319 34 52
a 288 289 87 17
a 289 318 78 50
a 289 288 11 38
a 289 319 3 100
a 289 320 69 20
a 289 290 6 19
a 290 319 85 45
a 290 289 20 22
a 290 320 88 22
a 290 321 51 70
a 290 291 48 38
a 291 320 40 74
a 291 290 7 84
a 291 321 65 96
a 291 322 6 33
a 291 292 63 54
a 292 321 77 11
a 292 291 45 15
a 292 322 44 10
a 292 323 17 58
a 292 293 60 50
a 293 322 88 34
a 293 292 47 74
a 293 323 6 3
a 293 324 51 40
a 293 294 40 9
a 294 323 30 61
a 294 293 10 62
a 294 324 63 76
a 294 325 21 7
a 294 295 61 71
a 295 324 93 100
a 295 294 29 55
a 295 325 1 73
a 295 326 43 86
a 295 296 56 58
a 296 325 38 94
a 296 295 24 5
a 296 326 81 32
a 296 327 90 67
a 296 297 93 98
a 297 326 12 89
a 297 296 40 70
a 297 327 19 87
a 297 328 36 53
a 297 298 34 64
a 298 327 62 37
a 298 297 32 84
a 298 328 55 92
a 298 329 30 38
a 298 299 81 69
a 299 328 56 40
a 299 298 75 28
a 299 329 42 93
a 299 330 14 38
a 299 300 5 63
a 300 329 40 95
a 300 299 60 72
a 300 330 54 33
a 301 331 28 99
a 301 332 94 70
a 301 302 34 100
a 302 331 76 18
a 302 301 64 36
a 302 332 47 14
a 302 333 69 22
a 302 303 33 33
a 303 332 11 24
a 303 302 47 57
a 303 333 83 42
a 303 334 82 62
a 303 304 18 78
a 304 333 54 40
a 304 303 6 19
a 304 334 65 62
a 304 335 5 92
a 304 305 21 28
a 305 334 20 66
a 305 304 8 49
a 305 335 48 10
a 305 336 37 58
a 305 306 49 82
a 306 335 36 16
a 306 305 23 18
a 306 336 6 12
a 306 337 50 63
a 306 307 10 74
a 307 336 71 60
a 307 306 41 60
a 307 337 68 81
a 307 338 9 45
a 307 308 86 57
a 308 337 26 2
a 308 307 53 55
a 308 338 58 11
a 308 339 86 73
a 308 309 41 15
a 309 338 18 6
a 309 308 1 87
a 309 339 37 71
a 309 340 76 46
a 309 310 91 81
a 310 339 34 20
a 310 309 66 97
a 310 340 83 55
a 310 341 14 100
a 310 311 13 82
a 311 340 6 50
a 311 310 47 32
a 311 341 75 11
a 311 342 72 57
a 311 312 60 10
a 312 341 3 46
a 312 311 32 54
a 312 342 97 26
a 312 343 41 13
a 312 313 74 2
a 313 342 54 87
a 313 312 65 70
a 313 343 24 97
a 313 344 98 38
a 313 314 2 41
a 314 343 34 44
a 314 313 99 59
a 314 344 29 95
a 314 345 85 1
a 314 315 81 29
a 315 344 35 99
a 315 314 63 50
a 315 345 68 9
a 315 346 43 85
a 315 316 3 6
a 316 345 90 33
a 316 315 88 67
a 316 346 8 45
a 316 347 89 77
a 316 317 24 76
a 317 346 78 83
a 317 316 67 17
a 317 347 59 93
a 317 348 36 98
a 317 318 67 30
a 318 347 11 60
a 318 317 42 53
a 318 348 85 79
a 318 349 61 92
a 318 319 92 60
a 319 348 14 29
a 319 318 53 33
a 319 349 92 14
a 319 350 34 21
a 319 320 28 87
a 320 349 87 5
a 320 319 57 36
a 320 350 88 75
a 320 351 51 18
a 320 321 45 1
a 321 350 26 50
a 321 320 98 22
a 321 351 11 21
a 321 352 98 26
a 321 322 4 62
a 322 351 4 39
a 322 321 84 66
a 322 352 55 33
a 322 353 26 47
a 322 323 88 6
a 323 352 75 65
a 323 322 42 66
a 323 353 96 17
a 323 354 27 87
a 323 324 54 56
a 324 353 26 93
a 324 323 33 28
a 324 354 79 55
a 324 355 88 2
a 324 325 100 42
a 325 354 31 48
a 325 324 98 54
a 325 355 83 33
a 325 356 93 50
a 325 326 67 84
a 326 355 5 96
a 326 325 72 10
a 326 356 80 47
a 326 357 54 49
a 326 327 17 62
a 327 356 54 45
a 327 326 8 18
a 327 357 44 13
a 327 358 66 35
a 327 328 22 80
a 328 357 36 80
a 328 327 28 58
a 328 358 30 85
a 328 359 32 67
a 328 329 53 58
a 329 358 81 86
a 329 328 78 99
a 329 359 88 46
a 329 360 39 47
a 329 330 75 34
a 330 359 77 62
a 330 329 53 59
a 330 360 24 95
a 331 361 76 89
a 331 362 70 86
a 331 332 57 75
a 332 361 78 75
a 332 331 38 63
a 332 362 25 91
a 332 363 6 34
a 332 333 37 9
a 333 362 79 16
a 333 332 10 50
a 333 363 22 49
a 333 364 58 62
a 333 334 27 77
a 334 363 77 64
a 334 333 88 82
a 334 364 24 88
a 334 365 55 47
a 334 335 43 31
a 335 364 4 3
a 335 334 79 91
a 335 365 22 92
a 335 366 31 6
a 335 336 11 68
a 336 365 75 10
a 336 335 98 96
a 336 366 86 83
a 336 367 80 12
a 336 337 33 76
a 337 366 91 49
a 337 336 73 44
a 337 367 71 32
a 337 368 14 81
a 337 338 87 44
a 338 367 22 20
a 338 337 85 9
a 338 368 29 17
a 338 369 66 5
a 338 339 43 8
a 339 368 97 24
a 339 338 64 81
a 339 369 20 87
a 339 370 17 52
a 339 340 44 29
a 340 369 88 82
a 340 339 25 55
a 340 370 34 90
a 340 371 33 74
a 340 341 20 79
a 341 370 28 60
a 341 340 95 7
a 341 371 78 99
a 341 372 41 64
a 341 342 80 2
a 342 371 42 6
a 342 341 85 50
a 342 372 61 51
a 342 373 48 80
a 342 343 56 3
a 343 372 59 18
a 343 342 31 4
a 343 373 80 27
a 343 374 43 65
a 343 344 84 9
a 344 373 40 90
a 344 343 76 62
a 344 374 73 65
a 344 375 60 67
a 344 345 92 73
a 345 374 4 22
a 345 344 55 53
a 345 375 78 42
a 345 376 52 79
a 345 346 38 97
a 346 375 51 90
a 346 345 25 66
a 346 376 73 49
a 346 377 17 68
a 346 347 73 23
a 347 376 34 84
a 347 346 84 68
a 347 377 41 67
a 347 378 17 87
a 347 348 34 100
a 348 377 72 23
a 348 347 84 93
a 348 378 19 11
a 348 379 34 52
a 348 349 59 73
a 349 378 82 95
a 349 348 5 58
a 349 379 77 89
a 349 380 40 73
a 349 350 6 3
a 350 379 4 42
a 350 349 80 23
a 350 380 86 40
a 350 381 66 90
a 350 351 42 67
a 351 380 62 74
a 351 350 19 42
a 351 381 98 13
a 351 382 37 61
a 351 352 39 41
a 352 381 85 86
a 352 351 49 5
a 352 382 66 11
a 352 383 65 43
a 352 353 51 5
a 353 382 14 96
a 353 352 59 60
a 353 383 53 42
a 353 384 12 43
a 353 354 64 73
a 354 383 61 46
a 354 353 78 57
a 354 384 39 23
a 354 385 17 44
a 354 355 74 11
a 355 384 18 75
a 355 354 57 2
a 355 385 70 56
a 355 386 95 93
a 355 356 75 92
a 356 385 74 100
a 356 355 53 82
a 356 386 74 3
a 356 387 35 93
a 356 357 84 51
a 357 386 85 70
a 357 356 65 8
a 357 387 59 86
a 357 388 66 49
a 357 358 58 58
a 358 387 41 88
a 358 357 67 24
a 358 388 29 3
a 358 389 82 84
a 358 359 4 56
a 359 388 80 25
a 359 358 61 46
a 359 389 55 82
a 359 390 62 61
a 359 360 16 68
a 360 389 9 8
a 360 359 83 69
a 360 390 35 53
a 361 391 81 79
a 361 392 70 13
a 361 362 59 5
a 362 391 87 86
a 362 361 62 47
a 362 392 56 79
a 362 393 27 80
a 362 363 8 96
a 363 392 35 16
a 363 362 68 4
a 363 393 93 24
a 363 394 75 12
a 363 364 1 36
a 364 393 66 97
a 364 363 10 95
a 364 394 94 25
a 364 395 72 58
a 364 365 41 2
a 365 394 26 55
a 365 364 59 8
a 365 395 34 88
a 365 396 81 62
a 365 366 7 77
a 366 395 23 29
a 366 365 22 11
a 366 396 80 41
a 366 397 58 27
a 366 367 72 65
a 367 396 90 71
a 367 366 57 66
a 367 397 60 72
a 367 398 55 7
a 367 368 7 94
a 368 397 17 72
a 368 367 38 84
a 368 398 82 85
a 368 399 48 100
a 368 369 66 3
a 369 398 29 71
a 369 368 15 14
a 369 399 15 85
a 369 400 83 58
a 369 370 59 20
a 370 399 14 12
a 370 369 54 71
a 370 400 49 3
a 370 401 11 64
a 370 371 22 85
a 371 400 47 47
a 371 370 64 48
a 371 401 100 78
a 371 402 3 75
a 371 372 52 81
a 372 401 14 86
a 372 371 66 77
a 372 402 89 45
a 372 403 47 34
a 372 373 6 58
a 373 402 22 19
a 373 372 28 17
a 373 403 47 87
a 373 404 2 2
a 373 374 38 50
a 374 403 22 57
a 374 373 80 5
a 374 404 73 53
a 374 405 39 27
a 374 375 55 64
a 375 404 26 1
a 375 374 81 24
a 375 405 69 80
a 375 406 91 24
a 375 376 26 42
a 376 405 37 49
a 376 375 53 67
a 376 406 59 96
a 376 407 99 11
a 376 377 67 72
a 377 406 85 11
a 377 376 87 81
a 377 407 42 92
a 377 408 7 8
a 377 378 47 91
a 378 407 90 49
a 378 377 30 22
a 378 408 50 84
a 378 409 74 60
a 378 379 37 41
a 379 408 64 22
a 379 378 20 4
a 379 409 8 53
a 379 410 54 60
a 379 380 71 88
a 380 409 90 75
a 380 379 17 46
a 380 410 46 63
a 380 411 44 93
a 380 381 100 36
a 381 410 28 12
a 381 380 71 43
a 381 411 87 18
a 381 412 83 15
a 381 382 81 20
a 382 411 67 18
a 382 381 20 48
a 382 412 76 47
a 382 413 25 97
a 382 383 62 67
a 383 412 2 52
a 383 382 74 58
a 383 413 21 68
a 383 414 83 80
a 383 384 83 46
a 384 413 19 6
a 384 383 83 32
a 384 414 98 80
a 384 415 2 40
a 384 385 31 40
a 385 414 10 37
a 385 384 23 84
a 385 415 83 86
a 385 416 51 88
a 385 386 66 94
a 386 415 82 27
a 386 385 50 17
a 386 416 35 94
a 386 417 89 17
a 386 387 97 88
a 387 416 8 89
a 387 386 88 53
a 387 417 99 15
a 387 418 29 73
a 387 388 35 76
a 388 417 86 99
a 388 387 90 3
a 388 418 100 63
a 388 419 69 91
a 388 389 42 45
a 389 418 14 89
a 389 388 83 70
a 389 419 17 26
a 389 420 1 62
a 389 390 2 45
a 390 419 44 36
a 390 389 16 33
a 390 420 83 73
a 391 421 24 42
a 391 422 85 54
a 391 392 22 63
a 392 421 68 21
a 392 391 21 61
a 392 422 68 11
a 392 423 82 99
a 392 393 1 70
a 393 422 37 10
a 393 392 48 14
a 393 423 60 11
a 393 424 24 78
a 393 394 91 39
a 394 423 62 41
a 394 393 62 98
a 394 424 43 63
a 394 425 63 29
a 394 395 20 66
a 395 424 42 83
a 395 394 29 85
a 395 425 61 72
a 395 426 67 52
a 395 396 17 14
a 396 425 13 50
a 396 395 4 76
a 396 426 6 92
a 396 427 91 16
a 396 397 40 31
a 397 426 56 52
a 397 396 72 26
a 397 427 88 8
a 397 428 34 14
a 397 398 34 88
a 398 427 54 3
a 398 397 52 26
a 398 428 85 56
a 398 429 60 12
a 398 399 38 18
a 399 428 84 12
a 399 398 96 9
a 399 429 62 20
a 399 430 45 49
a 399 400 18 61
a 400 429 57 53
a 400 399 9 71
a 400 430 4 86
a 400 431 20 4
a 400 401 83 58
a 401 430 67 54
a 401 400 74 84
a 401 431 100 23
a 401 432 92 73
a 401 402 1 68
a 402 431 56 37
a 402 401 25 38
a 402 432 48 48
a 402 433 83 25
a 402 403 92 19
a 403 432 68 94
a 403 402 23 42
a 403 433 23 1
a 403 434 50 37
a 403 404 88 80
a 404 433 30 28
a 404 403 54 64
a 404 434 5 84
a 404 435 46 98
a 404 405 90 8
a 405 434 28 21
a 405 404 58 20
a 405 435 97 58
a 405 436 87 38
a 405 406 4 96
a 406 435 91 91
a 406 405 2 68
a 406 436 86 92
a 406 437 9 82
a 406 407 9 66
a 407 436 4 66
a 407 406 43 56
a 407 437 73 89
a 407 438 98 49
a 407 408 42 3
a 408 437 59 70
a 408 407 2 94
a 408 438 80 9
a 408 439 63 66
a 408 409 3 27
a 409 438 35 73
a 409 408 51 53
a 409 439 68 58
a 409 440 78 63
a 409 410 39 17
a 410 439 82 63
a 410 409 82 1
a 410 440 90 96
a 410 441 18 27
a 410 411 34 13
a 411 440 3 6
a 411 410 4 30
a 411 441 93 77
a 411 442 21 14
a 411 412 73 41
a 412 441 10 80
a 412 411 30 40
a 412 442 68 68
a 412 443 82 63
a 412 413 32 38
a 413 442 69 91
a 413 412 73 38
a 413 443 100 93
a 413 444 91 78
a 413 414 88 47
a 414 443 40 5
a 414 413 78 24
a 414 444 7 9
a 414 445 28 43
a 414 415 42 57
a 415 444 25 99
a 415 414 98 61
a 415 445 65 80
a 415 446 37 94
a 415 416 20 37
a 416 445 90 5
a 416 415 28 4
a 416 446 56 80
a 416 447 95 18
a 416 417 6 90
a 417 446 68 40
a 417 416 41 9
a 417 447 23 91
a 417 448 49 66
a 417 418 44 91
a 418 447 18 16
a 418 417 60 17
a 418 448 81 57
a 418 449 66 10
a 418 419 46 6
a 419 448 9 4
a 419 418 85 13
a 419 449 31 23
a 419 450 6 14
a 419 420 79 21
a 420 449 27 35
a 420 419 69 28
a 420 450 5 1
a 421 451 34 1
a 421 452 54 53
a 421 422 3 95
a 422 451 29 20
a 422 421 90 41
a 422 452 57 52
a 422 453 15 85
a 422 423 89 91
a 423 452 58 10
a 423 422 69 81
a 423 453 3 81
a 423 454 41 70
a 423 424 20 36
a 424 453 95 77
a 424 423 43 72
a 424 454 71 57
a 424 455 2 9
a 424 425 51 79
a 425 454 44 12
a 425 424 81 49
a 425 455 94 5
a 425 456 21 70
a 425 426 99 14
a 426 455 11 42
a 426 425 19 9
a 426 456 3 18
a 426 457 62 70
a 426 427 61 77
a 427 456 33 65
a 427 426 56 57
a 427 457 82 47
a 427 458 91 29
a 427 428 12 59
a 428 457 14 83
a 428 427 47 70
a 428 458 63 23
a 428 459 17 51
a 428 429 8 48
a 429 458 27 97
a 429 428 46 48
a 429 459 39 83
a 429 460 53 18
a 429 430 86 33
a 430 459 23 7
a 430 429 11 39
a 430 460 27 94
a 430 461 11 63
a 430 431 90 37
a 431 460 96 47
a 431 430 60 26
a 431 461 52 76
a 431 462 86 6
a 431 432 80 1
a 432 461 24 46
a 432 431 2 78
a 432 462 18 19
a 432 463 52 34
a 432 433 96 76
a 433 462 22 19
a 433 432 55 95
a 433 463 6 18
a 433 464 68 13
a 433 434 36 45
a 434 463 88 85
a 434 433 18 78
a 434 464 26 23
a 434 465 84 47
a 434 435 43 54
a 435 464 36 82
a 435 434 40 62
a 435 465 64 68
a 435 466 79 88
a 435 436 4 85
a 436 465 41 38
a 436 435 87 12
a 436 466 44 67
a 436 467 86 34
a 436 437 76 97
a 437 466 40 64
a 437 436 48 96
a 437 467 94 22
a 437 468 70 10
a 437 438 62 42
a 438 467 25 10
a 438 437 48 2
a 438 468 72 31
a 438 469 69 48
a 438 439 75 91
a 439 468 76 36
a 439 438 38 96
a 439 469 60 43
a 439 470 22 22
a 439 440 11 71
a 440 469 89 78
a 440 439 12 38
a 440 470 30 76
a 440 471 75 13
a 440 441 81 56
a 441 470 43 98
a 441 440 89 68
a 441 471 55 38
a 441 472 27 58
a 441 442 62 5
a 442 471 57 92
a 442 441 28 75
a 442 472 69 98
a 442 473 53 13
a 442 443 42 43
a 443 472 80 93
a 443 442 56 49
a 443 473 98 64
a 443 474 83 15
a 443 444 14 58
a 444 473 20 41
a 444 443 37 11
a 444 474 74 54
a 444 475 68 56
a 444 445 51 13
a 445 474 65 88
a 445 444 91 79
a 445 475 91 11
a 445 476 80 41
a 445 446 2 54
a 446 475 68 16
a 446 445 90 49
a 446 476 30 61
a 446 477 69 41
a 446 447 23 58
a 447 476 91 17
a 447 446 25 31
a 447 477 54 28
a 447 478 14 54
a 447 448 88 54
a 448 477 19 96
a 448 447 77 77
a 448 478 21 44
a 448 479 3 50
a 448 449 77 9
a 449 478 63 5
a 449 448 79 15
a 449 479 77 26
a 449 480 49 43
a 449 450 61 6
a 450 479 61 2
a 450 449 46 58
a 450 480 38 44
a 451 481 30 54
a 451 482 93 90
a 451 452 27 51
a 452 481 71 5
a 452 451 79 19
a 452 482 20 50
a 452 483 18 94
a 452 453 34 25
a 453 482 77 19
a 453 452 88 29
a 453 483 5 48
a 453 484 14 2
a 453 454 51 63
a 454 483 74 33
a 454 453 99 81
a 454 484 61 44
a 454 485 71 77
a 454 455 72 51
a 455 484 32 23
a 455 454 31 95
a 455 485 1 95
a 455 486 31 83
a 455 456 13 86
a 456 485 49 85
a 456 455 55 84
a 456 486 6 99
a 456 487 49 99
a 456 457 66 18
a 457 486 77 95
a 457 456 57 28
a 457 487 25 67
a 457 488 12 62
a 457 458 95 93
a 458 487 79 29
a 458 457 20 98
a 458 488 39 27
a 458 489 54 77
a 458 459 91 65
a 459 488 27 22
a 459 458 20 49
a 459 489 74 83
a 459 490 50 59
a 459 460 22 99
a 460 489 63 32
a 460 459 18 95
a 460 490 39 35
a 460 491 85 38
a 460 461 30 22
a 461 490 33 49
a 461 460 81 92
a 461 491 20 48
a 461 492 63 55
a 461 462 98 96
a 462 491 92 30
a 462 461 46 70
a 462 492 65 34
a 462 493 97 21
a 462 463 7 98
a 463 492 48 68
a 463 462 3 7
a 463 493 3 35
a 463 494 11 5
a 463 464 47 56
a 464 493 18 85
a 464 463 73 1
a 464 494 78 76
a 464 495 10 94
a 464 465 99 63
a 465 494 13 77
a 465 464 89 12
a 465 495 64 51
a 465 496 67 32
a 465 466 92 17
a 466 495 86 87
a 466 465 23 31
a 466 496 80 84
a 466 497 86 22
a 466 467 82 16
a 467 496 18 76
a 467 466 90 38
a 467 497 20 79
a 467 498 27 5
a 467 468 26 50
a 468 497 23 38
a 468 467 32 48
a 468 498 43 68
a 468 499 86 15
a 468 469 57 54
a 469 498 87 44
a 469 468 98 64
a 469 499 23 47
a 469 500 80 82
a 469 470 98 65
a 470 499 91 91
a 470 469 16 74
a 470 500 57 65
a 470 501 93 17
a 470 471 20 95
a 471 500 22 26
a 471 470 51 84
a 471 501 70 8
a 471 502 85 38
a 471 472 84 100
a 472 501 81 8
a 472 471 78 14
a 472 502 12 84
a 472 503 67 55
a 472 473 70 82
a 473 502 67 100
a 473 472 95 13
a 473 503 47 63
a 473 504 11 3
a 473 474 48 88
a 474 503 12 66
a 474 473 36 89
a 474 504 55 74
a 474 505 36 66
a 474 475 7 86
a 475 504 9 73
a 475 474 94 74
a 475 505 6 67
a 475 506 36 31
a 475 476 96 93
a 476 505 13 18
a 476 475 73 66
a 476 506 74 40
a 476 507 40 49
a 476 477 59 88
a 477 506 26 67
a 477 476 4 5
a 477 507 49 15
a 477 508 52 63
a 477 478 76 62
a 478 507 51 16
a 478 477 23 98
a 478 508 88 86
a 478 509 50 54
a 478 479 29 56
a 479 508 30 61
a 479 478 51 81
a 479 509 45 88
a 479 510 35 98
a 479 480 11 90
a 480 509 91 74
a 480 479 81 83
a 480 510 51 82
a 481 511 33 52
a 481 512 44 11
a 481 482 60 79
a 482 511 50 88
a 482 481 44 7
a 482 512 62 93
a 482 513 87 32
a 482 483 3 52
a 483 512 93 13
a 483 482 87 68
a 483 513 22 74
a 483 514 26 88
a 483 484 47 4
a 484 513 6 56
a 484 483 99 4
a 484 514 58 51
a 484 515 19 85
a 484 485 8 79
a 485 514 96 54
a 485 484 79 86
a 485 515 97 88
a 485 516 10 41
a 485 486 11 36
a 486 515 67 28
a 486 485 45 66
a 486 516 44 81
a 486 517 41 47
a 486 487 12 27
a 487 516 46 17
a 487 486 24 59
a 487 517 16 25
a 487 518 76 29
a 487 488 49 96
a 488 517 28 46
a 488 487 70 79
a 488 518 7 9
a 488 519 42 54
a 488 489 15 89
a 489 518 88 75
a 489 488 41 2
a 489 519 1 73
a 489 520 88 4
a 489 490 92 12
a 490 519 69 85
a 490 489 66 56
a 490 520 49 81
a 490 521 94 59
a 490 491 50 52
a 491 520 61 39
a 491 490 53 69
a 491 521 44 89
a 491 522 9 55
a 491 492 42 11
a 492 521 89 22
a 492 491 42 65
a 492 522 76 67
a 492 523 2 45
a 492 493 62 40
a 493 522 5 48
a 493 492 56 63
a 493 523 84 45
a 493 524 81 54
a 493 494 11 61
a 494 523 63 97
a 494 493 12 9
a 494 524 69 3
a 494 525 69 13
a 494 495 71 10
a 495 524 18 53
a 495 494 40 75
a 495 525 43 50
a 495 526 49 47
a 495 496 24 66
a 496 525 26 13
a 496 495 40 85
a 496 526 37 32
a 496 527 3 97
a 496 497 8 100
a 497 526 30 45
a 497 496 24 46
a 497 527 66 58
a 497 528 69 37
a 497 498 37 38
a 498 527 69 64
a 498 497 50 35
a 498 528 40 80
a 498 529 41 5
a 498 499 87 90
a 499 528 78 48
a 499 498 76 4
a 499 529 19 5
a 499 530 38 98
a 499 500 41 38
a 500 529 14 26
a 500 499 48 69
a 500 530 17 3
a 500 531 30 34
a 500 501 34 86
a 501 530 69 50
a 501 500 36 7
a 501 531 50 37
a 501 532 33 98
a 501 502 67 99
a 502 531 50 64
a 502 501 14 19
a 502 532 20 64
a 502 533 72 28
a 502 503 52 64
a 503 532 4 58
a 503 502 67 37
a 503 533 75 37
a 503 534 32 74
a 503 504 14 45
a 504 533 38 34
a 504 503 44 39
a 504 534 87 60
a 504 535 34 59
a 504 505 91 57
a 505 534 49 43
a 505 504 76 65
a 505 535 58 8
a 505 536 73 58
a 505 506 54 39
a 506 535 94 50
a 506 505 69 64
a 506 536 59 15
a 506 537 89 11
a 506 507 68 22
a 507 536 68 52
a 507 506 2 38
a 507 537 94 61
a 507 538 63 87
a 507 508 81 50
a 508 537 82 67
a 508 507 64 62
a 508 538 70 44
a 508 539 51 69
a 508 509 1 32
a 509 538 29 74
a 509 508 21 99
a 509 539 64 28
a 509 540 46 44
a 509 510 22 16
a 510 539 99 99
a 510 509 64 94
a 510 540 43 9
a 511 541 60 1
a 511 542 4 40
a 511 512 76 68
a 512 541 30 74
a 512 511 15 24
a 512 542 95 87
a 512 543 81 40
a 512 513 55 77
a 513 542 50 5
a 513 512 32 69
a 513 543 88 90
a 513 544 16 58
a 513 514 12 99
a 514 543 81 16
a 514 513 96 78
a 514 544 75 59
a 514 545 60 55
a 514 515 57 83
a 515 544 47 35
a 515 514 67 14
a 515 545 70 28
a 515 546 68 32
a 515 516 99 100
a 516 545 87 39
a 516 515 16 39
a 516 546 28 42
a 516 547 3 38
a 516 517 29 44
a 517 546 13 2
a 517 516 28 63
a 517 547 14 70
a 517 548 80 5
a 517 518 100 79
a 518 547 6 100
a 518 517 78 10
a 518 548 2 58
a 518 549 30 27
a 518 519 76 61
a 519 548 46 9
a 519 518 69 50
a 519 549 55 73
a 519 550 88 99
a 519 520 55 61
a 520 549 25 3
a 520 519 40 34
a 520 550 37 38
a 520 551 48 77
a 520 521 45 99
a 521 550 24 72
a 521 520 97 94
a 521 551 17 5
a 521 552 81 10
a 521 522 85 61
a 522 551 97 100
a 522 521 63 95
a 522 552 86 98
a 522 553 31 50
a 522 523 14 72
a 523 552 5 61
a 523 522 100 85
a 523 553 94 31
a 523 554 34 70
a 523 524 52 48
a 524 553 93 71
a 524 523 38 99
a 524 554 19 99
a 524 555 83 84
a 524 525 33 55
a 525 554 30 33
a 525 524 31 46
a 525 555 39 18
a 525 556 24 60
a 525 526 69 23
a 526 555 94 9
a 526 525 68 12
a 526 556 15 58
a 526 557 5 40
a 526 527 51 95
a 527 556 42 73
a 527 526 30 43
a 527 557 80 11
a 527 558 90 41
a 527 528 33 95
a 528 557 94 52
a 528 527 38 32
a 528 558 3 27
a 528 559 69 95
a 528 529 8 84
a 529 558 96 20
a 529 528 37 62
a 529 559 26 57
a 529 560 100 68
a 529 530 15 18
a 530 559 95 33
a 530 529 100 70
a 530 560 66 51
a 530 561 17 9
a 530 531 10 82
a 531 560 47 87
a 531 530 65 22
a 531 561 10 26
a 531 562 68 19
a 531 532 96 92
a 532 561 58 28
a 532 531 65 21
a 532 562 62 91
a 532 563 73 64
a 532 533 64 38
a 533 562 48 76
a 533 532 39 20
a 533 563 20 97
a 533 564 79 90
a 533 534 78 97
a 534 563 34 24
a 534 533 25 55
a 534 564 100 40
a 534 565 91 66
a 534 535 19 30
a 535 564 95 27
a 535 534 54 55
a 535 565 50 41
a 535 566 74 96
a 535 536 42 9
a 536 565 92 33
a 536 535 62 55
a 536 566 38 80
a 536 567 39 52
a 536 537 80 72
a 537 566 74 31
a 537 536 7 24
a 537 567 46 22
a 537 568 88 70
a 537 538 93 81
a 538 567 32 44
a 538 537 11 47
a 538 568 24 22
a 538 569 57 65
a 538 539 85 56
a 539 568 81 77
a 539 538 78 35
a 539 569 7 51
a 539 570 13 65
a 539 540 37 78
a 540 569 81 6
a 540 539 1 66
a 540 570 36 31
a 541 571 35 74
a 541 572 58 5
a 541 542 38 47
a 542 571 42 77
a 542 541 76 96
a 542 572 41 87
a 542 573 57 36
a 542 543 22 53
a 543 572 41 46
a 543 542 87 40
a 543 573 26 4
a 543 574 15 23
a 543 544 78 76
a 544 573 21 39
a 544 543 75 34
a 544 574 82 35
a 544 575 56 31
a 544 545 12 36
a 545 574 68 3
a 545 544 45 4
a 545 575 37 47
a 545 576 31 18
a 545 546 47 51
a 546 575 38 54
a 546 545 52 14
a 546 576 64 39
a 546 577 7 53
a 546 547 61 93
a 547 576 77 56
a 547 546 82 20
a 547 577 9 29
a 547 578 5 37
a 547 548 1 7
a 548 577 11 99
a 548 547 26 42
a 548 578 79 47
a 548 579 63 78
a 548 549 7 37
a 549 578 77 78
a 549 548 56 14
a 549 579 4 40
a 549 580 87 92
a 549 550 7 55
a 550 579 86 81
a 550 549 4 64
a 550 580 19 16
a 550 581 61 17
a 550 551 95 60
a 551 580 49 15
a 551 550 72 95
a 551 581 88 72
a 551 582 65 8
a 551 552 7 91
a 552 581 54 47
a 552 551 9 44
a 552 582 56 6
a 552 583 34 12
a 552 553 30 84
a 553 582 53 1
a 553 552 83 45
a 553 583 65 94
a 553 584 32 67
a 553 554 38 71
a 554 583 47 34
a 554 553 2 28
a 554 584 13 12
a 554 585 79 40
a 554 555 73 57
a 555 584 50 80
a 555 554 82 89
a 555 585 39 66
a 555 586 11 14
a 555 556 6 70
a 556 585 91 54
a 556 555 73 12
a 556 586 4 34
a 556 587 16 100
a 556 557 41 90
a 557 586 9 2
a 557 556 43 18
a 557 587 98 53
a 557 588 68 5
a 557 558 34 15
a 558 587 47 84
a 558 557 7 11
a 558 588 5 25
a 558 589 29 12
a 558 559 13 95
a 559 588 87 78
a 559 558 52 90
a 559 589 56 88
a 559 590 88 17
a 559 560 59 77
a 560 589 70 4
a 560 559 72 87
a 560 590 31 99
a 560 591 26 62
a 560 561 56 70
a 561 590 53 93
a 561 560 74 6
a 561 591 9 31
a 561 592 57 95
a 561 562 97 77
a 562 591 29 19
a 562 561 34 85
a 562 592 52 77
a 562 593 81 68
a 562 563 19 76
a 563 592 20 29
a 563 562 83 26
a 563 593 2 42
a 563 594 80 39
a 563 564 81 43
a 564 593 4 3
a 564 563 36 81
a 564 594 39 11
a 564 595 83 73
a 564 565 11 17
a 565 594 98 22
a 565 564 72 18
a 565 595 32 89
a 565 596 86 47
a 565 566 96 9
a 566 595 46 92
a 566 565 1 100
a 566 596 52 79
a 566 597 67 70
a 566 567 10 64
a 567 596 37 84
a 567 566 34 81
a 567 597 24 68
a 567 598 73 31
a 567 568 38 51
a 568 597 76 54
a 568 567 81 99
a 568 598 46 14
a 568 599 10 40
a 568 569 64 6
a 569 598 1 15
a 569 568 97 81
a 569 599 23 99
a 569 600 5 12
a 569 570 63 36
a 570 599 4 55
a 570 569 80 93
a 570 600 49 16
a 571 601 64 85
a 571 602 69 58
a 571 572 82 43
a 572 601 75 59
a 572 571 76 56
a 572 602 41 58
a 572 603 95 53
a 572 573 8 16
a 573 602 25 89
a 573 572 27 42
a 573 603 57 33
a 573 604 6 7
a 573 574 43 52
a 574 603 6 41
a 574 573 11 15
a 574 604 40 27
a 574 605 76 86
a 574 575 59 60
a 575 604 82 63
a 575 574 87 14
a 575 605 13 23
a 575 606 20 46
a 575 576 29 96
a 576 605 48 81
a 576 575 27 44
a 576 606 97 37
a 576 607 58 89
a 576 577 95 75
a 577 606 62 73
a 577 576 42 36
a 577 607 58 48
a 577 608 97 90
a 577 578 17 4
a 578 607 49 69
a 578 577 32 77
a 578 608 58 79
a 578 609 31 79
a 578 579 97 53
a 579 608 58 42
a 579 578 11 44
a 579 609 15 24
a 579 610 70 93
a 579 580 13 81
a 580 609 80 85
a 580 579 89 80
a 580 610 17 21
a 580 611 41 42
a 580 581 59 10
a 581 610 9 86
a 581 580 74 8
a 581 611 46 4
a 581 612 6 37
a 581 582 43 50
a 582 611 52 89
a 582 581 12 17
a 582 612 57 57
a 582 613 17 32
a 582 583 18 37
a 583 612 51 76
a 583 582 25 63
a 583 613 62 65
a 583 614 61 88
a 583 584 67 36
a 584 613 10 66
a 584 583 95 98
a 584 614 4 75
a 584 615 17 60
a 584 585 73 4
a 585 614 52 29
a 585 584 10 56
a 585 615 47 27
a 585 616 10 97
a 585 586 62 89
a 586 615 87 47
a 586 585 40 91
a 586 616 42 41
a 586 617 75 87
a 586 587 22 84
a 587 616 33 58
a 587 586 89 26
a 587 617 52 41
a 587 618 3 96
a 587 588 40 46
a 588 617 50 29
a 588 587 98 52
a 588 618 79 63
a 588 619 69 2
a 588 589 89 47
a 589 618 37 23
a 589 588 94 89
a 589 619 19 88
a 589 620 44 90
a 589 590 100 59
a 590 619 31 67
a 590 589 23 41
a 590 620 2 91
a 590 621 70 30
a 590 591 88 24
a 591 620 17 64
a 591 590 57 11
a 591 621 25 10
a 591 622 6 22
a 591 592 24 76
a 592 621 20 88
a 592 591 34 5
a 592 622 82 68
a 592 623 50 73
a 592 593 81 6
a 593 622 39 29
a 593 592 5 68
a 593 623 97 87
a 593 624 100 48
a 593 594 100 99
a 594 623 47 28
a 594 593 22 88
a 594 624 9 14
a 594 625 22 4
a 594 595 71 82
a 595 624 77 12
a 595 594 18 3
a 595 625 70 24
a 595 626 16 77
a 595 596 71 40
a 596 625 50 26
a 596 595 70 56
a 596 626 12 66
a 596 627 70 10
a 596 597 3 22
a 597 626 18 17
a 597 596 3 10
a 597 627 28 65
a 597 628 64 91
a 597 598 76 6
a 598 627 11 85
a 598 597 4 30
a 598 628 87 92
a 598 629 88 24
a 598 599 3 38
a 599 628 3 31
a 599 598 36 1
a 599 629 16 85
a 599 630 94 51
a 599 600 19 53
a 600 629 47 64
a 600 599 100 63
a 600 630 81 83
a 601 631 71 3
a 601 632 69 1
a 601 602 67 79
a 602 631 54 31
a 602 601 17 71
a 602 632 87 40
a 602 633 80 20
a 602 603 65 4
a 603 632 70 29
a 603 602 21 83
a 603 633 65 47
a 603 634 90 81
a 603 604 37 3
a 604 633 72 2
a 604 603 23 75
a 604 634 32 11
a 604 635 15 22
a 604 605 84 93
a 605 634 64 52
a 605 604 79 78
a 605 635 7 69
a 605 636 34 50
a 605 606 38 13
a 606 635 2 59
a 606 605 75 74
a 606 636 34 89
a 606 637 54 80
a 606 607 62 45
a 607 636 65 39
a 607 606 38 81
a 607 637 14 78
a 607 638 68 10
a 607 608 51 6
a 608 637 61 86
a 608 607 5 97
a 608 638 31 97
a 608 639 23 14
a 608 609 4 95
a 609 638 55 7
a 609 608 39 70
a 609 639 19 71
a 609 640 8 27
a 609 610 2 53
a 610 639 86 91
a 610 609 30 42
a 610 640 29 1
a 610 641 34 35
a 610 611 23 15
a 611 640 48 83
a 611 610 48 61
a 611 641 48 69
a 611 642 73 96
a 611 612 13 5
a 612 641 73 58
a 612 611 14 17
a 612 642 64 39
a 612 643 50 50
a 612 613 85 79
a 613 642 21 93
a 613 612 35 8
a 613 643 94 73
a 613 644 33 100
a 613 614 73 19
a 614 643 38 12
a 614 613 50 70
a 614 644 45 37
a 614 645 93 41
a 614 615 26 78
a 615 644 1 66
a 615 614 13 15
a 615 645 96 60
a 615 646 24 49
a 615 616 92 33
a 616 645 83 23
a 616 615 24 34
a 616 646 77 97
a 616 647 11 57
a 616 617 54 52
a 617 646 45 22
a 617 616 64 32
a 617 647 53 78
a 617 648 28 86
a 617 618 14 12
a 618 647 13 68
a 618 617 83 85
a 618 648 24 91
a 618 649 87 28
a 618 619 71 75
a 619 648 9 51
a 619 618 96 51
a 619 649 89 69
a 619 650 71 53
a 619 620 71 17
a 620 649 28 41
a 620 619 25 7
a 620 650 62 50
a 620 651 37 26
a 620 621 93 69
a 621 650 97 95
a 621 620 31 83
a 621 651 2 22
a 621 652 71 57
a 621 622 81 52
a 622 651 50 35
a 622 621 92 60
a 622 652 18 2
a 622 653 98 6
a 622 623 69 23
a 623 652 66 76
a 623 622 35 34
a 623 653 26 91
a 623 654 31 23
a 623 624 1 92
a 624 653 12 41
a 624 623 57 86
a 624 654 83 9
a 624 655 91 2
a 624 625 4 74
a 625 654 57 9
a 625 624 85 47
a 625 655 39 16
a 625 656 91 36
a 625 626 71 48
a 626 655 88 99
a 626 625 62 20
a 626 656 36 31
a 626 657 63 78
a 626 627 73 56
a 627 656 66 52
a 627 626 49 59
a 627 657 59 73
a 627 658 30 15
a 627 628 6 47
a 628 657 88 41
a 628 627 27 54
a 628 658 23 36
a 628 659 12 3
a 628 629 49 2
a 629 658 62 80
a 629 628 52 20
a 629 659 1 57
a 629 660 97 21
a 629 630 20 91
a 630 659 44 11
a 630 629 96 52
a 630 660 36 94
a 631 661 90 11
a 631 662 55 69
a 631 632 19 27
a 632 661 15 22
a 632 631 68 96
a 632 662 69 90
a 632 663 63 53
a 632 633 2 27
a 633 662 77 41
a 633 632 76 52
a 633 663 84 45
a 633 664 95 23
a 633 634 37 63
a 634 663 61 13
a 634 633 2 42
a 634 664 33 46
a 634 665 74 85
a 634 635 63 91
a 635 664 37 77
a 635 634 29 18
a 635 665 35 63
a 635 666 18 69
a 635 636 70 87
a 636 665 84 24
a 636 635 79 48
a 636 666 37 9
a 636 667 3 77
a 636 637 18 42
a 637 666 63 14
a 637 636 43 78
a 637 667 94 64
a 637 668 32 16
a 637 638 43 58
a 638 667 70 1
a 638 637 14 93
a 638 668 71 52
a 638 669 52 95
a 638 639 42 65
a 639 668 15 32
a 639 638 58 24
a 639 669 81 53
a 639 670 46 13
a 639 640 6 82
a 640 669 71 1
a 640 639 73 40
a 640 670 11 46
a 640 671 14 28
a 640 641 29 71
a 641 670 86 43
a 641 640 31 67
a 641 671 64 43
a 641 672 39 65
a 641 642 24 39
a 642 671 27 10
a 642 641 91 68
a 642 672 100 3
a 642 673 14 51
a 642 643 92 10
a 643 672 44 11
a 643 642 44 8
a 643 673 51 35
a 643 674 5 93
a 643 644 95 73
a 644 673 25 31
a 644 643 61 4
a 644 674 30 92
a 644 675 11 100
a 644 645 94 32
a 645 674 26 8
a 645 644 94 92
a 645 675 90 15
a 645 676 9 10
a 645 646 94 76
a 646 675 66 5
a 646 645 74 8
a 646 676 95 20
a 646 677 93 90
a 646 647 88 27
a 647 676 17 23
a 647 646 66 49
a 647 677 51 96
a 647 678 36 62
a 647 648 77 54
a 648 677 53 69
a 648 647 98 5
a 648 678 86 63
a 648 679 68 65
a 648 649 55 72
a 649 678 13 89
a 649 648 65 94
a 649 679 72 85
a 649 680 74 48
a 649 650 24 99
a 650 679 53 43
a 650 649 7 82
a 650 680 73 93
a 650 681 17 85
a 650 651 21 51
a 651 680 12 79
a 651 650 74 69
a 651 681 68 7
a 651 682 45 6
a 651 652 52 86
a 652 681 89 98
a 652 651 16 25
a 652 682 36 5
a 652 683 58 34
a 652 653 30 36
a 653 682 75 67
a 653 652 87 35
a 653 683 39 15
a 653 684 19 34
a 653 654 41 28
a 654 683 4 73
a 654 653 38 94
a 654 684 55 40
a 654 685 57 58
a 654 655 39 47
a 655 684 20 3
a 655 654 83 75
a 655 685 61 58
a 655 686 76 50
a 655 656 48 80
a 656 685 96 57
a 656 655 78 18
a 656 686 54 81
a 656 687 11 80
a 656 657 26 4
a 657 686 78 72
a 657 656 14 74
a 657 687 81 67
a 657 688 50 48
a 657 658 72 30
a 658 687 93 68
a 658 657 62 10
a 658 688 57 59
a 658 689 75 72
a 658 659 97 81
a 659 688 37 17
a 659 658 54 27
a 659 689 90 39
a 659 690 91 86
a 659 660 44 83
a 660 689 27 23
a 660 659 96 47
a 660 690 58 71
a 661 691 65 74
a 661 692 69 35
a 661 662 49 42
a 662 691 98 82
a 662 661 22 9
a 662 692 19 95
a 662 693 79 41
a 662 663 26 57
a 663 692 94 23
a 663 662 6 5
a 663 693 10 43
a 663 694 50 87
a 663 664 90 43
a 664 693 43 24
a 664 663 68 9
a 664 694 17 40
a 664 695 52 47
a 664 665 26 81
a 665 694 17 90
a 665 664 55 38
a 665 695 46 19
a 665 696 44 98
a 665 666 7 11
a 666 695 87 8
a 666 665 63 5
a 666 696 35 51
a 666 697 30 22
a 666 667 62 78
a 667 696 20 72
a 667 666 20 39
a 667 697 49 60
a 667 698 10 33
a 667 668 16 15
a 668 697 31 89
a 668 667 38 40
a 668 698 32 50
a 668 699 52 32
a 668 669 66 1
a 669 698 6 23
a 669 668 61 76
a 669 699 76 43
a 669 700 56 73
a 669 670 98 91
a 670 699 72 88
a 670 669 71 30
a 670 700 84 71
a 670 701 79 54
a 670 671 62 18
a 671 700 50 52
a 671 670 87 71
a 671 701 38 38
a 671 702 84 11
a 671 672 9 17
a 672 701 12 19
a 672 671 24 92
a 672 702 20 39
a 672 703 88 9
a 672 673 87 76
a 673 702 39 51
a 673 672 11 85
a 673 703 75 30
a 673 704 57 56
a 673 674 98 60
a 674 703 60 27
a 674 673 94 16
a 674 704 65 56
a 674 705 45 69
a 674 675 83 13
a 675 704 29 28
a 675 674 6 40
a 675 705 29 3
a 675 706 55 55
a 675 676 16 60
a 676 705 14 16
a 676 675 48 29
a 676 706 100 89
a 676 707 88 14
a 676 677 93 83
a 677 706 31 45
a 677 676 9 36
a 677 707 76 78
a 677 708 43 43
a 677 678 73 96
a 678 707 31 24
a 678 677 40 27
a 678 708 37 61
a 678 709 14 32
a 678 679 14 25
a 679 708 48 78
a 679 678 83 32
a 679 709 49 43
a 679 710 11 36
a 679 680 58 56
a 680 709 74 15
a 680 679 61 50
a 680 710 16 5
a 680 711 51 10
a 680 681 24 29
a 681 710 84 92
a 681 680 13 95
a 681 711 97 89
a 681 712 83 69
a 681 682 34 78
a 682 711 50 85
a 682 681 48 49
a 682 712 29 44
a 682 713 23 87
a 682 683 19 25
a 683 712 92 55
a 683 682 18 16
a 683 713 4 23
a 683 714 82 49
a 683 684 44 57
a 684 713 67 80
a 684 683 58 49
a 684 714 87 56
a 684 715 74 26
a 684 685 29 1
a 685 714 86 22
a 685 684 55 79
a 685 715 4 56
a 685 716 80 49
a 685 686 41 37
a 686 715 4 74
a 686 685 71 71
a 686 716 4 31
a 686 717 72 11
a 686 687 70 18
a 687 716 83 17
a 687 686 42 95
a 687 717 25 42
a 687 718 73 18
a 687 688 85 2
a 688 717 91 68
a 688 687 60 92
a 688 718 20 79
a 688 719 7 15
a 688 689 59 98
a 689 718 71 58
a 689 688 27 21
a 689 719 91 48
a 689 720 19 75
a 689 690 6 11
a 690 719 37 50
a 690 689 96 4
a 690 720 8 80
a 691 721 91 56
a 691 722 34 16
a 691 692 35 17
a 692 721 45 99
a 692 691 90 7
a 692 722 94 17
a 692 723 66 58
a 692 693 56 43
a 693 722 5 86
a 693 692 35 68
a 693 723 68 82
a 693 724 1 65
a 693 694 65 66
a 694 723 35 42
a 694 693 94 20
a 694 724 53 35
a 694 725 19 67
a 694 695 71 71
a 695 724 7 67
a 695 694 87 93
a 695 725 28 88
a 695 726 80 17
a 695 696 65 77
a 696 725 78 61
a 696 695 92 93
a 696 726 29 57
a 696 727 81 26
a 696 697 65 24
a 697 726 6 26
a 697 696 19 2
a 697 727 19 11
a 697 728 65 12
a 697 698 65 58
a 698 727 95 28
a 698 697 79 89
a 698 728 90 42
a 698 729 100 74
a 698 699 75 90
a 699 728 56 73
a 699 698 57 39
a 699 729 35 66
a 699 730 33 45
a 699 700 48 30
a 700 729 79 17
a 700 699 35 57
a 700 730 97 54
a 700 731 77 88
a 700 701 16 60
a 701 730 22 66
a 701 700 31 21
a 701 731 17 73
a 701 732 48 23
a 701 702 68 31
a 702 731 18 38
a 702 701 90 16
a 702 732 13 58
a 702 733 70 25
a 702 703 78 8
a 703 732 15 84
a 703 702 14 10
a 703 733 62 67
a 703 734 15 26
a 703 704 81 67
a 704 733 18 7
a 704 703 5 19
a 704 734 18 67
a 704 735 6 65
a 704 705 46 59
a 705 734 95 49
a 705 704 30 7
a 705 735 93 12
a 705 736 66 61
a 705 706 2 100
a 706 735 57 79
a 706 705 71 35
a 706 736 8 74
a 706 737 3 81
a 706 707 86 94
a 707 736 42 85
a 707 706 55 23
a 707 737 2 12
a 707 738 29 38
a 707 708 65 88
a 708 737 9 30
a 708 707 25 36
a 708 738 91 10
a 708 739 59 92
a 708 709 76 88
a 709 738 37 37
a 709 708 77 87
a 709 739 15 7
a 709 740 36 42
a 709 710 28 63
a 710 739 24 66
a 710 709 14 84
a 710 740 75 83
a 710 741 69 14
a 710 711 56 90
a 711 740 32 87
a 711 710 59 81
a 711 741 23 13
a 711 742 72 40
a 711 712 1 80
a 712 741 23 92
a 712 711 74 89
a 712 742 26 39
a 712 743 25 5
a 712 713 94 77
a 713 742 7 61
a 713 712 97 14
a 713 743 79 66
a 713 744 14 88
a 713 714 35 20
a 714 743 78 3
a 714 713 37 64
a 714 744 45 7
a 714 745 68 24
a 714 715 29 59
a 715 744 38 8
a 715 714 47 9
a 715 745 66 15
a 715 746 58 62
a 715 716 51 11
a 716 745 18 32
a 716 715 59 42
a 716 746 48 89
a 716 747 90 30
a 716 717 32 4
a 717 746 59 36
a 717 716 59 52
a 717 747 13 84
a 717 748 36 49
a 717 718 60 81
a 718 747 3 24
a 718 717 8 1
a 718 748 60 85
a 718 749 31 12
a 718 719 30 60
a 719 748 74 19
a 719 718 88 37
a 719 749 32 43
a 719 750 86 5
a 719 720 15 56
a 720 749 25 11
a 720 719 85 92
a 720 750 88 3
a 721 751 80 52
a 721 752 94 58
a 721 722 48 63
a 722 751 6 95
a 722 721 25 57
a 722 752 6 34
a 722 753 56 28
a 722 723 57 12
a 723 752 89 7
a 723 722 64 7
a 723 753 99 28
a 723 754 82 36
a 723 724 77 40
a 724 753 1 47
a 724 723 10 60
a 724 754 45 90
a 724 755 6 83
a 724 725 49 31
a 725 754 42 87
a 725 724 93 76
a 725 755 26 10
a 725 756 65 8
a 725 726 37 30
a 726 755 72 28
a 726 725 50 9
a 726 756 82 87
a 726 757 35 88
a 726 727 61 88
a 727 756 94 26
a 727 726 32 43
a 727 757 37 1
a 727 758 77 55
a 727 728 18 81
a 728 757 3 3
a 728 727 4 100
a 728 758 60 31
a 728 759 6 59
a 728 729 49 98
a 729 758 14 72
a 729 728 58 78
a 729 759 43 16
a 729 760 22 76
a 729 730 56 64
a 730 759 74 39
a 730 729 24 75
a 730 760 30 28
a 730 761 62 35
a 730 731 64 80
a 731 760 69 14
a 731 730 18 10
a 731 761 2 84
a 731 762 68 39
a 731 732 83 64
a 732 761 75 64
a 732 731 92 63
a 732 762 25 43
a 732 763 17 68
a 732 733 16 23
a 733 762 90 59
a 733 732 14 2
a 733 763 8 45
a 733 764 31 84
a 733 734 81 22
a 734 763 99 82
a 734 733 63 98
a 734 764 72 37
a 734 765 46 36
a 734 735 53 82
a 735 764 63 37
a 735 734 57 23
a 735 765 58 74
a 735 766 9 4
a 735 736 48 50
a 736 765 56 63
a 736 735 10 74
a 736 766 45 53
a 736 767 10 50
a 736 737 68 35
a 737 766 79 13
a 737 736 42 98
a 737 767 36 30
a 737 768 47 39
a 737 738 78 11
a 738 767 58 14
a 738 737 79 54
a 738 768 12 70
a 738 769 84 67
a 738 739 83 67
a 739 768 100 52
a 739 738 34 68
a 739 769 51 29
a 739 770 34 76
a 739 740 61 33
a 740 769 83 56
a 740 739 91 93
a 740 770 96 18
a 740 771 40 72
a 740 741 42 77
a 741 770 21 31
a 741 740 60 53
a 741 771 75 20
a 741 772 20 66
a 741 742 27 94
a 742 771 26 41
a 742 741 36 56
a 742 772 14 99
a 742 773 78 3
a 742 743 21 95
a 743 772 50 22
a 743 742 57 39
a 743 773 1 13
a 743 774 18 87
a 743 744 46 94
a 744 773 64 86
a 744 743 32 69
a 744 774 6 25
a 744 775 31 42
a 744 745 26 58
a 745 774 58 85
a 745 744 51 38
a 745 775 14 65
a 745 776 13 51
a 745 746 61 86
a 746 775 99 46
a 746 745 69 37
a 746 776 63 80
a 746 777 22 59
a 746 747 87 92
a 747 776 31 63
a 747 746 47 34
a 747 777 30 48
a 747 778 49 19
a 747 748 74 7
a 748 777 36 10
a 748 747 1 26
a 748 778 94 73
a 748 779 32 23
a 748 749 53 29
a 749 778 30 63
a 749 748 44 100
a 749 779 10 43
a 749 780 19 57
a 749 750 81 92
a 750 779 12 7
a 750 749 99 27
a 750 780 38 22
a 751 781 67 5
a 751 782 96 87
a 751 752 13 37
a 752 781 32 15
a 752 751 41 57
a 752 782 74 92
a 752 783 66 34
a 752 753 7 44
a 753 782 92 81
a 753 752 39 35
a 753 783 1 6
a 753 784 50 83
a 753 754 14 63
a 754 783 96 27
a 754 753 78 38
a 754 784 85 77
a 754 785 19 80
a 754 755 56 29
a 755 784 40 83
a 755 754 68 76
a 755 785 40 60
a 755 786 96 54
a 755 756 58 50
a 756 785 91 40
a 756 755 36 98
a 756 786 52 89
a 756 787 1 28
a 756 757 81 72
a 757 786 65 66
a 757 756 44 23
a 757 787 55 16
a 757 788 56 40
a 757 758 79 17
a 758 787 88 41
a 758 757 83 78
a 758 788 77 17
a 758 789 84 36
a 758 759 39 74
a 759 788 78 28
a 759 758 38 10
a 759 789 84 55
a 759 790 36 20
a 759 760 99 48
a 760 789 22 47
a 760 759 75 70
a 760 790 28 89
a 760 791 91 34
a 760 761 46 94
a 761 790 73 35
a 761 760 73 23
a 761 791 82 12
a 761 792 12 55
a 761 762 33 8
a 762 791 75 98
a 762 761 7 34
a 762 792 14 77
a 762 793 58 95
a 762 763 31 98
a 763 792 7 74
a 763 762 71 81
a 763 793 99 10
a 763 794 26 79
a 763 764 10 87
a 764 793 97 71
a 764 763 8 66
a 764 794 66 95
a 764 795 28 67
a 764 765 23 98
a 765 794 33 82
a 765 764 90 12
a 765 795 93 2
a 765 796 25 18
a 765 766 10 95
a 766 795 12 68
a 766 765 49 74
a 766 796 90 33
a 766 797 45 83
a 766 767 5 59
a 767 796 36 87
a 767 766 56 76
a 767 797 25 72
a 767 798 68 9
a 767 768 98 86
a 768 797 76 33
a 768 767 62 7
a 768 798 61 45
a 768 799 16 55
a 768 769 49 52
a 769 798 26 35
a 769 768 28 70
a 769 799 8 52
a 769 800 37 47
a 769 770 93 65
a 770 799 47 11
a 770 769 85 86
a 770 800 47 28
a 770 801 2 55
a 770 771 3 84
a 771 800 32 28
a 771 770 25 52
a 771 801 75 91
a 771 802 6 62
a 771 772 79 37
a 772 801 91 71
a 772 771 28 6
a 772 802 18 84
a 772 803 78 33
a 772 773 86 68
a 773 802 60 31
a 773 772 76 20
a 773 803 20 64
a 773 804 30 56
a 773 774 30 67
a 774 803 38 42
a 774 773 90 76
a 774 804 72 95
a 774 805 21 49
a 774 775 41 29
a 775 804 64 32
a 775 774 88 92
a 775 805 51 81
a 775 806 51 6
a 775 776 97 67
a 776 805 59 8
a 776 775 53 50
a 776 806 93 90
a 776 807 62 29
a 776 777 41 35
a 777 806 41 14
a 777 776 81 93
a 777 807 47 87
a 777 808 36 23
a 777 778 30 22
a 778 807 38 3
a 778 777 17 65
a 778 808 78 42
a 778 809 84 88
a 778 779 78 24
a 779 808 46 80
a 779 778 27 85
a 779 809 49 22
a 779 810 86 81
a 779 780 95 89
a 780 809 40 61
a 780 779 47 82
a 780 810 50 86
a 781 811 40 70
a 781 812 32 44
a 781 782 56 74
a 782 811 11 11
a 782 781 78 2
a 782 812 95 14
a 782 813 13 42
a 782 783 88 38
a 783 812 48 11
a 783 782 37 6
a 783 813 58 99
a 783 814 70 25
a 783 784 99 65
a 784 813 55 15
a 784 783 41 47
a 784 814 34 29
a 784 815 77 22
a 784 785 66 45
a 785 814 95 8
a 785 784 3 67
a 785 815 69 33
a 785 816 70 71
a 785 786 40 24
a 786 815 64 64
a 786 785 17 40
a 786 816 59 84
a 786 817 10 100
a 786 787 46 13
a 787 816 69 28
a 787 786 42 80
a 787 817 98 87
a 787 818 75 79
a 787 788 58 1
a 788 817 17 62
a 788 787 61 17
a 788 818 32 82
a 788 819 100 97
a 788 789 50 53
a 789 818 72 90
a 789 788 15 5
a 789 819 87 91
a 789 820 92 81
a 789 790 24 49
a 790 819 81 19
a 790 789 55 46
a 790 820 29 33
a 790 821 99 60
a 790 791 89 86
a 791 820 23 41
a 791 790 9 100
a 791 821 40 44
a 791 822 54 56
a 791 792 53 50
a 792 821 29 85
a 792 791 90 43
a 792 822 17 42
a 792 823 27 97
a 792 793 64 4
a 793 822 89 72
a 793 792 28 38
a 793 823 43 95
a 793 824 77 45
a 793 794 6 18
a 794 823 55 98
a 794 793 35 97
a 794 824 1 6
a 794 825 91 78
a 794 795 46 12
a 795 824 69 28
a 795 794 37 7
a 795 825 25 8
a 795 826 85 44
a 795 796 25 80
a 796 825 18 18
a 796 795 12 51
a 796 826 86 1
a 796 827 66 55
a 796 797 24 56
a 797 826 5 71
a 797 796 38 29
a 797 827 3 9
a 797 828 31 80
a 797 798 87 27
a 798 827 63 27
a 798 797 75 27
a 798 828 60 21
a 798 829 25 73
a 798 799 91 49
a 799 828 36 74
a 799 798 68 6
a 799 829 37 46
a 799 830 76 34
a 799 800 91 70
a 800 829 59 63
a 800 799 40 29
a 800 830 57 10
a 800 831 51 90
a 800 801 70 51
a 801 830 38 99
a 801 800 14 34
a 801 831 14 56
a 801 832 9 93
a 801 802 26 73
a 802 831 76 2
a 802 801 89 2
a 802 832 9 13
a 802 833 56 83
a 802 803 49 7
a 803 832 48 13
a 803 802 22 78
a 803 833 29 56
a 803 834 53 33
a 803 804 15 86
a 804 833 74 26
a 804 803 78 25
a 804 834 91 67
a 804 835 89 5
a 804 805 8 59
a 805 834 13 33
a 805 804 52 47
a 805 835 13 72
a 805 836 25 70
a 805 806 94 84
a 806 835 10 53
a 806 805 23 31
a 806 836 14 35
a 806 837 30 6
a 806 807 65 65
a 807 836 22 43
a 807 806 67 58
a 807 837 14 50
a 807 838 57 63
a 807 808 5 8
a 808 837 97 74
a 808 807 81 25
a 808 838 98 92
a 808 839 5 12
a 808 809 92 5
a 809 838 57 85
a 809 808 22 28
a 809 839 1 32
a 809 840 61 52
a 809 810 10 52
a 810 839 74 4
a 810 809 78 36
a 810 840 5 10
a 811 841 83 93
a 811 842 53 30
a 811 812 94 8
a 812 841 99 82
a 812 811 46 20
a 812 842 46 85
a 812 843 16 3
a 812 813 62 47
a 813 842 92 100
a 813 812 18 12
a 813 843 85 32
a 813 844 88 61
a 813 814 33 9
a 814 843 19 64
a 814 813 21 36
a 814 844 72 46
a 814 845 100 87
a 814 815 62 12
a 815 844 84 1
a 815 814 8 28
a 815 845 49 43
a 815 846 14 78
a 815 816 45 59
a 816 845 23 7
a 816 815 32 98
a 816 846 69 33
a 816 847 37 91
a 816 817 20 93
a 817 846 8 63
a 817 816 13 82
a 817 847 80 38
a 817 848 60 99
a 817 818 37 100
a 818 847 81 93
a 818 817 22 11
a 818 848 71 83
a 818 849 52 57
a 818 819 71 95
a 819 848 47 54
a 819 818 19 42
a 819 849 59 50
a 819 850 36 23
a 819 820 11 69
a 820 849 59 64
a 820 819 30 63
a 820 850 20 34
a 820 851 50 67
a 820 821 81 21
a 821 850 58 63
a 821 820 5 85
a 821 851 33 39
a 821 852 56 3
a 821 822 49 71
a 822 851 20 71
a 822 821 23 87
a 822 852 98 15
a 822 853 72 26
a 822 823 27 85
a 823 852 8 67
a 823 822 7 31
a 823 853 15 97
a 823 854 19 44
a 823 824 85 28
a 824 853 15 22
a 824 823 24 41
a 824 854 38 19
a 824 855 69 55
a 824 825 27 37
a 825 854 4 25
a 825 824 26 72
a 825 855 21 10
a 825 856 76 82
a 825 826 39 63
a 826 855 9 57
a 826 825 84 39
a 826 856 26 53
a 826 857 52 64
a 826 827 98 20
a 827 856 47 50
a 827 826 90 84
a 827 857 58 10
a 827 858 82 5
a 827 828 22 25
a 828 857 80 73
a 828 827 43 71
a 828 858 48 76
a 828 859 80 79
a 828 829 25 20
a 829 858 29 45
a 829 828 54 30
a 829 859 55 35
a 829 860 77 39
a 829 830 95 41
a 830 859 34 26
a 830 829 65 31
a 830 860 94 47
a 830 861 44 82
a 830 831 23 85
a 831 860 99 92
a 831 830 95 1
a 831 861 4 72
a 831 862 3 65
a 831 832 81 30
a 832 861 77 80
a 832 831 24 87
a 832 862 55 11
a 832 863 16 22
a 832 833 85 48
a 833 862 10 95
a 833 832 43 82
a 833 863 19 61
a 833 864 19 46
a 833 834 10 24
a 834 863 1 45
a 834 833 70 76
a 834 864 56 96
a 834 865 14 85
a 834 835 22 61
a 835 864 53 24
a 835 834 57 39
a 835 865 3 42
a 835 866 12 49
a 835 836 16 76
a 836 865 65 64
a 836 835 69 75
a 836 866 56 4
a 836 867 20 23
a 836 837 86 69
a 837 866 13 84
a 837 836 9 31
a 837 867 97 85
a 837 868 23 7
a 837 838 34 73
a 838 867 11 61
a 838 837 1 55
a 838 868 71 76
a 838 869 7 57
a 838 839 44 41
a 839 868 43 69
a 839 838 56 72
a 839 869 10 69
a 839 870 98 59
a 839 840 77 2
a 840 869 61 85
a 840 839 64 68
a 840 870 90 84
a 841 871 5 99
a 841 872 92 60
a 841 842 79 6
a 842 871 78 45
a 842 841 80 45
a 842 872 36 95
a 842 873 38 6
a 842 843 40 65
a 843 872 1 54
a 843 842 52 27
a 843 873 15 77
a 843 874 64 37
a 843 844 94 92
a 844 873 5 81
a 844 843 24 46
a 844 874 9 44
a 844 875 1 67
a 844 845 39 18
a 845 874 57 73
a 845 844 96 9
a 845 875 73 49
a 845 876 64 17
a 845 846 79 18
a 846 875 43 46
a 846 845 14 61
a 846 876 75 61
a 846 877 35 14
a 846 847 63 4
a 847 876 7 14
a 847 846 82 50
a 847 877 23 42
a 847 878 70 7
a 847 848 47 52
a 848 877 5 22
a 848 847 88 9
a 848 878 48 25
a 848 879 55 87
a 848 849 16 29
a 849 878 94 32
a 849 848 14 28
a 849 879 69 40
a 849 880 75 83
a 849 850 39 5
a 850 879 98 85
a 850 849 72 17
a 850 880 93 27
a 850 881 95 90
a 850 851 7 49
a 851 880 45 69
a 851 850 28 71
a 851 881 85 8
a 851 882 35 41
a 851 852 79 87
a 852 881 38 44
a 852 851 11 6
a 852 882 12 43
a 852 883 27 14
a 852 853 51 69
a 853 882 46 85
a 853 852 18 57
a 853 883 68 36
a 853 884 100 56
a 853 854 15 60
a 854 883 83 26
a 854 853 8 24
a 854 884 1 14
a 854 885 63 59
a 854 855 5 44
a 855 884 93 18
a 855 854 11 17
a 855 885 71 89
a 855 886 50 42
a 855 856 84 71
a 856 885 95 94
a 856 855 52 79
a 856 886 70 70
a 856 887 9 23
a 856 857 64 86
a 857 886 20 72
a 857 856 44 10
a 857 887 40 61
a 857 888 80 98
a 857 858 14 33
a 858 887 89 100
a 858 857 16 74
a 858 888 24 81
a 858 889 29 4
a 858 859 27 63
a 859 888 36 71
a 859 858 30 10
a 859 889 89 83
a 859 890 47 13
a 859 860 29 22
a 860 889 98 36
a 860 859 81 80
a 860 890 91 20
a 860 891 88 82
a 860 861 74 63
a 861 890 74 63
a 861 860 75 51
a 861 891 66 45
a 861 892 7 30
a 861 862 50 1
a 862 891 80 69
a 862 861 14 51
a 862 892 2 57
a 862 893 62 36
a 862 863 8 6
a 863 892 64 17
a 863 862 16 23
a 863 893 2 62
a 863 894 63 94
a 863 864 58 92
a 864 893 81 42
a 864 863 20 61
a 864 894 69 47
a 864 895 85 98
a 864 865 2 39
a 865 894 64 5
a 865 864 60 3
a 865 895 59 29
a 865 896 26 32
a 865 866 21 83
a 866 895 86 73
a 866 865 16 33
a 866 896 96 78
a 866 897 23 70
a 866 867 24 82
a 867 896 4 84
a 867 866 58 22
a 867 897 99 46
a 867 898 4 82
a 867 868 54 89
a 868 897 87 45
a 868 867 37 47
a 868 898 84 43
a 868 899 11 23
a 868 869 18 19
a 869 898 77 92
a 869 868 8 1
a 869 899 3 28
a 869 900 4 29
a 869 870 4 17
a 870 899 28 6
a 870 869 91 13
a 870 900 82 4
