p sp 902 4236
n 0 s
n 901 t
a 0 1 86 89
a 0 2 48 14
a 0 3 55 5
a 0 4 35 7
a 0 5 79 49
a 0 6 70 74
a 0 7 18 64
a 0 8 63 35
a 0 9 93 63
a 0 10 97 90
a 0 11 77 33
a 0 12 11 100
a 0 13 75 60
a 0 14 99 54
a 0 15 38 3
a 0 16 6 55
a 0 17 1 7
a 0 18 64 56
a 0 19 90 21
a 0 20 76 35
a 0 21 16 61
a 0 22 78 38
a 0 23 78 93
a 0 24 21 89
a 0 25 1 58
a 0 26 53 34
a 0 27 77 56
a 0 28 37 46
a 0 29 59 30
a 0 30 5 85
a 871 901 1 52
a 872 901 87 84
a 873 901 99 97
a 874 901 9 15
a 875 901 66 29
a 876 901 60 17
a 877 901 16 59
a 878 901 23 88
a 879 901 93 32
a 880 901 2 98
a 881 901 89 63
a 882 901 42 9
a 883 901 86 70
a 884 901 80 96
a 885 901 60 11
a 886 901 18 27
a 887 901 75 21
a 888 901 54 26
a 889 901 2 2
a 890 901 37 51
a 891 901 75 33
a 892 901 95 76
a 893 901 95 25
a 894 901 9 44
a 895 901 4 48
a 896 901 68 81
a 897 901 52 34
a 898 901 58 67
a 899 901 78 46
a 900 901 51 70
a 1 31 9 4
a 1 32 91 77
a 2 31 17 97
a 2 32 22 100
a 2 33 35 20
a 3 32 29 72
a 3 33 51 6
a 3 34 96 57
a 4 33 65 92
a 4 34 17 37
a 4 35 89 29
a 5 34 12 63
a 5 35 64 91
a 5 36 80 96
a 6 35 93 64
a 6 36 95 43
a 6 37 24 98
a 7 36 2 76
a 7 37 58 65
a 7 38 8 58
a 8 37 50 57
a 8 38 58 50
a 8 39 84 47
a 9 38 92 47
a 9 39 89 36
a 9 40 78 9
a 10 39 43 36
a 10 40 97 71
a 10 41 71 30
a 11 40 96 9
a 11 41 41 41
a 11 42 36 7
a 12 41 99 88
a 12 42 29 10
a 12 43 3 100
a 13 42 92 61
a 13 43 39 34
a 13 44 6 33
a 14 43 82 16
a 14 44 10 67
a 14 45 97 8
a 15 44 84 39
a 15 45 3 68
a 15 46 33 18
a 16 45 19 46
a 16 46 95 92
a 16 47 37 80
a 17 46 69 99
a 17 47 84 64
a 17 48 75 1
a 18 47 55 90
a 18 48 70 73
a 18 49 41 59
a 19 48 51 77
a 19 49 32 69
a 19 50 67 76
a 20 49 51 21
a 20 50 47 20
a 20 51 40 9
a 21 50 25 87
a 21 51 42 40
a 21 52 79 70
a 22 51 98 49
a 22 52 59 63
a 22 53 77 48
a 23 52 40 12
a 23 53 10 99
a 23 54 49 85
a 24 53 62 3
a 24 54 100 26
a 24 55 66 35
a 25 54 67 71
a 25 55 52 16
a 25 56 99 18
a 26 55 87 100
a 26 56 4 43
a 26 57 21 52
a 27 56 54 11
a 27 57 6 4
a 27 58 93 30
a 28 57 7 54
a 28 58 69 22
a 28 59 9 4
a 29 58 86 30
a 29 59 37 59
a 29 60 42 9
a 30 59 65 29
a 30 60 37 72
a 31 61 77 90
a 31 62 64 82
a 31 32 95 11
a 32 61 96 5
a 32 31 68 6
a 32 62 22 71
a 32 63 45 14
a 32 33 96 25
a 33 62 30 34
a 33 32 64 9
a 33 63 7 67
a 33 64 24 7
a 33 34 17 79
a 34 63 99 32
a 34 33 64 4
a 34 64 70 90
a 34 65 60 50
a 34 35 3 28
a 35 64 64 20
a 35 34 10 90
a 35 65 67 53
a 35 66 21 95
a 35 36 6 78
a 36 65 24 99
a 36 35 11 50
a 36 66 87 15
a 36 67 69 63
a 36 37 4 68
a 37 66 64 71
a 37 36 100 100
a 37 67 56 98
a 37 68 10 85
a 37 38 66 74
a 38 67 58 12
a 38 37 63 83
a 38 68 69 26
a 38 69 6 70
a 38 39 70 1
a 39 68 57 76
a 39 38 33 73
a 39 69 16 28
a 39 70 88 82
a 39 40 22 57
a 40 69 54 95
a 40 39 80 7
a 40 70 50 69
a 40 71 48 29
a 40 41 48 14
a 41 70 35 8
a 41 40 75 70
a 41 71 11 90
a 41 72 55 24
a 41 42 5 37
a 42 71 34 74
a 42 41 30 41
a 42 72 62 74
a 42 73 9 5
a 42 43 9 25
a 43 72 78 51
a 43 42 26 41
a 43 73 74 90
a 43 74 12 84
a 43 44 52 60
a 44 73 5 49
a 44 43 94 62
a 44 74 41 55
a 44 75 57 95
a 44 45 13 24
a 45 74 79 50
a 45 44 15 95
a 45 75 46 56
a 45 76 76 79
a 45 46 44 85
a 46 75 9 64
a 46 45 74 88
a 46 76 19 29
a 46 77 10 98
a 46 47 54 47
a 47 76 37 76
a 47 46 21 1
a 47 77 25 48
a 47 78 68 45
a 47 48 32 13
a 48 77 42 15
a 48 47 18 1
a 48 78 23 6
a 48 79 25 37
a 48 49 10 91
a 49 78 96 52
a 49 48 81 18
a 49 79 77 12
a 49 80 70 41
a 49 50 84 69
a 50 79 44 72
a 50 49 26 95
a 50 80 95 66
a 50 81 51 64
a 50 51 29 29
a 51 80 72 85
a 51 50 19 5
a 51 81 84 73
a 51 82 48 56
a 51 52 90 88
a 52 81 45 39
a 52 51 76 93
a 52 82 27 73
a 52 83 8 92
a 52 53 42 81
a 53 82 88 19
a 53 52 66 25
a 53 83 35 7
a 53 84 68 17
a 53 54 31 60
a 54 83 10 39
a 54 53 78 82
a 54 84 60 21
a 54 85 27 91
a 54 55 20 50
a 55 84 85 94
a 55 54 77 90
a 55 85 10 66
a 55 86 40 84
a 55 56 26 51
a 56 85 64 34
a 56 55 46 10
a 56 86 33 84
a 56 87 17 32
a 56 57 60 70
a 57 86 31 22
a 57 56 29 100
a 57 87 57 4
a 57 88 28 76
a 57 58 29 63
a 58 87 38 70
a 58 57 67 78
a 58 88 10 53
a 58 89 96 45
a 58 59 77 47
a 59 88 91 9
a 59 58 52 19
a 59 89 54 88
a 59 90 19 47
a 59 60 96 84
a 60 89 10 52
a 60 59 85 75
a 60 90 68 50
a 61 91 42 31
a 61 92 37 49
a 61 62 51 17
a 62 91 58 34
a 62 61 31 44
a 62 92 7 44
a 62 93 92 42
a 62 63 89 58
a 63 92 76 86
a 63 62 85 25
a 63 93 72 26
a 63 94 38 64
a 63 64 55 61
a 64 93 3 92
a 64 63 94 46
a 64 94 25 79
a 64 95 24 27
a 64 65 56 81
a 65 94 73 5
a 65 64 77 53
a 65 95 17 9
a 65 96 48 26
a 65 66 72 71
a 66 95 60 89
a 66 65 20 59
a 66 96 64 68
a 66 97 23 40
a 66 67 49 13
a 67 96 74 90
a 67 66 10 53
a 67 97 82 66
a 67 98 71 61
a 67 68 95 69
a 68 97 68 51
a 68 67 27 94
a 68 98 49 18
a 68 99 82 87
a 68 69 15 75
a 69 98 77 34
a 69 68 90 88
a 69 99 16 31
a 69 100 21 27
a 69 70 65 2
a 70 99 48 40
a 70 69 9 4
a 70 100 25 48
a 70 101 46 58
a 70 71 39 26
a 71 100 40 44
a 71 70 47 48
a 71 101 77 61
a 71 102 24 71
a 71 72 54 80
a 72 101 14 72
a 72 71 7 40
a 72 102 39 27
a 72 103 47 66
a 72 73 15 78
a 73 102 96 39
a 73 72 87 47
a 73 103 25 10
a 73 104 81 100
a 73 74 48 39
a 74 103 51 24
a 74 73 74 41
a 74 104 77 31
a 74 105 95 86
a 74 75 57 66
a 75 104 71 76
a 75 74 86 13
a 75 105 30 61
a 75 106 12 94
a 75 76 69 21
a 76 105 79 30
a 76 75 85 69
a 76 106 51 12
a 76 107 14 100
a 76 77 13 26
a 77 106 4 93
a 77 76 97 77
a 77 107 54 78
a 77 108 36 93
a 77 78 77 56
a 78 107 28 33
a 78 77 31 85
a 78 108 14 45
a 78 109 30 13
a 78 79 55 93
a 79 108 67 50
a 79 78 9 71
a 79 109 100 74
a 79 110 70 94
a 79 80 35 62
a 80 109 7 17
a 80 79 92 51
a 80 110 39 19
a 80 111 27 89
a 80 81 74 1
a 81 110 6 93
a 81 80 5 39
a 81 111 34 9
a 81 112 39 28
a 81 82 62 20
a 82 111 6 100
a 82 81 20 64
a 82 112 32 60
a 82 113 53 58
a 82 83 30 45
a 83 112 24 8
a 83 82 4 50
a 83 113 15 71
a 83 114 15 20
a 83 84 85 50
a 84 113 19 96
a 84 83 60 71
a 84 114 48 84
a 84 115 51 71
a 84 85 5 20
a 85 114 60 65
a 85 84 92 59
a 85 115 57 40
a 85 116 93 34
a 85 86 32 3
a 86 115 50 52
a 86 85 30 23
a 86 116 72 33
a 86 117 40 83
a 86 87 32 62
a 87 116 81 51
a 87 86 53 65
a 87 117 17 91
a 87 118 21 3
a 87 88 42 96
a 88 117 47 74
a 88 87 83 13
a 88 118 73 86
a 88 119 37 4
a 88 89 56 68
a 89 118 77 47
a 89 88 6 73
a 89 119 64 22
a 89 120 86 97
a 89 90 97 76
a 90 119 38 47
a 90 89 99 82
a 90 120 38 33
a 91 121 55 49
a 91 122 41 62
a 91 92 100 99
a 92 121 50 84
a 92 91 82 24
a 92 122 13 78
a 92 123 92 19
a 92 93 24 83
a 93 122 64 64
a 93 92 30 67
a 93 123 90 30
a 93 124 63 54
a 93 94 28 73
a 94 123 14 38
a 94 93 17 82
a 94 124 54 60
a 94 125 32 60
a 94 95 23 92
a 95 124 80 72
a 95 94 78 34
a 95 125 98 89
a 95 126 17 73
a 95 96 7 33
a 96 125 86 62
a 96 95 97 27
a 96 126 50 66
a 96 127 69 29
a 96 97 34 73
a 97 126 23 4
a 97 96 2 3
a 97 127 85 27
a 97 128 30 73
a 97 98 89 70
a 98 127 23 25
a 98 97 71 75
a 98 128 38 16
a 98 129 84 62
a 98 99 59 52
a 99 128 74 26
a 99 98 10 34
a 99 129 64 99
a 99 130 55 18
a 99 100 88 13
a 100 129 76 54
a 100 99 48 23
a 100 130 96 85
a 100 131 55 82
a 100 101 98 100
a 101 130 70 97
a 101 100 85 81
a 101 131 96 85
a 101 132 91 96
a 101 102 42 49
a 102 131 29 59
a 102 101 7 87
a 102 132 87 30
a 102 133 80 83
a 102 103 55 71
a 103 132 56 14
a 103 102 93 72
a 103 133 48 11
a 103 134 46 70
a 103 104 10 62
a 104 133 38 31
a 104 103 55 26
a 104 134 73 32
a 104 135 43 37
a 104 105 5 85
a 105 134 9 59
a 105 104 10 3
a 105 135 48 31
a 105 136 10 91
a 105 106 26 86
a 106 135 64 37
a 106 105 76 94
a 106 136 88 27
a 106 137 15 100
a 106 107 70 93
a 107 136 6 47
a 107 106 33 47
a 107 137 28 12
a 107 138 99 86
a 107 108 57 35
a 108 137 7 81
a 108 107 93 56
a 108 138 82 38
a 108 139 1 39
a 108 109 94 84
a 109 138 91 89
a 109 108 25 88
a 109 139 88 47
a 109 140 95 17
a 109 110 9 94
a 110 139 51 30
a 110 109 12 30
a 110 140 84 50
a 110 141 93 25
a 110 111 16 91
a 111 140 17 55
a 111 110 38 100
a 111 141 62 19
a 111 142 53 9
a 111 112 69 97
a 112 141 1 2
a 112 111 25 92
a 112 142 62 36
a 112 143 89 84
a 112 113 43 99
a 113 142 54 28
a 113 112 18 81
a 113 143 43 70
a 113 144 75 88
a 113 114 86 35
a 114 143 74 59
a 114 113 68 94
a 114 144 69 75
a 114 145 80 13
a 114 115 76 45
a 115 144 80 55
a 115 114 93 65
a 115 145 61 6
a 115 146 23 49
a 115 116 71 1
a 116 145 3 91
a 116 115 86 51
a 116 146 77 38
a 116 147 31 3
a 116 117 1 72
a 117 146 26 35
a 117 116 11 14
a 117 147 13 47
a 117 148 78 9
a 117 118 90 58
a 118 147 21 4
a 118 117 51 40
a 118 148 46 11
a 118 149 15 29
a 118 119 49 95
a 119 148 72 7
a 119 118 41 5
a 119 149 76 55
a 119 150 30 57
a 119 120 9 65
a 120 149 87 27
a 120 119 75 17
a 120 150 6 8
a 121 151 12 62
a 121 152 91 43
a 121 122 74 62
a 122 151 58 64
a 122 121 49 73
a 122 152 89 63
a 122 153 83 7
a 122 123 82 66
a 123 152 34 21
a 123 122 58 64
a 123 153 66 48
a 123 154 23 46
a 123 124 33 13
a 124 153 32 96
a 124 123 71 24
a 124 154 51 1
a 124 155 98 64
a 124 125 32 1
a 125 154 19 53
a 125 124 34 35
a 125 155 43 13
a 125 156 46 35
a 125 126 1 33
a 126 155 8 54
a 126 125 45 27
a 126 156 53 73
a 126 157 98 22
a 126 127 54 17
a 127 156 77 93
a 127 126 49 32
a 127 157 24 10
a 127 158 15 73
a 127 128 90 16
a 128 157 50 46
a 128 127 28 78
a 128 158 100 39
a 128 159 88 36
a 128 129 73 100
a 129 158 9 47
a 129 128 78 31
a 129 159 72 14
a 129 160 7 40
a 129 130 38 60
a 130 159 50 6
a 130 129 64 92
a 130 160 50 30
a 130 161 100 73
a 130 131 32 8
a 131 160 97 62
a 131 130 17 83
a 131 161 98 43
a 131 162 63 38
a 131 132 16 94
a 132 161 29 57
a 132 131 75 44
a 132 162 16 37
a 132 163 63 44
a 132 133 44 79
a 133 162 88 55
a 133 132 44 97
a 133 163 79 11
a 133 164 59 3
a 133 134 48 14
a 134 163 36 23
a 134 133 34 38
a 134 164 53 11
a 134 165 34 82
a 134 135 48 10
a 135 164 56 80
a 135 134 99 14
a 135 165 18 10
a 135 166 14 85
a 135 136 35 91
a 136 165 63 9
a 136 135 29 43
a 136 166 2 26
a 136 167 92 60
a 136 137 63 59
a 137 166 24 80
a 137 136 73 8
a 137 167 1 21
a 137 168 89 66
a 137 138 70 3
a 138 167 56 30
a 138 137 3 92
a 138 168 62 17
a 138 169 56 7
a 138 139 56 65
a 139 168 59 91
a 139 138 1 64
a 139 169 13 11
a 139 170 17 33
a 139 140 86 26
a 140 169 27 1
a 140 139 64 17
a 140 170 33 48
a 140 171 23 42
a 140 141 10 78
a 141 170 87 28
a 141 140 56 49
a 141 171 77 13
a 141 172 39 75
a 141 142 87 67
a 142 171 75 58
a 142 141 92 42
a 142 172 14 72
a 142 173 76 69
a 142 143 62 42
a 143 172 42 53
a 143 142 62 37
a 143 173 88 67
a 143 174 11 43
a 143 144 51 49
a 144 173 55 60
a 144 143 89 39
a 144 174 67 41
a 144 175 19 8
a 144 145 94 74
a 145 174 52 28
a 145 144 2 4
a 145 175 17 10
a 145 176 85 98
a 145 146 66 47
a 146 175 28 41
a 146 145 75 66
a 146 176 1 80
a 146 177 16 19
a 146 147 16 82
a 147 176 70 31
a 147 146 70 55
a 147 177 76 89
a 147 178 69 73
a 147 148 37 15
a 148 177 31 98
a 148 147 36 37
a 148 178 84 100
a 148 179 14 47
a 148 149 55 26
a 149 178 31 10
a 149 148 51 95
a 149 179 66 88
a 149 180 72 30
a 149 150 67 53
a 150 179 98 47
a 150 149 67 70
a 150 180 40 36
a 151 181 15 18
a 151 182 50 48
a 151 152 78 17
a 152 181 25 43
a 152 151 33 57
a 152 182 7 12
a 152 183 100 79
a 152 153 84 31
a 153 182 75 82
a 153 152 19 50
a 153 183 70 59
a 153 184 91 6
a 153 154 55 49
a 154 183 75 79
a 154 153 66 37
a 154 184 20 86
a 154 185 64 10
a 154 155 98 100
a 155 184 22 94
a 155 154 52 19
a 155 185 72 65
a 155 186 78 50
a 155 156 42 16
a 156 185 23 45
a 156 155 61 54
a 156 186 44 79
a 156 187 99 3
a 156 157 49 20
a 157 186 86 78
a 157 156 69 31
a 157 187 64 45
a 157 188 24 98
a 157 158 6 36
a 158 187 73 76
a 158 157 25 15
a 158 188 18 13
a 158 189 1 65
a 158 159 14 96
a 159 188 96 57
a 159 158 37 37
a 159 189 63 52
a 159 190 51 63
a 159 160 90 81
a 160 189 58 49
a 160 159 42 57
a 160 190 22 61
a 160 191 41 60
a 160 161 45 19
a 161 190 12 69
a 161 160 4 40
a 161 191 100 67
a 161 192 5 99
a 161 162 12 68
a 162 191 93 43
a 162 161 11 90
a 162 192 10 3
a 162 193 35 70
a 162 163 14 8
a 163 192 50 12
a 163 162 60 33
a 163 193 57 2
a 163 194 21 83
a 163 164 3 45
a 164 193 22 23
a 164 163 83 41
a 164 194 49 52
a 164 195 43 58
a 164 165 6 9
a 165 194 100 39
a 165 164 13 44
a 165 195 71 32
a 165 196 21 78
a 165 166 87 37
a 166 195 87 63
a 166 165 68 60
a 166 196 77 31
a 166 197 56 21
a 166 167 6 7
a 167 196 28 36
a 167 166 64 62
a 167 197 72 64
a 167 198 58 80
a 167 168 93 24
a 168 197 4 16
a 168 167 51 43
a 168 198 60 54
a 168 199 87 54
a 168 169 11 35
a 169 198 89 32
a 169 168 65 69
a 169 199 39 10
a 169 200 78 68
a 169 170 11 69
a 170 199 46 71
a 170 169 32 1
a 170 200 55 97
a 170 201 13 62
a 170 171 50 88
a 171 200 50 94
a 171 170 28 3
a 171 201 67 9
a 171 202 32 8
a 171 172 35 48
a 172 201 43 29
a 172 171 18 97
a 172 202 100 96
a 172 203 71 97
a 172 173 46 7
a 173 202 18 52
a 173 172 79 30
a 173 203 62 53
a 173 204 50 80
a 173 174 51 94
a 174 203 57 40
a 174 173 14 11
a 174 204 38 99
a 174 205 10 20
a 174 175 24 76
a 175 204 59 2
a 175 174 71 69
a 175 205 42 78
a 175 206 40 70
a 175 176 13 61
a 176 205 58 45
a 176 175 5 68
a 176 206 83 71
a 176 207 6 35
a 176 177 55 90
a 177 206 30 5
a 177 176 72 52
a 177 207 86 79
a 177 208 57 28
a 177 178 98 51
a 178 207 73 8
a 178 177 80 81
a 178 208 53 74
a 178 209 45 28
a 178 179 22 1
a 179 208 36 90
a 179 178 14 65
a 179 209 32 73
a 179 210 25 48
a 179 180 5 80
a 180 209 91 59
a 180 179 70 67
a 180 210 49 96
a 181 211 34 99
a 181 212 42 93
a 181 182 73 13
a 182 211 9 46
a 182 181 62 84
a 182 212 61 25
a 182 213 35 47
a 182 183 44 79
a 183 212 57 69
a 183 182 69 12
a 183 213 95 69
a 183 214 93 96
a 183 184 70 2
a 184 213 53 12
a 184 183 3 24
a 184 214 90 96
a 184 215 85 25
a 184 185 5 83
a 185 214 93 35
a 185 184 18 93
a 185 215 12 75
a 185 216 56 93
a 185 186 96 15
a 186 215 36 74
a 186 185 79 97
a 186 216 32 41
a 186 217 21 10
a 186 187 15 86
a 187 216 74 19
a 187 186 99 89
a 187 217 5 63
a 187 218 69 48
a 187 188 79 88
a 188 217 73 13
a 188 187 19 85
a 188 218 10 92
a 188 219 90 51
a 188 189 38 15
a 189 218 76 63
a 189 188 21 28
a 189 219 31 42
a 189 220 7 21
a 189 190 8 66
a 190 219 23 96
a 190 189 87 42
a 190 220 73 69
a 190 221 83 22
a 190 191 72 72
a 191 220 33 5
a 191 190 39 59
a 191 221 35 70
a 191 222 99 61
a 191 192 13 10
a 192 221 63 39
a 192 191 62 8
a 192 222 99 24
a 192 223 4 17
a 192 193 49 60
a 193 222 2 47
a 193 192 9 13
a 193 223 44 12
a 193 224 81 53
a 193 194 67 67
a 194 223 10 76
a 194 193 78 74
a 194 224 63 43
a 194 225 33 80
a 194 195 92 35
a 195 224 96 11
a 195 194 54 72
a 195 225 100 6
a 195 226 2 45
a 195 196 58 4
a 196 225 27 53
a 196 195 37 37
a 196 226 98 73
a 196 227 47 91
a 196 197 33 88
a 197 226 87 55
a 197 196 28 56
a 197 227 66 10
a 197 228 4 74
a 197 198 9 65
a 198 227 25 58
a 198 197 59 11
a 198 228 16 2
a 198 229 88 69
a 198 199 58 97
a 199 228 21 82
a 199 198 81 52
a 199 229 99 74
a 199 230 29 19
a 199 200 48 58
a 200 229 85 87
a 200 199 21 45
a 200 230 20 32
a 200 231 90 5
a 200 201 15 7
a 201 230 6 66
a 201 200 91 14
a 201 231 23 64
a 201 232 40 22
a 201 202 35 12
a 202 231 12 27
a 202 201 95 8
a 202 232 46 26
a 202 233 49 16
a 202 203 30 37
a 203 232 31 6
a 203 202 67 97
a 203 233 31 15
a 203 234 92 41
a 203 204 9 87
a 204 233 12 31
a 204 203 22 2
a 204 234 28 67
a 204 235 99 81
a 204 205 63 12
a 205 234 78 9
a 205 204 86 75
a 205 235 5 76
a 205 236 87 75
a 205 206 35 84
a 206 235 89 94
a 206 205 13 48
a 206 236 89 83
a 206 237 2 71
a 206 207 86 69
a 207 236 16 85
a 207 206 90 49
a 207 237 27 31
a 207 238 6 9
a 207 208 32 74
a 208 237 89 39
a 208 207 51 74
a 208 238 30 32
a 208 239 81 93
a 208 209 7 38
a 209 238 97 22
a 209 208 74 10
a 209 239 90 65
a 209 240 51 84
a 209 210 86 46
a 210 239 44 13
a 210 209 46 26
a 210 240 42 15
a 211 241 79 19
a 211 242 7 23
a 211 212 45 91
a 212 241 30 71
a 212 211 3 55
a 212 242 99 16
a 212 243 18 83
a 212 213 68 23
a 213 242 75 94
a 213 212 93 57
a 213 243 68 68
a 213 244 19 85
a 213 214 91 67
a 214 243 85 10
a 214 213 16 7
a 214 244 15 77
a 214 245 56 67
a 214 215 65 95
a 215 244 18 33
a 215 214 21 94
a 215 245 38 62
a 215 246 85 2
a 215 216 93 62
a 216 245 95 56
a 216 215 49 99
a 216 246 11 59
a 216 247 82 58
a 216 217 54 90
a 217 246 29 64
a 217 216 73 98
a 217 247 25 62
a 217 248 59 80
a 217 218 35 11
a 218 247 63 44
a 218 217 32 87
a 218 248 34 85
a 218 249 44 81
a 218 219 44 30
a 219 248 97 39
a 219 218 15 50
a 219 249 91 11
a 219 250 46 28
a 219 220 25 94
a 220 249 71 69
a 220 219 60 99
a 220 250 69 98
a 220 251 25 65
a 220 221 55 63
a 221 250 93 75
a 221 220 94 91
a 221 251 47 14
a 221 252 31 23
a 221 222 28 6
a 222 251 89 20
a 222 221 67 21
a 222 252 74 36
a 222 253 36 88
a 222 223 32 60
a 223 252 19 8
a 223 222 36 49
a 223 253 32 37
a 223 254 23 43
a 223 224 13 99
a 224 253 78 75
a 224 223 48 42
a 224 254 68 14
a 224 255 85 60
a 224 225 10 25
a 225 254 16 87
a 225 224 94 48
a 225 255 66 64
a 225 256 29 63
a 225 226 82 78
a 226 255 64 71
a 226 225 100 24
a 226 256 2 100
a 226 257 32 2
a 226 227 97 47
a 227 256 16 85
a 227 226 50 24
a 227 257 21 33
a 227 258 7 82
a 227 228 8 91
a 228 257 28 22
a 228 227 63 88
a 228 258 41 46
a 228 259 74 81
a 228 229 36 22
a 229 258 99 79
a 229 228 94 21
a 229 259 94 43
a 229 260 73 10
a 229 230 86 42
a 230 259 22 92
a 230 229 26 26
a 230 260 72 9
a 230 261 48 12
a 230 231 5 27
a 231 260 96 22
a 231 230 92 75
a 231 261 32 95
a 231 262 81 58
a 231 232 80 79
a 232 261 46 74
a 232 231 16 73
a 232 262 71 91
a 232 263 60 55
a 232 233 24 45
a 233 262 48 100
a 233 232 6 8
a 233 263 80 50
a 233 264 40 34
a 233 234 4 79
a 234 263 44 41
a 234 233 72 86
a 234 264 75 75
a 234 265 28 46
a 234 235 62 16
a 235 264 27 10
a 235 234 12 10
a 235 265 66 57
a 235 266 81 63
a 235 236 3 39
a 236 265 80 50
a 236 235 11 57
a 236 266 9 5
a 236 267 10 69
a 236 237 1 41
a 237 266 79 53
a 237 236 31 64
a 237 267 20 50
a 237 268 57 27
a 237 238 12 26
a 238 267 88 68
a 238 237 19 55
a 238 268 85 16
a 238 269 19 27
a 238 239 34 66
a 239 268 97 32
a 239 238 16 11
a 239 269 48 57
a 239 270 3 6
a 239 240 10 100
a 240 269 52 35
a 240 239 60 44
a 240 270 10 96
a 241 271 13 10
a 241 272 37 22
a 241 242 50 47
a 242 271 60 46
a 242 241 69 24
a 242 272 94 64
a 242 273 20 47
a 242 243 36 20
a 243 272 78 24
a 243 242 10 60
a 243 273 65 52
a 243 274 49 38
a 243 244 83 38
a 244 273 40 78
a 244 243 82 14
a 244 274 38 6
a 244 275 78 42
a 244 245 88 50
a 245 274 63 13
a 245 244 72 10
a 245 275 61 75
a 245 276 95 19
a 245 246 45 88
a 246 275 25 53
a 246 245 29 2
a 246 276 55 28
a 246 277 7 10
a 246 247 17 23
a 247 276 74 43
a 247 246 42 30
a 247 277 22 64
a 247 278 57 56
a 247 248 8 75
a 248 277 50 79
a 248 247 55 59
a 248 278 82 4
a 248 279 65 12
a 248 249 20 52
a 249 278 46 8
a 249 248 92 50
a 249 279 46 38
a 249 280 6 48
a 249 250 62 10
a 250 279 69 4
a 250 249 5 43
a 250 280 54 90
a 250 281 61 29
a 250 251 37 75
a 251 280 30 84
a 251 250 38 58
a 251 281 26 90
a 251 282 33 73
a 251 252 52 97
a 252 281 28 48
a 252 251 90 29
a 252 282 94 53
a 252 283 41 40
a 252 253 49 55
a 253 282 6 13
a 253 252 72 56
a 253 283 52 31
a 253 284 51 7
a 253 254 93 95
a 254 283 13 56
a 254 253 64 25
a 254 284 93 63
a 254 285 92 6
a 254 255 65 43
a 255 284 11 48
a 255 254 71 43
a 255 285 91 16
a 255 286 81 100
a 255 256 92 9
a 256 285 77 94
a 256 255 70 27
a 256 286 50 17
a 256 287 97 34
a 256 257 26 80
a 257 286 99 96
a 257 256 49 37
a 257 287 95 78
a 257 288 27 9
a 257 258 68 91
a 258 287 6 31
a 258 257 88 40
a 258 288 63 12
a 258 289 40 72
a 258 259 47 33
a 259 288 44 32
a 259 258 85 52
a 259 289 40 84
a 259 290 99 38
a 259 260 46 88
a 260 289 27 70
a 260 259 83 37
a 260 290 93 68
a 260 291 54 12
a 260 261 83 36
a 261 290 64 17
a 261 260 16 45
a 261 291 51 42
a 261 292 90 60
a 261 262 72 95
a 262 291 94 49
a 262 261 39 50
a 262 292 67 74
a 262 293 11 19
a 262 263 43 31
a 263 292 19 74
a 263 262 26 21
a 263 293 45 50
a 263 294 57 59
a 263 264 53 94
a 264 293 22 94
a 264 263 3 19
a 264 294 7 66
a 264 295 30 21
a 264 265 1 22
a 265 294 53 35
a 265 264 92 77
a 265 295 56 13
a 265 296 40 95
a 265 266 50 69
a 266 295 99 16
a 266 265 43 59
a 266 296 54 23
a 266 297 37 86
a 266 267 94 63
a 267 296 21 100
a 267 266 32 76
a 267 297 80 42
a 267 298 28 32
a 267 268 60 25
a 268 297 35 54
a 268 267 13 5
a 268 298 64 51
a 268 299 84 3
a 268 269 7 48
a 269 298 59 2
a 269 268 42 68
a 269 299 79 55
a 269 300 51 7
a 269 270 3 67
a 270 299 34 89
a 270 269 54 59
a 270 300 64 56
a 271 301 20 10
a 271 302 2 57
a 271 272 6 22
a 272 301 17 69
a 272 271 85 28
a 272 302 54 85
a 272 303 98 40
a 272 273 10 89
a 273 302 72 78
a 273 272 79 85
a 273 303 45 74
a 273 304 47 95
a 273 274 98 31
a 274 303 87 99
a 274 273 75 82
a 274 304 47 82
a 274 305 60 95
a 274 275 41 31
a 275 304 34 28
a 275 274 91 99
a 275 305 81 6
a 275 306 99 41
a 275 276 50 10
a 276 305 66 5
a 276 275 82 61
a 276 306 60 22
a 276 307 84 61
a 276 277 28 15
a 277 306 44 75
a 277 276 4 43
a 277 307 72 89
a 277 308 17 21
a 277 278 26 32
a 278 307 21 23
a 278 277 40 100
a 278 308 80 71
a 278 309 57 17
a 278 279 37 37
a 279 308 65 43
a 279 278 46 48
a 279 309 37 22
a 279 310 73 59
a 279 280 61 15
a 280 309 67 80
a 280 279 7 70
a 280 310 85 64
a 280 311 41 88
a 280 281 25 6
a 281 310 55 31
a 281 280 78 62
a 281 311 11 49
a 281 312 41 14
a 281 282 93 26
a 282 311 82 12
a 282 281 55 82
a 282 312 75 23
a 282 313 17 14
a 282 283 88 60
a 283 312 18 44
a 283 282 79 34
a 283 313 77 30
a 283 314 54 53
a 283 284 92 64
a 284 313 76 28
a 284 283 91 22
a 284 314 8 10
a 284 315 87 28
a 284 285 78 15
a 285 314 89 97
a 285 284 13 21
a 285 315 26 23
a 285 316 49 30
a 285 286 90 5
a 286 315 22 73
a 286 285 7 53
a 286 316 29 48
a 286 317 48 97
a 286 287 56 72
a 287 316 18 92
a 287 286 81 60
a 287 317 86 61
a 287 318 40 81
a 287 288 20 39
a 288 317 2 47
a 288 287 85 94
a 288 318 94 98
a 288 319 81 47
a 288 289 51 44
a 289 318 80 7
a 289 288 92 54
a 289 319 71 21
a 289 320 33 38
a 289 290 25 44
a 290 319 29 76
a 290 289 57 16
a 290 320 41 34
a 290 321 72 58
a 290 291 17 90
a 291 320 91 24
a 291 290 62 30
a 291 321 100 40
a 291 322 61 78
a 291 292 29 1
a 292 321 38 58
a 292 291 27 11
a 292 322 69 71
a 292 323 74 100
a 292 293 94 14
a 293 322 12 87
a 293 292 23 96
a 293 323 56 41
a 293 324 56 64
a 293 294 88 71
a 294 323 59 40
a 294 293 32 59
a 294 324 74 79
a 294 325 88 32
a 294 295 82 68
a 295 324 72 97
a 295 294 42 7
a 295 325 18 43
a 295 326 97 69
a 295 296 96 18
a 296 325 93 49
a 296 295 29 93
a 296 326 49 30
a 296 327 72 42
a 296 297 50 21
a 297 326 36 30
a 297 296 70 69
a 297 327 94 78
a 297 328 1 58
a 297 298 19 38
a 298 327 33 50
a 298 297 29 7
a 298 328 70 59
a 298 329 35 9
a 298 299 100 94
a 299 328 11 8
a 299 298 58 53
a 299 329 28 96
a 299 330 3 41
a 299 300 88 35
a 300 329 82 67
a 300 299 74 56
a 300 330 18 52
a 301 331 37 35
a 301 332 96 64
a 301 302 27 66
a 302 331 7 91
a 302 301 37 4
a 302 332 35 44
a 302 333 92 61
a 302 303 10 3
a 303 332 60 1
a 303 302 100 42
a 303 333 5 66
a 303 334 41 69
a 303 304 12 68
a 304 333 21 86
a 304 303 4 28
a 304 334 87 76
a 304 335 6 5
a 304 305 47 52
a 305 334 14 16
a 305 304 23 47
a 305 335 11 71
a 305 336 29 27
a 305 306 43 9
a 306 335 71 88
a 306 305 61 49
a 306 336 12 23
a 306 337 96 44
a 306 307 67 42
a 307 336 85 34
a 307 306 54 23
a 307 337 48 49
a 307 338 85 79
a 307 308 68 92
a 308 337 77 24
a 308 307 61 43
a 308 338 84 54
a 308 339 4 49
a 308 309 23 47
a 309 338 62 91
a 309 308 28 1
a 309 339 69 36
a 309 340 37 73
a 309 310 100 97
a 310 339 82 96
a 310 309 70 80
a 310 340 14 66
a 310 341 51 38
a 310 311 25 96
a 311 340 55 33
a 311 310 11 73
a 311 341 12 64
a 311 342 89 28
a 311 312 43 44
a 312 341 74 29
a 312 311 2 57
a 312 342 84 23
a 312 343 17 55
a 312 313 61 36
a 313 342 91 27
a 313 312 76 62
a 313 343 64 54
a 313 344 81 2
a 313 314 93 92
a 314 343 54 79
a 314 313 8 39
a 314 344 21 61
a 314 345 67 19
a 314 315 63 97
a 315 344 8 2
a 315 314 38 32
a 315 345 83 53
a 315 346 42 84
a 315 316 56 45
a 316 345 66 10
a 316 315 99 48
a 316 346 3 58
a 316 347 30 61
a 316 317 59 92
a 317 346 18 11
a 317 316 24 19
a 317 347 27 98
a 317 348 62 4
a 317 318 66 24
a 318 347 67 89
a 318 317 88 2
a 318 348 54 94
a 318 349 53 55
a 318 319 72 61
a 319 348 86 99
a 319 318 4 6
a 319 349 82 21
a 319 350 50 27
a 319 320 60 67
a 320 349 27 31
a 320 319 22 98
a 320 350 55 6
a 320 351 74 63
a 320 321 35 73
a 321 350 13 94
a 321 320 38 60
a 321 351 78 41
a 321 352 87 31
a 321 322 72 33
a 322 351 58 31
a 322 321 76 3
a 322 352 96 90
a 322 353 94 6
a 322 323 61 93
a 323 352 91 55
a 323 322 74 55
a 323 353 5 31
a 323 354 23 11
a 323 324 83 97
a 324 353 75 77
a 324 323 51 90
a 324 354 66 18
a 324 355 63 93
a 324 325 29 92
a 325 354 32 85
a 325 324 14 68
a 325 355 74 71
a 325 356 34 2
a 325 326 100 27
a 326 355 32 36
a 326 325 71 58
a 326 356 35 22
a 326 357 35 36
a 326 327 65 86
a 327 356 18 100
a 327 326 32 91
a 327 357 90 84
a 327 358 45 91
a 327 328 82 48
a 328 357 67 89
a 328 327 37 68
a 328 358 86 70
a 328 359 66 6
a 328 329 66 71
a 329 358 12 95
a 329 328 8 49
a 329 359 70 82
a 329 360 27 81
a 329 330 88 58
a 330 359 35 31
a 330 329 38 8
a 330 360 55 20
a 331 361 1 72
a 331 362 90 55
a 331 332 31 22
a 332 361 10 53
a 332 331 70 2
a 332 362 84 99
a 332 363 67 93
a 332 333 91 73
a 333 362 30 47
a 333 332 87 26
a 333 363 95 45
a 333 364 46 47
a 333 334 83 17
a 334 363 51 2
a 334 333 75 10
a 334 364 7 71
a 334 365 35 78
a 334 335 17 26
a 335 364 3 53
a 335 334 77 68
a 335 365 97 95
a 335 366 82 5
a 335 336 18 95
a 336 365 74 19
a 336 335 26 99
a 336 366 91 44
a 336 367 39 14
a 336 337 87 69
a 337 366 46 20
a 337 336 80 27
a 337 367 46 80
a 337 368 54 1
a 337 338 77 69
a 338 367 75 32
a 338 337 53 23
a 338 368 2 71
a 338 369 64 30
a 338 339 99 78
a 339 368 97 52
a 339 338 82 69
a 339 369 64 55
a 339 370 87 11
a 339 340 100 26
a 340 369 47 42
a 340 339 67 5
a 340 370 2 34
a 340 371 90 57
a 340 341 73 61
a 341 370 36 70
a 341 340 94 9
a 341 371 62 7
a 341 372 99 78
a 341 342 53 100
a 342 371 11 76
a 342 341 63 4
a 342 372 33 32
a 342 373 87 94
a 342 343 63 71
a 343 372 21 71
a 343 342 98 44
a 343 373 7 34
a 343 374 93 91
a 343 344 96 14
a 344 373 24 96
a 344 343 38 65
a 344 374 80 1
a 344 375 77 58
a 344 345 28 88
a 345 374 2 93
a 345 344 42 73
a 345 375 45 4
a 345 376 16 88
a 345 346 13 46
a 346 375 35 12
a 346 345 99 24
a 346 376 23 59
a 346 377 71 84
a 346 347 53 70
a 347 376 95 21
a 347 346 62 13
a 347 377 60 18
a 347 378 99 1
a 347 348 98 50
a 348 377 46 5
a 348 347 40 1
a 348 378 21 51
a 348 379 70 11
a 348 349 82 48
a 349 378 77 5
a 349 348 83 35
a 349 379 85 73
a 349 380 7 8
a 349 350 41 74
a 350 379 31 11
a 350 349 35 77
a 350 380 15 17
a 350 381 26 76
a 350 351 53 43
a 351 380 30 77
a 351 350 41 39
a 351 381 67 72
a 351 382 30 41
a 351 352 83 25
a 352 381 97 85
a 352 351 86 84
a 352 382 24 34
a 352 383 80 39
a 352 353 14 82
a 353 382 78 42
a 353 352 78 23
a 353 383 1 2
a 353 384 69 72
a 353 354 56 88
a 354 383 25 84
a 354 353 40 63
a 354 384 61 15
a 354 385 99 25
a 354 355 71 22
a 355 384 59 50
a 355 354 66 2
a 355 385 1 54
a 355 386 64 78
a 355 356 79 17
a 356 385 71 90
a 356 355 38 62
a 356 386 97 12
a 356 387 88 73
a 356 357 46 57
a 357 386 61 10
a 357 356 92 37
a 357 387 89 42
a 357 388 69 44
a 357 358 88 13
a 358 387 19 24
a 358 357 6 43
a 358 388 80 84
a 358 389 78 73
a 358 359 45 60
a 359 388 10 39
a 359 358 51 68
a 359 389 92 11
a 359 390 46 19
a 359 360 17 49
a 360 389 3 20
a 360 359 95 78
a 360 390 100 88
a 361 391 4 48
a 361 392 42 11
a 361 362 22 8
a 362 391 86 70
a 362 361 13 47
a 362 392 20 6
a 362 393 78 95
a 362 363 58 38
a 363 392 42 93
a 363 362 6 59
a 363 393 70 69
a 363 394 40 32
a 363 364 91 66
a 364 393 27 74
a 364 363 69 4
a 364 394 83 30
a 364 395 30 100
a 364 365 59 43
a 365 394 52 22
a 365 364 88 80
a 365 395 35 14
a 365 396 94 61
a 365 366 19 33
a 366 395 7 5
a 366 365 46 28
a 366 396 43 83
a 366 397 19 23
a 366 367 100 40
a 367 396 54 96
a 367 366 43 35
a 367 397 50 3
a 367 398 83 16
a 367 368 25 26
a 368 397 17 6
a 368 367 44 2
a 368 398 10 81
a 368 399 25 5
a 368 369 22 24
a 369 398 54 43
a 369 368 5 2
a 369 399 63 39
a 369 400 63 42
a 369 370 54 67
a 370 399 88 33
a 370 369 3 36
a 370 400 63 34
a 370 401 75 48
a 370 371 46 84
a 371 400 84 35
a 371 370 96 56
a 371 401 100 25
a 371 402 26 3
a 371 372 46 27
a 372 401 19 88
a 372 371 38 100
a 372 402 30 43
a 372 403 8 59
a 372 373 82 13
a 373 402 13 31
a 373 372 74 80
a 373 403 17 17
a 373 404 63 64
a 373 374 73 35
a 374 403 51 100
a 374 373 52 30
a 374 404 43 2
a 374 405 14 99
a 374 375 30 41
a 375 404 90 8
a 375 374 57 89
a 375 405 61 22
a 375 406 60 94
a 375 376 77 86
a 376 405 63 78
a 376 375 78 68
a 376 406 69 10
a 376 407 65 27
a 376 377 94 64
a 377 406 22 48
a 377 376 90 26
a 377 407 16 31
a 377 408 67 39
a 377 378 4 12
a 378 407 45 15
a 378 377 30 56
a 378 408 38 42
a 378 409 94 19
a 378 379 37 25
a 379 408 63 42
a 379 378 51 85
a 379 409 46 33
a 379 410 100 17
a 379 380 46 31
a 380 409 64 50
a 380 379 75 19
a 380 410 92 8
a 380 411 45 15
a 380 381 52 4
a 381 410 11 60
a 381 380 15 77
a 381 411 13 92
a 381 412 92 43
a 381 382 20 80
a 382 411 67 50
a 382 381 89 86
a 382 412 38 49
a 382 413 41 100
a 382 383 38 71
a 383 412 64 20
a 383 382 71 100
a 383 413 40 87
a 383 414 39 20
a 383 384 1 33
a 384 413 10 77
a 384 383 87 54
a 384 414 28 79
a 384 415 100 39
a 384 385 87 61
a 385 414 9 64
a 385 384 17 40
a 385 415 80 11
a 385 416 59 43
a 385 386 64 27
a 386 415 4 98
a 386 385 72 86
a 386 416 29 44
a 386 417 49 29
a 386 387 45 60
a 387 416 43 1
a 387 386 80 65
a 387 417 40 15
a 387 418 56 25
a 387 388 38 69
a 388 417 17 36
a 388 387 7 57
a 388 418 60 78
a 388 419 95 83
a 388 389 47 66
a 389 418 13 15
a 389 388 15 24
a 389 419 45 61
a 389 420 78 98
a 389 390 82 49
a 390 419 9 31
a 390 389 20 87
a 390 420 54 56
a 391 421 82 31
a 391 422 28 55
a 391 392 87 11
a 392 421 84 91
a 392 391 75 29
a 392 422 2 2
a 392 423 38 68
a 392 393 29 3
a 393 422 28 8
a 393 392 80 79
a 393 423 40 90
a 393 424 72 43
a 393 394 23 14
a 394 423 26 72
a 394 393 87 48
a 394 424 94 11
a 394 425 73 26
a 394 395 82 45
a 395 424 76 20
a 395 394 40 90
a 395 425 94 25
a 395 426 1 63
a 395 396 86 62
a 396 425 91 22
a 396 395 87 93
a 396 426 77 77
a 396 427 36 12
a 396 397 85 34
a 397 426 23 6
a 397 396 3 33
a 397 427 73 83
a 397 428 38 98
a 397 398 69 79
a 398 427 44 91
a 398 397 9 48
a 398 428 99 62
a 398 429 14 1
a 398 399 51 84
a 399 428 50 31
a 399 398 2 1
a 399 429 69 88
a 399 430 24 88
a 399 400 37 71
a 400 429 73 72
a 400 399 96 39
a 400 430 97 49
a 400 431 65 16
a 400 401 83 36
a 401 430 70 51
a 401 400 77 65
a 401 431 4 43
a 401 432 59 63
a 401 402 84 80
a 402 431 66 95
a 402 401 47 97
a 402 432 49 99
a 402 433 25 23
a 402 403 36 6
a 403 432 28 100
a 403 402 42 92
a 403 433 20 26
a 403 434 77 52
a 403 404 95 63
a 404 433 76 86
a 404 403 15 75
a 404 434 29 55
a 404 435 43 82
a 404 405 8 8
a 405 434 56 76
a 405 404 45 43
a 405 435 52 91
a 405 436 98 62
a 405 406 81 27
a 406 435 25 46
a 406 405 88 26
a 406 436 58 71
a 406 437 77 91
a 406 407 60 89
a 407 436 56 25
a 407 406 14 35
a 407 437 46 32
a 407 438 20 26
a 407 408 82 32
a 408 437 32 54
a 408 407 29 63
a 408 438 64 8
a 408 439 21 77
a 408 409 26 2
a 409 438 79 88
a 409 408 44 79
a 409 439 46 41
a 409 440 45 53
a 409 410 89 81
a 410 439 57 78
a 410 409 43 97
a 410 440 57 84
a 410 441 85 73
a 410 411 7 100
a 411 440 32 17
a 411 410 49 28
a 411 441 77 26
a 411 442 8 66
a 411 412 95 40
a 412 441 44 40
a 412 411 5 29
a 412 442 15 39
a 412 443 13 57
a 412 413 45 85
a 413 442 45 42
a 413 412 55 14
a 413 443 4 83
a 413 444 4 28
a 413 414 13 92
a 414 443 76 38
a 414 413 65 41
a 414 444 15 79
a 414 445 47 21
a 414 415 83 76
a 415 444 1 83
a 415 414 62 96
a 415 445 61 63
a 415 446 100 1
a 415 416 38 71
a 416 445 23 87
a 416 415 85 24
a 416 446 65 9
a 416 447 92 56
a 416 417 80 44
a 417 446 50 15
a 417 416 53 68
a 417 447 22 21
a 417 448 88 14
a 417 418 2 27
a 418 447 19 20
a 418 417 68 6
a 418 448 17 57
a 418 449 12 46
a 418 419 54 81
a 419 448 96 6
a 419 418 6 72
a 419 449 9 47
a 419 450 80 47
a 419 420 43 31
a 420 449 92 23
a 420 419 80 91
a 420 450 61 67
a 421 451 46 84
a 421 452 17 58
a 421 422 44 49
a 422 451 42 37
a 422 421 15 78
a 422 452 96 100
a 422 453 98 30
a 422 423 37 51
a 423 452 67 86
a 423 422 28 88
a 423 453 53 29
a 423 454 73 72
a 423 424 91 20
a 424 453 82 94
a 424 423 83 39
a 424 454 28 37
a 424 455 33 19
a 424 425 53 3
a 425 454 15 43
a 425 424 54 83
a 425 455 63 2
a 425 456 49 12
a 425 426 95 99
a 426 455 45 54
a 426 425 68 55
a 426 456 94 30
a 426 457 89 81
a 426 427 57 16
a 427 456 79 83
a 427 426 100 57
a 427 457 15 54
a 427 458 10 3
a 427 428 96 36
a 428 457 14 68
a 428 427 80 89
a 428 458 14 46
a 428 459 26 66
a 428 429 65 53
a 429 458 11 52
a 429 428 42 12
a 429 459 42 6
a 429 460 32 27
a 429 430 88 42
a 430 459 58 91
a 430 429 36 25
a 430 460 46 15
a 430 461 92 11
a 430 431 39 94
a 431 460 95 1
a 431 430 33 69
a 431 461 43 95
a 431 462 87 62
a 431 432 63 86
a 432 461 87 97
a 432 431 78 98
a 432 462 36 48
a 432 463 49 90
a 432 433 69 26
a 433 462 12 89
a 433 432 34 5
a 433 463 4 53
a 433 464 66 40
a 433 434 66 43
a 434 463 12 28
a 434 433 36 1
a 434 464 18 43
a 434 465 57 92
a 434 435 99 87
a 435 464 63 51
a 435 434 32 1
a 435 465 11 9
a 435 466 32 90
a 435 436 22 39
a 436 465 98 64
a 436 435 64 98
a 436 466 28 94
a 436 467 51 91
a 436 437 49 9
a 437 466 24 58
a 437 436 47 7
a 437 467 33 1
a 437 468 80 9
a 437 438 87 65
a 438 467 48 46
a 438 437 45 88
a 438 468 16 84
a 438 469 92 53
a 438 439 33 22
a 439 468 8 26
a 439 438 6 92
a 439 469 67 68
a 439 470 80 82
a 439 440 51 28
a 440 469 74 18
a 440 439 4 20
a 440 470 62 9
a 440 471 46 36
a 440 441 24 17
a 441 470 48 30
a 441 440 24 57
a 441 471 42 33
a 441 472 10 67
a 441 442 99 46
a 442 471 83 4
a 442 441 76 66
a 442 472 63 83
a 442 473 10 37
a 442 443 39 49
a 443 472 87 3
a 443 442 63 10
a 443 473 96 80
a 443 474 4 80
a 443 444 70 74
a 444 473 77 8
a 444 443 27 31
a 444 474 93 5
a 444 475 40 42
a 444 445 15 69
a 445 474 62 15
a 445 444 98 12
a 445 475 29 91
a 445 476 2 36
a 445 446 13 95
a 446 475 51 36
a 446 445 28 52
a 446 476 93 93
a 446 477 70 87
a 446 447 17 82
a 447 476 9 43
a 447 446 4 36
a 447 477 32 96
a 447 478 90 82
a 447 448 10 36
a 448 477 75 68
a 448 447 27 89
a 448 478 86 86
a 448 479 64 82
a 448 449 74 20
a 449 478 65 55
a 449 448 14 97
a 449 479 76 3
a 449 480 52 60
a 449 450 68 13
a 450 479 38 41
a 450 449 96 100
a 450 480 29 37
a 451 481 86 60
a 451 482 51 68
a 451 452 1 42
a 452 481 45 72
a 452 451 91 52
a 452 482 7 95
a 452 483 44 85
a 452 453 93 15
a 453 482 20 20
a 453 452 14 9
a 453 483 3 85
a 453 484 51 59
a 453 454 35 78
a 454 483 17 40
a 454 453 54 80
a 454 484 80 38
a 454 485 35 44
a 454 455 45 48
a 455 484 56 21
a 455 454 2 62
a 455 485 34 20
a 455 486 18 5
a 455 456 65 50
a 456 485 96 84
a 456 455 35 48
a 456 486 77 8
a 456 487 60 61
a 456 457 63 57
a 457 486 79 1
a 457 456 12 26
a 457 487 96 39
a 457 488 100 60
a 457 458 57 60
a 458 487 62 48
a 458 457 100 43
a 458 488 18 69
a 458 489 84 80
a 458 459 73 89
a 459 488 32 85
a 459 458 98 59
a 459 489 53 73
a 459 490 90 79
a 459 460 55 11
a 460 489 7 55
a 460 459 32 76
a 460 490 21 17
a 460 491 69 69
a 460 461 86 82
a 461 490 86 52
a 461 460 64 29
a 461 491 68 46
a 461 492 12 94
a 461 462 81 9
a 462 491 98 23
a 462 461 92 32
a 462 492 24 45
a 462 493 24 24
a 462 463 94 96
a 463 492 17 76
a 463 462 8 52
a 463 493 22 93
a 463 494 78 96
a 463 464 89 7
a 464 493 21 1
a 464 463 88 43
a 464 494 42 36
a 464 495 20 93
a 464 465 77 65
a 465 494 61 99
a 465 464 12 7
a 465 495 18 25
a 465 496 14 82
a 465 466 31 41
a 466 495 55 8
a 466 465 97 27
a 466 496 62 65
a 466 497 37 69
a 466 467 50 70
a 467 496 69 76
a 467 466 66 48
a 467 497 92 42
a 467 498 36 99
a 467 468 25 9
a 468 497 29 69
a 468 467 4 18
a 468 498 91 6
a 468 499 41 7
a 468 469 68 41
a 469 498 5 91
a 469 468 95 4
a 469 499 7 80
a 469 500 61 73
a 469 470 44 91
a 470 499 73 37
a 470 469 88 56
a 470 500 17 24
a 470 501 38 65
a 470 471 6 7
a 471 500 18 20
a 471 470 83 87
a 471 501 41 14
a 471 502 15 94
a 471 472 97 79
a 472 501 21 26
a 472 471 92 92
a 472 502 52 46
a 472 503 44 67
a 472 473 88 49
a 473 502 17 5
a 473 472 60 84
a 473 503 91 52
a 473 504 29 64
a 473 474 70 72
a 474 503 24 29
a 474 473 32 77
a 474 504 4 2
a 474 505 82 14
a 474 475 57 64
a 475 504 27 72
a 475 474 89 42
a 475 505 38 78
a 475 506 16 84
a 475 476 39 13
a 476 505 16 97
a 476 475 91 21
a 476 506 45 7
a 476 507 57 27
a 476 477 27 29
a 477 506 92 10
a 477 476 59 43
a 477 507 50 25
a 477 508 76 98
a 477 478 97 31
a 478 507 20 77
a 478 477 66 22
a 478 508 14 41
a 478 509 21 74
a 478 479 22 64
a 479 508 9 13
a 479 478 24 23
a 479 509 1 16
a 479 510 98 18
a 479 480 26 41
a 480 509 3 98
a 480 479 36 77
a 480 510 33 79
a 481 511 80 49
a 481 512 98 92
a 481 482 68 37
a 482 511 51 19
a 482 481 11 49
a 482 512 62 74
a 482 513 63 4
a 482 483 74 52
a 483 512 77 3
a 483 482 73 90
a 483 513 40 2
a 483 514 14 17
a 483 484 99 6
a 484 513 61 4
a 484 483 29 91
a 484 514 88 11
a 484 515 7 94
a 484 485 71 64
a 485 514 53 60
a 485 484 60 47
a 485 515 69 77
a 485 516 82 18
a 485 486 97 71
a 486 515 89 22
a 486 485 48 8
a 486 516 39 16
a 486 517 48 99
a 486 487 41 100
a 487 516 95 39
a 487 486 64 87
a 487 517 21 33
a 487 518 39 69
a 487 488 58 75
a 488 517 27 45
a 488 487 65 47
a 488 518 14 78
a 488 519 72 51
a 488 489 77 64
a 489 518 31 24
a 489 488 65 16
a 489 519 40 66
a 489 520 65 25
a 489 490 18 50
a 490 519 31 39
a 490 489 91 47
a 490 520 48 94
a 490 521 22 78
a 490 491 74 4
a 491 520 10 29
a 491 490 9 32
a 491 521 64 95
a 491 522 78 90
a 491 492 97 54
a 492 521 8 81
a 492 491 93 75
a 492 522 12 85
a 492 523 36 83
a 492 493 32 62
a 493 522 36 16
a 493 492 4 90
a 493 523 10 82
a 493 524 23 93
a 493 494 38 80
a 494 523 25 95
a 494 493 42 75
a 494 524 18 4
a 494 525 2 64
a 494 495 98 21
a 495 524 87 19
a 495 494 35 88
a 495 525 91 72
a 495 526 13 36
a 495 496 37 59
a 496 525 16 31
a 496 495 55 13
a 496 526 17 77
a 496 527 88 9
a 496 497 15 81
a 497 526 79 69
a 497 496 72 52
a 497 527 34 77
a 497 528 29 86
a 497 498 51 30
a 498 527 27 77
a 498 497 71 36
a 498 528 81 50
a 498 529 44 71
a 498 499 3 63
a 499 528 34 48
a 499 498 84 47
a 499 529 14 1
a 499 530 84 4
a 499 500 62 27
a 500 529 88 54
a 500 499 10 58
a 500 530 96 82
a 500 531 79 95
a 500 501 92 58
a 501 530 79 89
a 501 500 78 64
a 501 531 44 11
a 501 532 31 90
a 501 502 86 43
a 502 531 65 81
a 502 501 28 56
a 502 532 89 83
a 502 533 27 99
a 502 503 43 39
a 503 532 99 48
a 503 502 4 27
a 503 533 67 31
a 503 534 40 44
a 503 504 16 81
a 504 533 84 87
a 504 503 42 60
a 504 534 26 77
a 504 535 7 20
a 504 505 65 61
a 505 534 80 70
a 505 504 4 1
a 505 535 81 91
a 505 536 83 70
a 505 506 9 32
a 506 535 41 42
a 506 505 24 56
a 506 536 13 21
a 506 537 22 56
a 506 507 88 56
a 507 536 46 8
a 507 506 32 1
a 507 537 51 20
a 507 538 3 59
a 507 508 94 9
a 508 537 58 3
a 508 507 65 38
a 508 538 89 65
a 508 539 48 23
a 508 509 77 89
a 509 538 99 4
a 509 508 94 37
a 509 539 48 36
a 509 540 39 83
a 509 510 27 60
a 510 539 92 49
a 510 509 56 95
a 510 540 46 5
a 511 541 36 85
a 511 542 81 20
a 511 512 24 40
a 512 541 35 95
a 512 511 10 79
a 512 542 69 48
a 512 543 98 94
a 512 513 40 11
a 513 542 7 15
a 513 512 82 100
a 513 543 56 55
a 513 544 28 34
a 513 514 30 68
a 514 543 8 91
a 514 513 22 75
a 514 544 39 14
a 514 545 79 95
a 514 515 80 27
a 515 544 86 40
a 515 514 76 45
a 515 545 4 35
a 515 546 3 34
a 515 516 82 27
a 516 545 80 93
a 516 515 27 45
a 516 546 74 88
a 516 547 78 73
a 516 517 62 53
a 517 546 27 96
a 517 516 4 66
a 517 547 1 98
a 517 548 82 49
a 517 518 69 33
a 518 547 53 43
a 518 517 46 41
a 518 548 80 82
a 518 549 89 72
a 518 519 22 71
a 519 548 57 6
a 519 518 8 22
a 519 549 36 81
a 519 550 8 71
a 519 520 73 78
a 520 549 85 33
a 520 519 17 20
a 520 550 12 53
a 520 551 12 82
a 520 521 45 46
a 521 550 67 93
a 521 520 11 98
a 521 551 48 12
a 521 552 40 22
a 521 522 46 15
a 522 551 4 75
a 522 521 26 80
a 522 552 5 99
a 522 553 23 64
a 522 523 90 78
a 523 552 58 75
a 523 522 14 73
a 523 553 50 47
a 523 554 97 30
a 523 524 72 95
a 524 553 61 64
a 524 523 11 33
a 524 554 81 19
a 524 555 71 60
a 524 525 7 4
a 525 554 71 8
a 525 524 25 37
a 525 555 45 44
a 525 556 7 23
a 525 526 22 90
a 526 555 19 21
a 526 525 92 43
a 526 556 1 50
a 526 557 44 6
a 526 527 26 16
a 527 556 40 35
a 527 526 21 20
a 527 557 86 38
a 527 558 33 62
a 527 528 91 97
a 528 557 91 36
a 528 527 92 47
a 528 558 71 15
a 528 559 79 70
a 528 529 33 87
a 529 558 98 3
a 529 528 43 49
a 529 559 36 31
a 529 560 70 11
a 529 530 12 94
a 530 559 63 35
a 530 529 81 52
a 530 560 35 25
a 530 561 96 15
a 530 531 2 31
a 531 560 53 84
a 531 530 22 16
a 531 561 97 43
a 531 562 44 24
a 531 532 19 82
a 532 561 16 10
a 532 531 39 67
a 532 562 42 76
a 532 563 16 41
a 532 533 24 13
a 533 562 35 36
a 533 532 48 83
a 533 563 9 5
a 533 564 20 88
a 533 534 1 82
a 534 563 97 82
a 534 533 24 48
a 534 564 64 17
a 534 565 73 45
a 534 535 10 76
a 535 564 74 37
a 535 534 40 69
a 535 565 40 21
a 535 566 32 36
a 535 536 75 47
a 536 565 20 68
a 536 535 99 75
a 536 566 17 4
a 536 567 11 66
a 536 537 67 24
a 537 566 88 9
a 537 536 4 26
a 537 567 92 61
a 537 568 2 37
a 537 538 38 21
a 538 567 47 64
a 538 537 99 70
a 538 568 88 80
a 538 569 99 14
a 538 539 14 67
a 539 568 58 40
a 539 538 58 99
a 539 569 37 93
a 539 570 43 74
a 539 540 68 8
a 540 569 73 21
a 540 539 15 41
a 540 570 29 17
a 541 571 74 63
a 541 572 100 68
a 541 542 14 75
a 542 571 86 86
a 542 541 58 29
a 542 572 29 82
a 542 573 39 82
a 542 543 71 22
a 543 572 52 77
a 543 542 41 42
a 543 573 37 72
a 543 574 68 46
a 543 544 79 38
a 544 573 58 89
a 544 543 13 78
a 544 574 78 18
a 544 575 6 75
a 544 545 58 85
a 545 574 95 15
a 545 544 51 75
a 545 575 32 67
a 545 576 63 67
a 545 546 27 28
a 546 575 26 50
a 546 545 2 29
a 546 576 54 62
a 546 577 87 58
a 546 547 22 34
a 547 576 85 20
a 547 546 97 38
a 547 577 13 87
a 547 578 29 73
a 547 548 79 68
a 548 577 79 5
a 548 547 19 84
a 548 578 50 11
a 548 579 92 43
a 548 549 41 8
a 549 578 89 74
a 549 548 5 9
a 549 579 43 60
a 549 580 60 19
a 549 550 7 79
a 550 579 24 47
a 550 549 84 51
a 550 580 31 40
a 550 581 24 73
a 550 551 41 11
a 551 580 81 30
a 551 550 84 96
a 551 581 67 83
a 551 582 44 42
a 551 552 79 21
a 552 581 92 85
a 552 551 19 98
a 552 582 87 65
a 552 583 91 94
a 552 553 60 76
a 553 582 100 97
a 553 552 6 33
a 553 583 51 89
a 553 584 12 4
a 553 554 35 20
a 554 583 10 90
a 554 553 36 65
a 554 584 52 33
a 554 585 28 40
a 554 555 88 92
a 555 584 52 69
a 555 554 7 5
a 555 585 22 5
a 555 586 73 45
a 555 556 59 60
a 556 585 86 2
a 556 555 56 98
a 556 586 92 60
a 556 587 95 81
a 556 557 92 85
a 557 586 16 60
a 557 556 9 75
a 557 587 13 58
a 557 588 36 36
a 557 558 84 87
a 558 587 97 14
a 558 557 39 76
a 558 588 43 45
a 558 589 50 27
a 558 559 45 88
a 559 588 30 81
a 559 558 86 24
a 559 589 13 63
a 559 590 38 49
a 559 560 79 72
a 560 589 82 48
a 560 559 52 41
a 560 590 20 14
a 560 591 68 28
a 560 561 12 14
a 561 590 20 83
a 561 560 25 50
a 561 591 5 49
a 561 592 28 48
a 561 562 11 47
a 562 591 41 16
a 562 561 61 33
a 562 592 7 83
a 562 593 73 40
a 562 563 73 62
a 563 592 72 51
a 563 562 34 44
a 563 593 71 42
a 563 594 5 51
a 563 564 55 27
a 564 593 68 90
a 564 563 43 90
a 564 594 71 17
a 564 595 17 88
a 564 565 98 19
a 565 594 53 71
a 565 564 68 20
a 565 595 38 60
a 565 596 21 62
a 565 566 38 93
a 566 595 67 52
a 566 565 17 11
a 566 596 54 42
a 566 597 5 81
a 566 567 15 74
a 567 596 41 88
a 567 566 99 21
a 567 597 87 38
a 567 598 52 55
a 567 568 92 94
a 568 597 60 25
a 568 567 20 13
a 568 598 29 47
a 568 599 8 47
a 568 569 94 93
a 569 598 25 93
a 569 568 26 20
a 569 599 26 60
a 569 600 28 86
a 569 570 90 56
a 570 599 50 3
a 570 569 15 70
a 570 600 22 11
a 571 601 71 19
a 571 602 6 17
a 571 572 81 45
a 572 601 71 87
a 572 571 100 30
a 572 602 46 43
a 572 603 25 5
a 572 573 88 50
a 573 602 34 97
a 573 572 89 64
a 573 603 92 68
a 573 604 76 87
a 573 574 57 7
a 574 603 42 71
a 574 573 63 97
a 574 604 76 23
a 574 605 78 39
a 574 575 2 49
a 575 604 77 20
a 575 574 62 20
a 575 605 69 17
a 575 606 87 31
a 575 576 9 62
a 576 605 76 55
a 576 575 65 57
a 576 606 84 77
a 576 607 30 61
a 576 577 99 14
a 577 606 20 32
a 577 576 95 92
a 577 607 36 61
a 577 608 98 21
a 577 578 30 64
a 578 607 89 17
a 578 577 35 20
a 578 608 94 21
a 578 609 54 60
a 578 579 46 11
a 579 608 76 27
a 579 578 81 84
a 579 609 98 33
a 579 610 48 4
a 579 580 41 2
a 580 609 9 54
a 580 579 70 89
a 580 610 98 23
a 580 611 79 39
a 580 581 84 63
a 581 610 37 24
a 581 580 50 87
a 581 611 95 99
a 581 612 11 21
a 581 582 21 41
a 582 611 33 95
a 582 581 87 35
a 582 612 68 98
a 582 613 89 77
a 582 583 47 91
a 583 612 88 67
a 583 582 90 27
a 583 613 54 55
a 583 614 93 53
a 583 584 67 86
a 584 613 25 86
a 584 583 61 9
a 584 614 85 41
a 584 615 69 4
a 584 585 9 61
a 585 614 36 49
a 585 584 42 14
a 585 615 54 38
a 585 616 33 44
a 585 586 98 12
a 586 615 63 76
a 586 585 15 45
a 586 616 69 15
a 586 617 9 14
a 586 587 30 92
a 587 616 85 70
a 587 586 34 28
a 587 617 16 75
a 587 618 18 45
a 587 588 87 55
a 588 617 75 84
a 588 587 20 8
a 588 618 59 50
a 588 619 68 72
a 588 589 67 43
a 589 618 13 51
a 589 588 30 97
a 589 619 23 11
a 589 620 23 47
a 589 590 44 50
a 590 619 100 98
a 590 589 68 92
a 590 620 39 1
a 590 621 63 44
a 590 591 70 5
a 591 620 2 88
a 591 590 17 67
a 591 621 98 93
a 591 622 39 98
a 591 592 97 14
a 592 621 91 7
a 592 591 37 2
a 592 622 94 4
a 592 623 63 1
a 592 593 12 5
a 593 622 61 78
a 593 592 23 93
a 593 623 49 7
a 593 624 75 96
a 593 594 54 98
a 594 623 99 79
a 594 593 20 48
a 594 624 97 66
a 594 625 8 22
a 594 595 50 98
a 595 624 50 11
a 595 594 57 95
a 595 625 20 1
a 595 626 18 20
a 595 596 80 15
a 596 625 23 85
a 596 595 65 76
a 596 626 23 63
a 596 627 54 59
a 596 597 39 86
a 597 626 9 38
a 597 596 83 77
a 597 627 56 82
a 597 628 9 32
a 597 598 55 93
a 598 627 77 58
a 598 597 2 19
a 598 628 13 23
a 598 629 72 3
a 598 599 51 28
a 599 628 93 86
a 599 598 57 67
a 599 629 12 42
a 599 630 85 2
a 599 600 58 88
a 600 629 35 78
a 600 599 56 32
a 600 630 40 10
a 601 631 43 47
a 601 632 50 58
a 601 602 75 27
a 602 631 6 90
a 602 601 85 95
a 602 632 38 92
a 602 633 50 45
a 602 603 3 10
a 603 632 82 41
a 603 602 66 49
a 603 633 2 77
a 603 634 3 96
a 603 604 82 51
a 604 633 46 41
a 604 603 50 68
a 604 634 48 25
a 604 635 20 53
a 604 605 79 95
a 605 634 40 71
a 605 604 91 74
a 605 635 56 2
a 605 636 52 2
a 605 606 94 91
a 606 635 83 25
a 606 605 24 68
a 606 636 45 98
a 606 637 35 80
a 606 607 87 43
a 607 636 12 83
a 607 606 45 95
a 607 637 97 53
a 607 638 31 8
a 607 608 92 78
a 608 637 97 99
a 608 607 13 63
a 608 638 86 63
a 608 639 22 76
a 608 609 89 88
a 609 638 25 41
a 609 608 52 80
a 609 639 10 68
a 609 640 71 96
a 609 610 50 9
a 610 639 32 17
a 610 609 12 56
a 610 640 72 23
a 610 641 60 64
a 610 611 47 54
a 611 640 2 29
a 611 610 36 39
a 611 641 16 89
a 611 642 25 91
a 611 612 36 93
a 612 641 34 7
a 612 611 85 51
a 612 642 9 25
a 612 643 41 75
a 612 613 83 19
a 613 642 1 18
a 613 612 42 60
a 613 643 41 43
a 613 644 58 93
a 613 614 26 9
a 614 643 21 55
a 614 613 10 43
a 614 644 63 35
a 614 645 39 6
a 614 615 11 31
a 615 644 53 22
a 615 614 38 14
a 615 645 14 100
a 615 646 22 79
a 615 616 36 68
a 616 645 78 52
a 616 615 70 60
a 616 646 1 86
a 616 647 23 7
a 616 617 60 18
a 617 646 60 68
a 617 616 98 66
a 617 647 77 67
a 617 648 95 26
a 617 618 100 26
a 618 647 33 15
a 618 617 13 34
a 618 648 35 74
a 618 649 54 1
a 618 619 35 2
a 619 648 15 60
a 619 618 84 95
a 619 649 79 10
a 619 650 17 94
a 619 620 27 20
a 620 649 6 45
a 620 619 47 52
a 620 650 37 93
a 620 651 78 21
a 620 621 76 5
a 621 650 13 93
a 621 620 81 87
a 621 651 85 93
a 621 652 50 42
a 621 622 84 90
a 622 651 60 82
a 622 621 67 33
a 622 652 13 95
a 622 653 14 54
a 622 623 15 44
a 623 652 100 98
a 623 622 27 55
a 623 653 41 3
a 623 654 25 87
a 623 624 1 25
a 624 653 57 71
a 624 623 100 82
a 624 654 57 31
a 624 655 81 35
a 624 625 55 31
a 625 654 32 7
a 625 624 58 22
a 625 655 75 78
a 625 656 76 72
a 625 626 32 50
a 626 655 25 63
a 626 625 94 2
a 626 656 80 44
a 626 657 51 51
a 626 627 12 76
a 627 656 71 19
a 627 626 59 21
a 627 657 55 90
a 627 658 99 28
a 627 628 67 73
a 628 657 53 64
a 628 627 89 19
a 628 658 40 52
a 628 659 72 47
a 628 629 86 43
a 629 658 53 3
a 629 628 49 93
a 629 659 66 79
a 629 660 81 51
a 629 630 21 57
a 630 659 14 100
a 630 629 36 52
a 630 660 78 51
a 631 661 63 89
a 631 662 49 76
a 631 632 37 90
a 632 661 81 90
a 632 631 85 72
a 632 662 65 67
a 632 663 13 80
a 632 633 74 40
a 633 662 41 69
a 633 632 78 25
a 633 663 59 49
a 633 664 85 25
a 633 634 11 84
a 634 663 89 87
a 634 633 55 8
a 634 664 57 39
a 634 665 20 95
a 634 635 22 20
a 635 664 39 67
a 635 634 23 44
a 635 665 46 36
a 635 666 75 11
a 635 636 87 46
a 636 665 41 74
a 636 635 32 68
a 636 666 40 71
a 636 667 62 52
a 636 637 37 85
a 637 666 21 26
a 637 636 35 85
a 637 667 96 45
a 637 668 73 48
a 637 638 94 23
a 638 667 38 17
a 638 637 84 6
a 638 668 98 35
a 638 669 65 83
a 638 639 49 40
a 639 668 77 80
a 639 638 19 30
a 639 669 78 71
a 639 670 95 35
a 639 640 98 13
a 640 669 20 32
a 640 639 50 89
a 640 670 18 62
a 640 671 59 37
a 640 641 89 4
a 641 670 100 23
a 641 640 50 57
a 641 671 64 13
a 641 672 23 63
a 641 642 2 19
a 642 671 48 14
a 642 641 67 27
a 642 672 71 87
a 642 673 67 51
a 642 643 24 9
a 643 672 40 91
a 643 642 8 37
a 643 673 16 70
a 643 674 92 90
a 643 644 89 59
a 644 673 63 95
a 644 643 72 49
a 644 674 20 54
a 644 675 84 91
a 644 645 17 3
a 645 674 25 75
a 645 644 46 21
a 645 675 98 5
a 645 676 14 98
a 645 646 43 16
a 646 675 85 25
a 646 645 15 94
a 646 676 19 25
a 646 677 57 81
a 646 647 36 37
a 647 676 70 95
a 647 646 9 50
a 647 677 77 98
a 647 678 6 54
a 647 648 23 1
a 648 677 66 43
a 648 647 78 10
a 648 678 45 45
a 648 679 73 20
a 648 649 100 82
a 649 678 85 86
a 649 648 48 75
a 649 679 67 11
a 649 680 97 71
a 649 650 35 85
a 650 679 14 91
a 650 649 49 30
a 650 680 47 37
a 650 681 94 57
a 650 651 47 87
a 651 680 90 70
a 651 650 7 84
a 651 681 81 97
a 651 682 67 55
a 651 652 12 31
a 652 681 93 16
a 652 651 23 20
a 652 682 76 91
a 652 683 81 77
a 652 653 63 12
a 653 682 80 76
a 653 652 98 92
a 653 683 14 6
a 653 684 38 79
a 653 654 37 96
a 654 683 3 71
a 654 653 71 62
a 654 684 31 78
a 654 685 70 31
a 654 655 42 29
a 655 684 44 79
a 655 654 12 59
a 655 685 39 88
a 655 686 33 5
a 655 656 96 4
a 656 685 65 15
a 656 655 77 44
a 656 686 77 41
a 656 687 41 26
a 656 657 90 4
a 657 686 24 29
a 657 656 94 80
a 657 687 69 25
a 657 688 52 32
a 657 658 49 2
a 658 687 13 72
a 658 657 64 35
a 658 688 37 68
a 658 689 6 20
a 658 659 15 97
a 659 688 41 81
a 659 658 83 81
a 659 689 66 26
a 659 690 70 80
a 659 660 27 15
a 660 689 83 70
a 660 659 56 69
a 660 690 92 88
a 661 691 42 64
a 661 692 47 70
a 661 662 57 28
a 662 691 92 44
a 662 661 17 71
a 662 692 14 78
a 662 693 21 29
a 662 663 15 79
a 663 692 54 98
a 663 662 96 9
a 663 693 48 22
a 663 694 76 98
a 663 664 20 39
a 664 693 48 94
a 664 663 49 56
a 664 694 73 1
a 664 695 62 6
a 664 665 63 46
a 665 694 32 98
a 665 664 88 5
a 665 695 2 35
a 665 696 9 62
a 665 666 10 42
a 666 695 91 35
a 666 665 74 5
a 666 696 53 68
a 666 697 80 79
a 666 667 85 39
a 667 696 67 5
a 667 666 58 34
a 667 697 48 21
a 667 698 62 50
a 667 668 41 63
a 668 697 38 97
a 668 667 88 84
a 668 698 71 4
a 668 699 60 100
a 668 669 50 72
a 669 698 54 65
a 669 668 73 25
a 669 699 27 66
a 669 700 37 54
a 669 670 37 22
a 670 699 68 4
a 670 669 68 1
a 670 700 40 70
a 670 701 66 78
a 670 671 82 22
a 671 700 32 95
a 671 670 1 38
a 671 701 42 54
a 671 702 27 87
a 671 672 6 21
a 672 701 99 63
a 672 671 17 96
a 672 702 100 5
a 672 703 65 59
a 672 673 65 50
a 673 702 74 83
a 673 672 26 99
a 673 703 100 55
a 673 704 32 69
a 673 674 58 49
a 674 703 61 19
a 674 673 79 95
a 674 704 27 66
a 674 705 63 71
a 674 675 35 55
a 675 704 72 70
a 675 674 74 27
a 675 705 34 80
a 675 706 56 12
a 675 676 72 42
a 676 705 1 4
a 676 675 39 38
a 676 706 25 37
a 676 707 74 68
a 676 677 15 76
a 677 706 55 71
a 677 676 35 28
a 677 707 96 30
a 677 708 22 64
a 677 678 9 72
a 678 707 91 93
a 678 677 51 27
a 678 708 83 25
a 678 709 83 17
a 678 679 89 8
a 679 708 49 34
a 679 678 60 93
a 679 709 23 23
a 679 710 90 71
a 679 680 46 87
a 680 709 60 18
a 680 679 93 39
a 680 710 12 45
a 680 711 70 40
a 680 681 11 9
a 681 710 37 45
a 681 680 51 31
a 681 711 6 81
a 681 712 44 41
a 681 682 47 94
a 682 711 83 42
a 682 681 36 76
a 682 712 59 73
a 682 713 60 81
a 682 683 86 19
a 683 712 97 1
a 683 682 73 52
a 683 713 91 15
a 683 714 80 41
a 683 684 58 50
a 684 713 21 96
a 684 683 11 30
a 684 714 23 3
a 684 715 22 23
a 684 685 51 94
a 685 714 53 37
a 685 684 50 35
a 685 715 56 59
a 685 716 14 27
a 685 686 72 41
a 686 715 100 23
a 686 685 94 56
a 686 716 11 6
a 686 717 95 41
a 686 687 20 94
a 687 716 66 83
a 687 686 41 11
a 687 717 31 27
a 687 718 28 19
a 687 688 22 69
a 688 717 68 12
a 688 687 75 80
a 688 718 87 57
a 688 719 89 75
a 688 689 41 8
a 689 718 52 91
a 689 688 56 41
a 689 719 62 70
a 689 720 13 75
a 689 690 99 10
a 690 719 74 7
a 690 689 50 99
a 690 720 51 90
a 691 721 36 71
a 691 722 12 33
a 691 692 2 80
a 692 721 80 21
a 692 691 87 4
a 692 722 93 93
a 692 723 79 44
a 692 693 87 15
a 693 722 53 15
a 693 692 54 99
a 693 723 60 7
a 693 724 32 23
a 693 694 41 90
a 694 723 64 92
a 694 693 64 18
a 694 724 66 26
a 694 725 12 11
a 694 695 69 95
a 695 724 95 23
a 695 694 31 26
a 695 725 50 92
a 695 726 56 60
a 695 696 15 10
a 696 725 40 20
a 696 695 53 76
a 696 726 23 83
a 696 727 17 77
a 696 697 44 7
a 697 726 83 12
a 697 696 13 93
a 697 727 99 37
a 697 728 95 79
a 697 698 70 19
a 698 727 26 67
a 698 697 48 74
a 698 728 89 38
a 698 729 48 66
a 698 699 56 32
a 699 728 45 10
a 699 698 6 89
a 699 729 97 96
a 699 730 49 23
a 699 700 84 42
a 700 729 96 86
a 700 699 46 2
a 700 730 17 74
a 700 731 64 71
a 700 701 86 92
a 701 730 37 83
a 701 700 79 63
a 701 731 98 5
a 701 732 65 74
a 701 702 34 16
a 702 731 81 99
a 702 701 20 7
a 702 732 87 35
a 702 733 41 41
a 702 703 22 33
a 703 732 37 65
a 703 702 46 98
a 703 733 58 82
a 703 734 29 47
a 703 704 1 28
a 704 733 58 9
a 704 703 26 50
a 704 734 52 61
a 704 735 72 25
a 704 705 40 97
a 705 734 10 79
a 705 704 7 71
a 705 735 60 66
a 705 736 75 17
a 705 706 33 52
a 706 735 60 83
a 706 705 61 14
a 706 736 87 52
a 706 737 79 69
a 706 707 27 56
a 707 736 62 33
a 707 706 84 59
a 707 737 90 45
a 707 738 93 68
a 707 708 70 45
a 708 737 82 100
a 708 707 40 15
a 708 738 43 62
a 708 739 54 21
a 708 709 44 97
a 709 738 52 72
a 709 708 49 80
a 709 739 11 26
a 709 740 54 66
a 709 710 57 86
a 710 739 53 21
a 710 709 98 21
a 710 740 64 26
a 710 741 83 32
a 710 711 3 99
a 711 740 25 41
a 711 710 66 18
a 711 741 18 12
a 711 742 92 66
a 711 712 49 2
a 712 741 88 55
a 712 711 24 95
a 712 742 49 23
a 712 743 15 16
a 712 713 25 48
a 713 742 99 79
a 713 712 98 18
a 713 743 21 16
a 713 744 45 89
a 713 714 6 63
a 714 743 57 56
a 714 713 48 74
a 714 744 45 21
a 714 745 95 57
a 714 715 25 81
a 715 744 41 45
a 715 714 87 92
a 715 745 59 79
a 715 746 34 94
a 715 716 22 96
a 716 745 52 81
a 716 715 87 82
a 716 746 82 67
a 716 747 32 58
a 716 717 24 17
a 717 746 71 66
a 717 716 86 78
a 717 747 12 15
a 717 748 6 57
a 717 718 74 75
a 718 747 84 62
a 718 717 31 52
a 718 748 11 79
a 718 749 91 93
a 718 719 97 88
a 719 748 64 91
a 719 718 33 58
a 719 749 48 48
a 719 750 53 84
a 719 720 54 52
a 720 749 9 53
a 720 719 50 16
a 720 750 80 69
a 721 751 88 100
a 721 752 62 75
a 721 722 81 42
a 722 751 21 12
a 722 721 22 13
a 722 752 34 33
a 722 753 66 97
a 722 723 79 49
a 723 752 63 63
a 723 722 74 10
a 723 753 61 37
a 723 754 19 18
a 723 724 51 45
a 724 753 59 77
a 724 723 27 98
a 724 754 31 33
a 724 755 8 49
a 724 725 93 79
a 725 754 70 58
a 725 724 78 25
a 725 755 35 3
a 725 756 60 22
a 725 726 74 74
a 726 755 7 97
a 726 725 93 94
a 726 756 27 86
a 726 757 99 53
a 726 727 100 95
a 727 756 52 17
a 727 726 75 51
a 727 757 97 64
a 727 758 97 17
a 727 728 21 31
a 728 757 35 72
a 728 727 75 94
a 728 758 28 4
a 728 759 13 42
a 728 729 99 57
a 729 758 13 69
a 729 728 68 96
a 729 759 38 56
a 729 760 78 29
a 729 730 27 39
a 730 759 69 64
a 730 729 36 68
a 730 760 89 37
a 730 761 78 54
a 730 731 27 51
a 731 760 34 81
a 731 730 23 94
a 731 761 94 71
a 731 762 68 81
a 731 732 45 39
a 732 761 37 34
a 732 731 72 11
a 732 762 56 21
a 732 763 21 95
a 732 733 65 60
a 733 762 91 84
a 733 732 5 57
a 733 763 52 75
a 733 764 24 51
a 733 734 89 83
a 734 763 34 10
a 734 733 68 99
a 734 764 78 78
a 734 765 68 74
a 734 735 33 59
a 735 764 77 1
a 735 734 94 74
a 735 765 35 65
a 735 766 23 82
a 735 736 94 25
a 736 765 24 94
a 736 735 72 40
a 736 766 43 71
a 736 767 35 49
a 736 737 33 94
a 737 766 65 5
a 737 736 89 74
a 737 767 54 82
a 737 768 63 64
a 737 738 93 72
a 738 767 43 68
a 738 737 96 20
a 738 768 55 89
a 738 769 94 2
a 738 739 15 70
a 739 768 38 5
a 739 738 5 76
a 739 769 90 19
a 739 770 81 36
a 739 740 50 15
a 740 769 44 17
a 740 739 99 2
a 740 770 8 55
a 740 771 65 20
a 740 741 91 27
a 741 770 21 36
a 741 740 30 79
a 741 771 51 25
a 741 772 68 54
a 741 742 100 88
a 742 771 82 17
a 742 741 16 48
a 742 772 70 33
a 742 773 89 92
a 742 743 39 10
a 743 772 4 39
a 743 742 28 61
a 743 773 84 31
a 743 774 67 25
a 743 744 28 56
a 744 773 50 60
a 744 743 56 28
a 744 774 62 96
a 744 775 41 7
a 744 745 57 14
a 745 774 67 25
a 745 744 42 47
a 745 775 41 44
a 745 776 39 26
a 745 746 49 93
a 746 775 55 91
a 746 745 69 67
a 746 776 34 29
a 746 777 6 99
a 746 747 62 52
a 747 776 39 55
a 747 746 7 34
a 747 777 74 70
a 747 778 16 43
a 747 748 47 74
a 748 777 73 44
a 748 747 54 27
a 748 778 93 68
a 748 779 68 39
a 748 749 69 35
a 749 778 37 76
a 749 748 18 16
a 749 779 26 34
a 749 780 97 38
a 749 750 54 76
a 750 779 29 48
a 750 749 79 59
a 750 780 27 94
a 751 781 50 60
a 751 782 70 28
a 751 752 23 14
a 752 781 21 33
a 752 751 12 7
a 752 782 62 69
a 752 783 61 61
a 752 753 20 59
a 753 782 55 90
a 753 752 17 82
a 753 783 14 17
a 753 784 54 96
a 753 754 84 40
a 754 783 85 29
a 754 753 19 79
a 754 784 34 39
a 754 785 10 86
a 754 755 6 31
a 755 784 96 52
a 755 754 72 28
a 755 785 11 20
a 755 786 61 92
a 755 756 69 40
a 756 785 52 58
a 756 755 49 42
a 756 786 11 43
a 756 787 25 63
a 756 757 93 70
a 757 786 32 72
a 757 756 5 12
a 757 787 27 83
a 757 788 60 98
a 757 758 24 86
a 758 787 39 20
a 758 757 63 3
a 758 788 100 62
a 758 789 25 91
a 758 759 90 34
a 759 788 11 62
a 759 758 16 93
a 759 789 57 46
a 759 790 56 37
a 759 760 20 4
a 760 789 2 77
a 760 759 1 32
a 760 790 81 51
a 760 791 88 19
a 760 761 80 86
a 761 790 98 30
a 761 760 93 31
a 761 791 87 59
a 761 792 50 78
a 761 762 87 53
a 762 791 18 7
a 762 761 16 90
a 762 792 89 16
a 762 793 17 80
a 762 763 68 90
a 763 792 63 16
a 763 762 100 100
a 763 793 41 71
a 763 794 81 59
a 763 764 33 40
a 764 793 98 88
a 764 763 30 87
a 764 794 16 16
a 764 795 17 64
a 764 765 53 85
a 765 794 29 31
a 765 764 88 75
a 765 795 39 17
a 765 796 22 54
a 765 766 78 65
a 766 795 3 36
a 766 765 68 4
a 766 796 84 91
a 766 797 91 86
a 766 767 61 44
a 767 796 67 5
a 767 766 72 95
a 767 797 85 41
a 767 798 32 39
a 767 768 84 27
a 768 797 39 27
a 768 767 19 36
a 768 798 39 6
a 768 799 20 93
a 768 769 5 4
a 769 798 57 33
a 769 768 86 34
a 769 799 22 15
a 769 800 41 55
a 769 770 74 53
a 770 799 37 98
a 770 769 93 30
a 770 800 16 16
a 770 801 87 88
a 770 771 90 68
a 771 800 28 39
a 771 770 61 18
a 771 801 37 91
a 771 802 61 53
a 771 772 60 52
a 772 801 36 5
a 772 771 36 51
a 772 802 83 39
a 772 803 14 49
a 772 773 24 60
a 773 802 20 12
a 773 772 82 66
a 773 803 40 28
a 773 804 10 75
a 773 774 56 43
a 774 803 88 35
a 774 773 18 92
a 774 804 90 1
a 774 805 59 75
a 774 775 97 50
a 775 804 63 78
a 775 774 67 90
a 775 805 88 80
a 775 806 44 29
a 775 776 30 6
a 776 805 61 21
a 776 775 51 75
a 776 806 54 82
a 776 807 23 94
a 776 777 60 99
a 777 806 36 31
a 777 776 12 13
a 777 807 65 79
a 777 808 83 10
a 777 778 69 57
a 778 807 40 78
a 778 777 27 37
a 778 808 39 54
a 778 809 25 41
a 778 779 76 15
a 779 808 29 47
a 779 778 64 31
a 779 809 80 85
a 779 810 67 7
a 779 780 66 20
a 780 809 100 48
a 780 779 59 28
a 780 810 37 8
a 781 811 10 15
a 781 812 40 17
a 781 782 31 85
a 782 811 96 54
a 782 781 10 19
a 782 812 60 42
a 782 813 14 39
a 782 783 95 73
a 783 812 68 11
a 783 782 64 53
a 783 813 27 100
a 783 814 28 2
a 783 784 22 7
a 784 813 2 59
a 784 783 41 38
a 784 814 87 57
a 784 815 100 28
a 784 785 41 40
a 785 814 40 18
a 785 784 6 36
a 785 815 88 59
a 785 816 5 25
a 785 786 45 9
a 786 815 53 30
a 786 785 6 62
a 786 816 26 56
a 786 817 48 26
a 786 787 77 1
a 787 816 78 77
a 787 786 36 60
a 787 817 81 21
a 787 818 35 56
a 787 788 75 70
a 788 817 57 48
a 788 787 42 74
a 788 818 3 58
a 788 819 40 85
a 788 789 20 84
a 789 818 81 26
a 789 788 86 24
a 789 819 68 57
a 789 820 9 24
a 789 790 39 79
a 790 819 55 66
a 790 789 79 60
a 790 820 64 78
a 790 821 41 64
a 790 791 75 34
a 791 820 12 18
a 791 790 57 31
a 791 821 63 55
a 791 822 38 26
a 791 792 34 66
a 792 821 50 82
a 792 791 85 85
a 792 822 59 2
a 792 823 77 71
a 792 793 10 91
a 793 822 80 45
a 793 792 44 79
a 793 823 68 80
a 793 824 62 78
a 793 794 55 92
a 794 823 57 49
a 794 793 62 3
a 794 824 20 29
a 794 825 72 90
a 794 795 67 38
a 795 824 79 89
a 795 794 70 92
a 795 825 30 67
a 795 826 67 88
a 795 796 1 32
a 796 825 77 16
a 796 795 95 58
a 796 826 62 10
a 796 827 17 75
a 796 797 56 99
a 797 826 45 25
a 797 796 95 11
a 797 827 6 77
a 797 828 11 81
a 797 798 54 79
a 798 827 74 20
a 798 797 30 82
a 798 828 74 74
a 798 829 65 80
a 798 799 26 78
a 799 828 81 64
a 799 798 29 37
a 799 829 59 95
a 799 830 71 69
a 799 800 63 31
a 800 829 87 9
a 800 799 61 87
a 800 830 79 90
a 800 831 47 81
a 800 801 6 52
a 801 830 7 73
a 801 800 4 50
a 801 831 59 98
a 801 832 83 39
a 801 802 84 43
a 802 831 36 20
a 802 801 97 96
a 802 832 3 38
a 802 833 82 28
a 802 803 33 42
a 803 832 73 15
a 803 802 62 14
a 803 833 16 89
a 803 834 12 71
a 803 804 77 46
a 804 833 12 53
a 804 803 8 65
a 804 834 75 74
a 804 835 39 76
a 804 805 76 31
a 805 834 88 30
a 805 804 29 98
a 805 835 75 71
a 805 836 67 72
a 805 806 22 89
a 806 835 43 71
a 806 805 36 48
a 806 836 55 35
a 806 837 54 80
a 806 807 99 51
a 807 836 33 24
a 807 806 30 61
a 807 837 97 31
a 807 838 57 18
a 807 808 29 60
a 808 837 98 47
a 808 807 17 79
a 808 838 81 80
a 808 839 53 21
a 808 809 100 95
a 809 838 85 1
a 809 808 2 42
a 809 839 67 68
a 809 840 59 95
a 809 810 19 73
a 810 839 70 52
a 810 809 10 15
a 810 840 16 71
a 811 841 33 63
a 811 842 16 57
a 811 812 78 94
a 812 841 25 47
a 812 811 59 91
a 812 842 68 54
a 812 843 19 99
a 812 813 47 30
a 813 842 61 74
a 813 812 56 82
a 813 843 2 37
a 813 844 90 60
a 813 814 95 69
a 814 843 43 20
a 814 813 33 48
a 814 844 13 56
a 814 845 22 69
a 814 815 2 6
a 815 844 33 3
a 815 814 96 78
a 815 845 26 5
a 815 846 39 16
a 815 816 87 72
a 816 845 28 26
a 816 815 23 2
a 816 846 50 70
a 816 847 98 87
a 816 817 31 50
a 817 846 94 43
a 817 816 84 50
a 817 847 25 58
a 817 848 26 95
a 817 818 3 44
a 818 847 26 91
a 818 817 67 50
a 818 848 56 88
a 818 849 74 63
a 818 819 65 74
a 819 848 48 72
a 819 818 74 82
a 819 849 43 33
a 819 850 41 100
a 819 820 62 100
a 820 849 47 58
a 820 819 92 97
a 820 850 51 61
a 820 851 90 57
a 820 821 55 21
a 821 850 71 33
a 821 820 89 71
a 821 851 99 75
a 821 852 1 99
a 821 822 78 35
a 822 851 74 88
a 822 821 15 63
a 822 852 38 6
a 822 853 93 5
a 822 823 92 99
a 823 852 55 98
a 823 822 61 31
a 823 853 80 16
a 823 854 71 19
a 823 824 37 2
a 824 853 43 90
a 824 823 60 48
a 824 854 49 5
a 824 855 53 46
a 824 825 54 52
a 825 854 4 62
a 825 824 6 66
a 825 855 6 2
a 825 856 64 8
a 825 826 81 80
a 826 855 27 63
a 826 825 20 92
a 826 856 78 6
a 826 857 24 84
a 826 827 76 79
a 827 856 26 12
a 827 826 15 1
a 827 857 40 25
a 827 858 8 19
a 827 828 94 16
a 828 857 80 41
a 828 827 38 40
a 828 858 53 72
a 828 859 29 28
a 828 829 19 57
a 829 858 23 59
a 829 828 86 44
a 829 859 77 63
a 829 860 66 67
a 829 830 54 69
a 830 859 59 72
a 830 829 39 83
a 830 860 35 14
a 830 861 96 100
a 830 831 12 52
a 831 860 1 32
a 831 830 35 58
a 831 861 6 16
a 831 862 15 19
a 831 832 87 49
a 832 861 12 100
a 832 831 31 86
a 832 862 89 41
a 832 863 47 93
a 832 833 61 1
a 833 862 47 23
a 833 832 34 4
a 833 863 46 51
a 833 864 10 50
a 833 834 77 12
a 834 863 19 80
a 834 833 35 86
a 834 864 62 10
a 834 865 10 48
a 834 835 1 77
a 835 864 8 41
a 835 834 67 18
a 835 865 100 97
a 835 866 81 12
a 835 836 89 20
a 836 865 66 40
a 836 835 92 5
a 836 866 27 2
a 836 867 83 41
a 836 837 9 37
a 837 866 89 82
a 837 836 8 39
a 837 867 26 43
a 837 868 2 22
a 837 838 43 58
a 838 867 34 23
a 838 837 77 13
a 838 868 11 6
a 838 869 28 48
a 838 839 37 88
a 839 868 80 3
a 839 838 90 69
a 839 869 91 28
a 839 870 73 42
a 839 840 17 32
a 840 869 79 46
a 840 839 53 66
a 840 870 40 93
a 841 871 65 46
a 841 872 23 54
a 841 842 33 55
a 842 871 58 5
a 842 841 5 16
a 842 872 97 42
a 842 873 97 30
a 842 843 84 81
a 843 872 91 63
a 843 842 100 100
a 843 873 69 12
a 843 874 67 35
a 843 844 88 4
a 844 873 18 81
a 844 843 37 80
a 844 874 49 58
a 844 875 14 47
a 844 845 100 89
a 845 874 8 51
a 845 844 5 96
a 845 875 36 83
a 845 876 28 14
a 845 846 17 84
a 846 875 84 23
a 846 845 11 31
a 846 876 21 12
a 846 877 46 64
a 846 847 8 23
a 847 876 33 33
a 847 846 56 100
a 847 877 44 55
a 847 878 93 98
a 847 848 53 18
a 848 877 70 3
a 848 847 44 97
a 848 878 95 2
a 848 879 99 4
a 848 849 10 75
a 849 878 22 90
a 849 848 12 98
a 849 879 19 7
a 849 880 65 74
a 849 850 10 34
a 850 879 29 53
a 850 849 43 48
a 850 880 45 20
a 850 881 40 72
a 850 851 58 49
a 851 880 82 48
a 851 850 41 9
a 851 881 29 63
a 851 882 76 29
a 851 852 14 37
a 852 881 61 60
a 852 851 69 47
a 852 882 9 94
a 852 883 7 7
a 852 853 95 29
a 853 882 28 20
a 853 852 15 85
a 853 883 78 60
a 853 884 98 47
a 853 854 76 55
a 854 883 34 51
a 854 853 82 48
a 854 884 60 62
a 854 885 59 35
a 854 855 61 43
a 855 884 55 9
a 855 854 5 46
a 855 885 18 97
a 855 886 29 43
a 855 856 100 100
a 856 885 5 34
a 856 855 54 63
a 856 886 15 63
a 856 887 95 18
a 856 857 87 57
a 857 886 59 8
a 857 856 8 12
a 857 887 25 63
a 857 888 48 55
a 857 858 13 53
a 858 887 28 90
a 858 857 1 81
a 858 888 75 97
a 858 889 25 78
a 858 859 10 89
a 859 888 21 69
a 859 858 64 56
a 859 889 51 99
a 859 890 36 91
a 859 860 70 80
a 860 889 44 97
a 860 859 15 15
a 860 890 52 92
a 860 891 74 31
a 860 861 4 76
a 861 890 49 91
a 861 860 19 4
a 861 891 85 76
a 861 892 79 68
a 861 862 46 23
a 862 891 38 57
a 862 861 50 2
a 862 892 71 44
a 862 893 78 83
a 862 863 49 37
a 863 892 77 8
a 863 862 24 76
a 863 893 2 75
a 863 894 94 39
a 863 864 49 50
a 864 893 50 40
a 864 863 73 84
a 864 894 37 39
a 864 895 25 14
a 864 865 49 71
a 865 894 93 92
a 865 864 35 29
a 865 895 48 79
a 865 896 80 97
a 865 866 4 33
a 866 895 48 85
a 866 865 31 49
a 866 896 68 86
a 866 897 53 45
a 866 867 99 29
a 867 896 11 99
a 867 866 12 100
a 867 897 46 23
a 867 898 10 77
a 867 868 100 15
a 868 897 80 35
a 868 867 5 36
a 868 898 88 22
a 868 899 54 85
a 868 869 51 56
a 869 898 6 39
a 869 868 93 67
a 869 899 65 56
a 869 900 67 69
a 869 870 32 85
a 870 899 33 47
a 870 869 87 6
a 870 900 90 31
