p sp 102 416
n 0 s
n 101 t
a 0 1 37 65
a 0 2 86 45
a 0 3 81 55
a 0 4 69 50
a 0 5 51 35
a 0 6 1 13
a 0 7 9 12
a 0 8 96 63
a 0 9 62 39
a 0 10 8 80
a 91 101 43 25
a 92 101 84 52
a 93 101 19 5
a 94 101 40 1
a 95 101 77 12
a 96 101 24 74
a 97 101 80 92
a 98 101 36 93
a 99 101 19 7
a 100 101 47 35
a 1 11 26 81
a 1 12 74 48
a 2 11 34 96
a 2 12 13 90
a 2 13 77 53
a 3 12 13 46
a 3 13 95 71
a 3 14 45 53
a 4 13 9 66
a 4 14 27 58
a 4 15 75 26
a 5 14 97 30
a 5 15 73 6
a 5 16 21 6
a 6 15 30 48
a 6 16 55 53
a 6 17 38 21
a 7 16 15 97
a 7 17 81 22
a 7 18 32 99
a 8 17 77 95
a 8 18 88 87
a 8 19 98 57
a 9 18 9 2
a 9 19 26 99
a 9 20 7 19
a 10 19 88 38
a 10 20 27 82
a 11 21 41 60
a 11 22 46 56
a 11 12 49 67
a 12 21 92 73
a 12 11 96 88
a 12 22 16 31
a 12 23 35 64
a 12 13 93 42
a 13 22 58 55
a 13 12 79 86
a 13 23 8 3
a 13 24 24 6
a 13 14 32 40
a 14 23 58 48
a 14 13 78 82
a 14 24 49 70
a 14 25 68 57
a 14 15 77 6
a 15 24 2 77
a 15 14 2 45
a 15 25 91 49
a 15 26 62 91
a 15 16 82 65
a 16 25 93 88
a 16 15 36 20
a 16 26 11 45
a 16 27 53 13
a 16 17 62 93
a 17 26 43 30
a 17 16 90 65
a 17 27 88 76
a 17 28 96 22
a 17 18 85 78
a 18 27 55 38
a 18 17 21 92
a 18 28 10 60
a 18 29 37 93
a 18 19 86 10
a 19 28 20 20
a 19 18 60 48
a 19 29 82 4
a 19 30 36 66
a 19 20 69 59
a 20 29 96 19
a 20 19 29 37
a 20 30 9 53
a 21 31 83 98
a 21 32 83 99
a 21 22 85 18
a 22 31 12 46
a 22 21 32 26
a 22 32 8 43
a 22 33 10 11
a 22 23 59 69
a 23 32 31 23
a 23 22 28 19
a 23 33 60 60
a 23 34 74 34
a 23 24 32 77
a 24 33 78 4
a 24 23 84 44
a 24 34 73 74
a 24 35 25 50
a 24 25 74 68
a 25 34 63 82
a 25 24 16 46
a 25 35 61 49
a 25 36 98 76
a 25 26 100 72
a 26 35 80 79
a 26 25 81 29
a 26 36 72 19
a 26 37 80 67
a 26 27 17 8
a 27 36 51 59
a 27 26 31 25
a 27 37 28 23
a 27 38 83 50
a 27 28 91 51
a 28 37 2 81
a 28 27 76 89
a 28 38 11 24
a 28 39 50 55
a 28 29 50 34
a 29 38 17 39
a 29 28 45 18
a 29 39 86 97
a 29 40 1 38
a 29 30 20 61
a 30 39 16 66
a 30 29 1 37
a 30 40 23 73
a 31 41 63 48
a 31 42 7 50
a 31 32 14 57
a 32 41 86 23
a 32 31 36 53
a 32 42 84 22
a 32 43 41 3
a 32 33 92 37
a 33 42 93 89
a 33 32 97 24
a 33 43 52 57
a 33 44 21 79
a 33 34 48 43
a 34 43 37 58
a 34 33 26 51
a 34 44 99 49
a 34 45 43 12
a 34 35 17 9
a 35 44 61 39
a 35 34 47 37
a 35 45 15 86
a 35 46 5 74
a 35 36 17 8
a 36 45 19 93
a 36 35 10 46
a 36 46 26 83
a 36 47 88 20
a 36 37 51 15
a 37 46 66 5
a 37 36 7 13
a 37 47 26 74
a 37 48 22 59
a 37 38 88 65
a 38 47 49 76
a 38 37 96 47
a 38 48 20 39
a 38 49 40 29
a 38 39 88 30
a 39 48 70 20
a 39 38 55 99
a 39 49 10 93
a 39 50 2 67
a 39 40 95 94
a 40 49 44 89
a 40 39 8 18
a 40 50 13 59
a 41 51 57 24
a 41 52 48 17
a 41 42 36 31
a 42 51 87 12
a 42 41 27 24
a 42 52 18 25
a 42 53 44 62
a 42 43 75 82
a 43 52 81 38
a 43 42 21 10
a 43 53 81 98
a 43 54 66 82
a 43 44 4 98
a 44 53 35 17
a 44 43 6 19
a 44 54 4 44
a 44 55 84 10
a 44 45 98 67
a 45 54 29 5
a 45 44 95 23
a 45 55 34 18
a 45 56 79 80
a 45 46 62 48
a 46 55 84 84
a 46 45 100 13
a 46 56 44 95
a 46 57 32 54
a 46 47 10 94
a 47 56 14 10
a 47 46 29 59
a 47 57 18 3
a 47 58 97 59
a 47 48 81 48
a 48 57 67 95
a 48 47 15 40
a 48 58 20 21
a 48 59 94 77
a 48 49 46 7
a 49 58 31 91
a 49 48 48 2
a 49 59 25 51
a 49 60 36 56
a 49 50 95 37
a 50 59 58 88
a 50 49 83 17
a 50 60 21 28
a 51 61 10 91
a 51 62 74 29
a 51 52 94 95
a 52 61 28 79
a 52 51 71 92
a 52 62 84 88
a 52 63 6 21
a 52 53 40 70
a 53 62 83 32
a 53 52 4 77
a 53 63 99 83
a 53 64 70 63
a 53 54 98 82
a 54 63 22 84
a 54 53 3 55
a 54 64 99 55
a 54 65 62 27
a 54 55 88 6
a 55 64 38 73
a 55 54 76 74
a 55 65 85 23
a 55 66 93 62
a 55 56 45 46
a 56 65 95 2
a 56 55 98 31
a 56 66 10 13
a 56 67 66 53
a 56 57 57 83
a 57 66 32 29
a 57 56 34 58
a 57 67 76 12
a 57 68 44 60
a 57 58 72 45
a 58 67 19 10
a 58 57 65 63
a 58 68 60 8
a 58 69 65 8
a 58 59 9 28
a 59 68 17 76
a 59 58 83 33
a 59 69 83 47
a 59 70 98 30
a 59 60 18 21
a 60 69 86 1
a 60 59 54 35
a 60 70 90 53
a 61 71 36 96
a 61 72 47 35
a 61 62 86 12
a 62 71 79 84
a 62 61 75 38
a 62 72 67 70
a 62 73 58 89
a 62 63 14 26
a 63 72 9 75
a 63 62 19 33
a 63 73 43 29
a 63 74 86 39
a 63 64 15 19
a 64 73 8 88
a 64 63 40 52
a 64 74 18 95
a 64 75 73 83
a 64 65 81 5
a 65 74 80 38
a 65 64 72 66
a 65 75 84 44
a 65 76 37 51
a 65 66 53 98
a 66 75 45 20
a 66 65 22 63
a 66 76 67 14
a 66 77 45 24
a 66 67 45 81
a 67 76 9 38
a 67 66 80 28
a 67 77 61 67
a 67 78 65 14
a 67 68 45 29
a 68 77 89 25
a 68 67 59 71
a 68 78 97 90
a 68 79 41 42
a 68 69 23 51
a 69 78 30 24
a 69 68 86 29
a 69 79 90 48
a 69 80 68 2
a 69 70 94 97
a 70 79 35 44
a 70 69 5 16
a 70 80 13 21
a 71 81 2 29
a 71 82 53 2
a 71 72 91 54
a 72 81 79 51
a 72 71 63 60
a 72 82 8 17
a 72 83 44 53
a 72 73 96 11
a 73 82 44 39
a 73 72 93 74
a 73 83 23 6
a 73 84 93 87
a 73 74 94 95
a 74 83 67 32
a 74 73 10 44
a 74 84 27 60
a 74 85 34 13
a 74 75 52 93
a 75 84 87 50
a 75 74 32 88
a 75 85 40 29
a 75 86 27 22
a 75 76 79 91
a 76 85 84 61
a 76 75 68 78
a 76 86 22 35
a 76 87 3 81
a 76 77 78 65
a 77 86 20 51
a 77 76 99 76
a 77 87 75 42
a 77 88 95 24
a 77 78 62 84
a 78 87 32 65
a 78 77 49 54
a 78 88 59 23
a 78 89 29 53
a 78 79 52 19
a 79 88 21 18
a 79 78 16 87
a 79 89 17 73
a 79 90 17 16
a 79 80 44 33
a 80 89 60 62
a 80 79 33 24
a 80 90 77 94
a 81 91 74 91
a 81 92 16 49
a 81 82 2 2
a 82 91 75 19
a 82 81 90 44
a 82 92 97 72
a 82 93 55 28
a 82 83 73 10
a 83 92 90 29
a 83 82 36 1
a 83 93 68 93
a 83 94 89 40
a 83 84 93 46
a 84 93 63 24
a 84 83 97 67
a 84 94 66 32
a 84 95 75 81
a 84 85 66 23
a 85 94 78 9
a 85 84 6 39
a 85 95 61 5
a 85 96 17 75
a 85 86 34 88
a 86 95 75 32
a 86 85 10 7
a 86 96 34 69
a 86 97 21 94
a 86 87 76 29
a 87 96 18 49
a 87 86 29 66
a 87 97 95 83
a 87 98 63 67
a 87 88 100 81
a 88 97 26 87
a 88 87 29 28
a 88 98 57 13
a 88 99 45 73
a 88 89 59 53
a 89 98 45 74
a 89 88 63 65
a 89 99 6 70
a 89 100 49 1
a 89 90 12 7
a 90 99 88 73
a 90 89 36 84
a 90 100 61 88
