p sp 27 86
n 0 s
n 26 t
a 0 1 9 73
a 0 2 41 68
a 0 3 90 51
a 0 4 7 20
a 0 5 48 69
a 21 26 95 87
a 22 26 35 15
a 23 26 15 17
a 24 26 68 100
a 25 26 31 32
a 1 6 79 48
a 1 7 100 43
a 2 6 57 15
a 2 7 63 36
a 2 8 54 63
a 3 7 80 27
a 3 8 8 51
a 3 9 31 25
a 4 8 98 16
a 4 9 68 89
a 4 10 3 56
a 5 9 59 20
a 5 10 43 41
a 6 11 35 84
a 6 12 37 68
a 6 7 60 67
a 7 11 99 32
a 7 6 100 10
a 7 12 59 3
a 7 13 71 74
a 7 8 15 63
a 8 12 95 14
a 8 7 35 57
a 8 13 39 27
a 8 14 95 48
a 8 9 92 37
a 9 13 36 89
a 9 8 34 72
a 9 14 9 24
a 9 15 6 20
a 9 10 32 94
a 10 14 73 93
a 10 9 47 66
a 10 15 9 38
a 11 16 36 3
a 11 17 87 36
a 11 12 4 50
a 12 16 44 68
a 12 11 71 65
a 12 17 97 67
a 12 18 10 80
a 12 13 23 58
a 13 17 19 5
a 13 12 25 58
a 13 18 58 48
a 13 19 57 12
a 13 14 46 1
a 14 18 29 39
a 14 13 58 33
a 14 19 18 16
a 14 20 1 98
a 14 15 64 95
a 15 19 25 68
a 15 14 10 40
a 15 20 8 14
a 16 21 82 68
a 16 22 98 75
a 16 17 36 71
a 17 21 100 6
a 17 16 2 6
a 17 22 25 77
a 17 23 39 98
a 17 18 54 50
a 18 22 86 72
a 18 17 76 93
a 18 23 72 44
a 18 24 46 27
a 18 19 71 38
a 19 23 87 100
a 19 18 53 12
a 19 24 69 25
a 19 25 64 42
a 19 20 28 30
a 20 24 15 27
a 20 19 94 50
a 20 25 39 33
