p sp 902 4236
n 0 s
n 901 t
a 0 1 9 73
a 0 2 41 68
a 0 3 90 51
a 0 4 7 20
a 0 5 48 69
a 0 6 95 87
a 0 7 35 15
a 0 8 15 17
a 0 9 68 100
a 0 10 31 32
a 0 11 79 48
a 0 12 100 43
a 0 13 57 15
a 0 14 63 36
a 0 15 54 63
a 0 16 80 27
a 0 17 8 51
a 0 18 31 25
a 0 19 98 16
a 0 20 68 89
a 0 21 3 56
a 0 22 59 20
a 0 23 43 41
a 0 24 35 84
a 0 25 37 68
a 0 26 60 67
a 0 27 99 32
a 0 28 100 10
a 0 29 59 3
a 0 30 71 74
a 871 901 15 63
a 872 901 95 14
a 873 901 35 57
a 874 901 39 27
a 875 901 95 48
a 876 901 92 37
a 877 901 36 89
a 878 901 34 72
a 879 901 9 24
a 880 901 6 20
a 881 901 32 94
a 882 901 73 93
a 883 901 47 66
a 884 901 9 38
a 885 901 36 3
a 886 901 87 36
a 887 901 4 50
a 888 901 44 68
a 889 901 71 65
a 890 901 97 67
a 891 901 10 80
a 892 901 23 58
a 893 901 19 5
a 894 901 25 58
a 895 901 58 48
a 896 901 57 12
a 897 901 46 1
a 898 901 29 39
a 899 901 58 33
a 900 901 18 16
a 1 31 1 98
a 1 32 64 95
a 2 31 25 68
a 2 32 10 40
a 2 33 8 14
a 3 32 82 68
a 3 33 98 75
a 3 34 36 71
a 4 33 100 6
a 4 34 2 6
a 4 35 25 77
a 5 34 39 98
a 5 35 54 50
a 5 36 86 72
a 6 35 76 93
a 6 36 72 44
a 6 37 46 27
a 7 36 71 38
a 7 37 87 100
a 7 38 53 12
a 8 37 69 25
a 8 38 64 42
a 8 39 28 30
a 9 38 15 27
a 9 39 94 50
a 9 40 39 33
a 10 39 3 58
a 10 40 5 1
a 10 41 78 18
a 11 40 15 77
a 11 41 2 12
a 11 42 66 42
a 12 41 7 15
a 12 42 10 70
a 12 43 81 23
a 13 42 30 79
a 13 43 16 8
a 13 44 48 90
a 14 43 31 73
a 14 44 37 4
a 14 45 2 80
a 15 44 42 67
a 15 45 10 36
a 15 46 66 16
a 16 45 32 50
a 16 46 76 53
a 16 47 67 32
a 17 46 33 18
a 17 47 60 95
a 17 48 79 18
a 18 47 23 53
a 18 48 61 8
a 18 49 11 1
a 19 48 59 75
a 19 49 87 23
a 19 50 18 76
a 20 49 4 96
a 20 50 25 2
a 20 51 52 30
a 21 50 31 37
a 21 51 9 76
a 21 52 1 40
a 22 51 67 86
a 22 52 1 44
a 22 53 100 60
a 23 52 52 78
a 23 53 14 97
a 23 54 17 92
a 24 53 15 51
a 24 54 87 30
a 24 55 64 5
a 25 54 41 28
a 25 55 80 82
a 25 56 78 92
a 26 55 89 25
a 26 56 60 2
a 26 57 97 86
a 27 56 10 3
a 27 57 90 57
a 27 58 49 91
a 28 57 76 41
a 28 58 15 31
a 28 59 1 48
a 29 58 11 36
a 29 59 87 45
a 29 60 77 38
a 30 59 50 19
a 30 60 83 100
a 31 61 53 18
a 31 62 91 21
a 31 32 59 17
a 32 61 84 68
a 32 31 19 47
a 32 62 99 17
a 32 63 21 30
a 32 33 69 65
a 33 62 88 90
a 33 32 6 60
a 33 63 76 86
a 33 64 62 86
a 33 34 69 70
a 34 63 42 47
a 34 33 34 21
a 34 64 23 32
a 34 65 13 9
a 34 35 66 68
a 35 64 4 73
a 35 34 75 3
a 35 65 69 27
a 35 66 20 67
a 35 36 99 85
a 36 65 74 8
a 36 35 92 27
a 36 66 71 78
a 36 67 79 10
a 36 37 7 87
a 37 66 75 11
a 37 36 20 58
a 37 67 35 94
a 37 68 70 16
a 37 38 50 73
a 38 67 69 5
a 38 37 87 18
a 38 68 54 83
a 38 69 53 23
a 38 39 9 40
a 39 68 32 29
a 39 38 84 54
a 39 69 87 72
a 39 70 17 36
a 39 40 15 57
a 40 69 33 51
a 40 39 6 1
a 40 70 37 50
a 40 71 26 90
a 40 41 39 20
a 41 70 93 72
a 41 40 39 77
a 41 71 44 56
a 41 72 13 60
a 41 42 52 89
a 42 71 26 72
a 42 41 77 35
a 42 72 82 85
a 42 73 83 29
a 42 43 83 50
a 43 72 91 22
a 43 42 69 86
a 43 73 90 53
a 43 74 79 32
a 43 44 2 31
a 44 73 23 32
a 44 43 85 1
a 44 74 83 67
a 44 75 96 74
a 44 45 11 22
a 45 74 69 23
a 45 44 43 72
a 45 75 69 15
a 45 76 12 2
a 45 46 10 27
a 46 75 67 5
a 46 45 71 31
a 46 76 30 87
a 46 77 27 81
a 46 47 36 63
a 47 76 54 91
a 47 46 50 19
a 47 77 20 92
a 47 78 83 4
a 47 48 6 9
a 48 77 100 73
a 48 47 54 39
a 48 78 20 43
a 48 79 72 72
a 48 49 55 9
a 49 78 32 16
a 49 48 52 64
a 49 79 36 49
a 49 80 85 96
a 49 50 60 23
a 50 79 3 15
a 50 49 93 62
a 50 80 82 23
a 50 81 80 14
a 50 51 14 46
a 51 80 98 5
a 51 50 26 80
a 51 81 17 19
a 51 82 13 6
a 51 52 90 35
a 52 81 23 86
a 52 51 63 46
a 52 82 54 92
a 52 83 29 11
a 52 53 86 76
a 53 82 22 74
a 53 52 99 69
a 53 83 92 14
a 53 84 82 42
a 53 54 6 57
a 54 83 100 60
a 54 53 81 10
a 54 84 82 61
a 54 85 11 38
a 54 55 46 36
a 55 84 68 40
a 55 54 51 37
a 55 85 53 4
a 55 86 64 44
a 55 56 90 35
a 56 85 36 82
a 56 55 93 54
a 56 86 10 65
a 56 87 65 48
a 56 57 20 26
a 57 86 46 79
a 57 56 36 20
a 57 87 17 63
a 57 88 26 86
a 57 58 68 17
a 58 87 75 25
a 58 57 81 86
a 58 88 100 78
a 58 89 51 78
a 58 59 72 81
a 59 88 87 86
a 59 58 51 24
a 59 89 25 28
a 59 90 67 57
a 59 60 15 83
a 60 89 36 49
a 60 59 75 34
a 60 90 20 10
a 61 91 44 4
a 61 92 22 13
a 61 62 32 58
a 62 91 64 14
a 62 61 1 22
a 62 92 9 61
a 62 93 97 9
a 62 63 53 17
a 63 92 33 96
a 63 62 64 68
a 63 93 37 30
a 63 94 29 39
a 63 64 47 69
a 64 93 87 92
a 64 63 46 16
a 64 94 63 54
a 64 95 66 50
a 64 65 5 40
a 65 94 66 3
a 65 64 46 75
a 65 95 60 36
a 65 96 63 61
a 65 66 63 67
a 66 95 71 27
a 66 65 39 76
a 66 96 35 15
a 66 97 43 30
a 66 67 42 43
a 67 96 3 79
a 67 66 81 51
a 67 97 4 20
a 67 98 77 25
a 67 68 25 65
a 68 97 24 100
a 68 67 95 18
a 68 98 63 70
a 68 99 91 67
a 68 69 41 72
a 69 98 29 78
a 69 68 38 32
a 69 99 77 42
a 69 100 35 33
a 69 70 73 39
a 70 99 41 24
a 70 69 85 41
a 70 100 69 58
a 70 101 86 26
a 70 71 18 99
a 71 100 43 61
a 71 70 95 9
a 71 101 31 57
a 71 102 20 93
a 71 72 41 88
a 72 101 8 64
a 72 71 42 9
a 72 102 66 62
a 72 103 12 16
a 72 73 92 22
a 73 102 35 45
a 73 72 94 26
a 73 103 76 34
a 73 104 64 89
a 73 74 51 71
a 74 103 6 38
a 74 73 59 97
a 74 104 53 15
a 74 105 70 63
a 74 75 90 36
a 75 104 47 10
a 75 74 68 79
a 75 105 23 20
a 75 106 55 33
a 75 76 83 100
a 76 105 84 58
a 76 75 39 12
a 76 106 85 66
a 76 107 1 87
a 76 77 61 68
a 77 106 10 5
a 77 76 29 65
a 77 107 78 6
a 77 108 46 46
a 77 78 83 72
a 78 107 11 18
a 78 77 67 95
a 78 108 56 11
a 78 109 48 15
a 78 79 57 48
a 79 108 26 35
a 79 78 4 41
a 79 109 83 36
a 79 110 78 59
a 79 80 51 36
a 80 109 44 10
a 80 79 14 66
a 80 110 91 65
a 80 111 51 16
a 80 81 35 62
a 81 110 88 77
a 81 80 48 99
a 81 111 71 85
a 81 112 72 69
a 81 82 72 10
a 82 111 80 35
a 82 81 97 64
a 82 112 86 75
a 82 113 65 21
a 82 83 80 61
a 83 112 38 76
a 83 82 47 21
a 83 113 44 33
a 83 114 100 80
a 83 84 94 90
a 84 113 83 59
a 84 83 83 40
a 84 114 50 36
a 84 115 42 72
a 84 85 13 21
a 85 114 5 49
a 85 84 72 87
a 85 115 13 48
a 85 116 42 80
a 85 86 19 32
a 86 115 49 9
a 86 85 58 92
a 86 116 83 32
a 86 117 40 30
a 86 87 76 86
a 87 116 79 33
a 87 86 7 16
a 87 117 89 99
a 87 118 99 20
a 87 88 85 9
a 88 117 74 63
a 88 87 49 45
a 88 118 81 39
a 88 119 1 79
a 88 89 95 51
a 89 118 53 32
a 89 88 64 15
a 89 119 48 67
a 89 120 99 78
a 89 90 85 33
a 90 119 71 53
a 90 89 42 57
a 90 120 15 3
a 91 121 61 97
a 91 122 89 68
a 91 92 51 4
a 92 121 97 87
a 92 91 41 13
a 92 122 15 63
a 92 123 37 28
a 92 93 58 6
a 93 122 33 21
a 93 92 17 61
a 93 123 83 66
a 93 124 93 80
a 93 94 100 66
a 94 123 9 44
a 94 93 96 5
a 94 124 38 82
a 94 125 73 42
a 94 95 22 7
a 95 124 60 73
a 95 94 63 57
a 95 125 33 24
a 95 126 14 84
a 95 96 73 28
a 96 125 79 15
a 96 95 49 67
a 96 126 76 10
a 96 127 79 69
a 96 97 89 71
a 97 126 74 38
a 97 96 11 52
a 97 127 88 90
a 97 128 45 23
a 97 98 47 34
a 98 127 36 37
a 98 97 100 27
a 98 128 70 48
a 98 129 100 8
a 98 99 31 26
a 99 128 98 11
a 99 98 40 19
a 99 129 90 2
a 99 130 90 7
a 99 100 96 60
a 100 129 4 45
a 100 99 89 47
a 100 130 67 7
a 100 131 67 95
a 100 101 99 92
a 101 130 12 41
a 101 100 58 3
a 101 131 16 11
a 101 132 78 38
a 101 102 55 77
a 102 131 56 71
a 102 101 7 89
a 102 132 84 3
a 102 133 52 98
a 102 103 77 94
a 103 132 71 18
a 103 102 1 39
a 103 133 81 3
a 103 134 6 45
a 103 104 59 41
a 104 133 20 26
a 104 103 80 71
a 104 134 31 84
a 104 135 27 60
a 104 105 42 97
a 105 134 66 45
a 105 104 26 50
a 105 135 36 93
a 105 136 73 77
a 105 106 95 92
a 106 135 30 18
a 106 105 23 72
a 106 136 41 25
a 106 137 8 77
a 106 107 64 29
a 107 136 78 52
a 107 106 10 29
a 107 137 30 9
a 107 138 85 56
a 107 108 85 95
a 108 137 75 11
a 108 107 57 18
a 108 138 17 100
a 108 139 66 95
a 108 109 99 78
a 109 138 94 34
a 109 108 13 64
a 109 139 24 5
a 109 140 72 19
a 109 110 88 61
a 110 139 82 95
a 110 109 16 100
a 110 140 78 97
a 110 141 43 42
a 110 111 51 16
a 111 140 62 64
a 111 110 32 26
a 111 141 56 78
a 111 142 10 51
a 111 112 40 13
a 112 141 59 34
a 112 111 82 54
a 112 142 46 11
a 112 143 55 18
a 112 113 65 16
a 113 142 94 63
a 113 112 22 92
a 113 143 55 44
a 113 144 42 54
a 113 114 96 98
a 114 143 92 16
a 114 113 79 6
a 114 144 42 39
a 114 145 54 3
a 114 115 55 26
a 115 144 50 17
a 115 114 41 36
a 115 145 39 79
a 115 146 97 80
a 115 116 19 87
a 116 145 88 46
a 116 115 34 12
a 116 146 9 39
a 116 147 73 49
a 116 117 98 92
a 117 146 10 33
a 117 116 18 31
a 117 147 7 95
a 117 148 92 7
a 117 118 45 52
a 118 147 45 22
a 118 117 37 79
a 118 148 68 42
a 118 149 21 33
a 118 119 27 46
a 119 148 36 51
a 119 118 74 44
a 119 149 39 42
a 119 150 40 48
a 119 120 5 2
a 120 149 94 58
a 120 119 68 75
a 120 150 80 25
a 121 151 26 88
a 121 152 27 44
a 121 122 59 9
a 122 151 13 62
a 122 121 95 96
a 122 152 52 7
a 122 153 88 44
a 122 123 14 37
a 123 152 6 80
a 123 122 87 81
a 123 153 59 47
a 123 154 53 100
a 123 124 48 100
a 124 153 76 86
a 124 123 13 56
a 124 154 74 2
a 124 155 81 48
a 124 125 90 62
a 125 154 60 94
a 125 124 57 15
a 125 155 26 76
a 125 156 74 74
a 125 126 71 13
a 126 155 83 66
a 126 125 50 63
a 126 156 18 50
a 126 157 32 38
a 126 127 42 30
a 127 156 96 43
a 127 126 3 50
a 127 157 24 69
a 127 158 48 51
a 127 128 19 85
a 128 157 82 71
a 128 127 30 16
a 128 158 3 4
a 128 159 14 59
a 128 129 50 37
a 129 158 91 47
a 129 128 63 36
a 129 159 11 47
a 129 160 87 24
a 129 130 47 15
a 130 159 61 35
a 130 129 99 43
a 130 160 21 36
a 130 161 46 57
a 130 131 13 32
a 131 160 64 68
a 131 130 14 78
a 131 161 23 49
a 131 162 57 57
a 131 132 49 4
a 132 161 31 94
a 132 131 8 69
a 132 162 80 24
a 132 163 37 34
a 132 133 76 73
a 133 162 8 6
a 133 132 28 22
a 133 163 88 87
a 133 164 46 50
a 133 134 19 19
a 134 163 39 8
a 134 133 72 40
a 134 164 23 63
a 134 165 76 55
a 134 135 29 23
a 135 164 5 16
a 135 134 50 54
a 135 165 34 33
a 135 166 96 41
a 135 136 89 24
a 136 165 14 70
a 136 135 86 23
a 136 166 25 83
a 136 167 52 35
a 136 137 35 1
a 137 166 18 13
a 137 136 33 55
a 137 167 24 30
a 137 168 85 41
a 137 138 57 41
a 138 167 41 13
a 138 137 37 23
a 138 168 90 53
a 138 169 64 2
a 138 139 93 91
a 139 168 6 43
a 139 138 96 3
a 139 169 6 11
a 139 170 38 35
a 139 140 30 97
a 140 169 100 97
a 140 139 45 50
a 140 170 87 41
a 140 171 99 50
a 140 141 91 98
a 141 170 74 75
a 141 140 31 8
a 141 171 34 52
a 141 172 52 92
a 141 142 32 48
a 142 171 81 27
a 142 141 8 77
a 142 172 51 12
a 142 173 84 32
a 142 143 53 90
a 143 172 26 43
a 143 142 40 38
a 143 173 38 71
a 143 174 1 11
a 143 144 89 83
a 144 173 73 72
a 144 143 66 29
a 144 174 74 63
a 144 175 54 16
a 144 145 43 36
a 145 174 28 68
a 145 144 14 17
a 145 175 63 11
a 145 176 50 85
a 145 146 64 12
a 146 175 84 70
a 146 145 12 26
a 146 176 47 64
a 146 177 22 38
a 146 147 91 93
a 147 176 39 82
a 147 146 85 48
a 147 177 39 60
a 147 178 45 34
a 147 148 15 67
a 148 177 76 72
a 148 147 36 4
a 148 178 18 55
a 148 179 80 96
a 148 149 99 98
a 149 178 6 18
a 149 148 58 18
a 149 179 61 1
a 149 180 38 95
a 149 150 28 61
a 150 179 17 82
a 150 149 88 87
a 150 180 92 7
a 151 181 71 6
a 151 182 14 50
a 151 152 45 4
a 152 181 22 87
a 152 151 50 90
a 152 182 43 3
a 152 183 18 81
a 152 153 42 46
a 153 182 81 50
a 153 152 34 63
a 153 183 48 29
a 153 184 57 39
a 153 154 66 55
a 154 183 91 66
a 154 153 64 9
a 154 184 60 87
a 154 185 78 13
a 154 155 72 30
a 155 184 62 16
a 155 154 82 49
a 155 185 92 5
a 155 186 27 1
a 155 156 21 90
a 156 185 92 19
a 156 155 11 9
a 156 186 42 51
a 156 187 37 18
a 156 157 3 28
a 157 186 46 64
a 157 156 58 94
a 157 187 7 37
a 157 188 49 89
a 157 158 50 72
a 158 187 86 91
a 158 157 68 34
a 158 188 12 73
a 158 189 23 5
a 158 159 60 96
a 159 188 30 26
a 159 158 48 27
a 159 189 45 69
a 159 190 73 53
a 159 160 92 95
a 160 189 33 25
a 160 159 17 28
a 160 190 60 93
a 160 191 30 7
a 160 161 74 13
a 161 190 37 67
a 161 160 2 20
a 161 191 98 35
a 161 192 71 21
a 161 162 39 98
a 162 191 36 96
a 162 161 52 54
a 162 192 35 56
a 162 193 66 8
a 162 163 71 42
a 163 192 74 77
a 163 162 30 20
a 163 193 11 55
a 163 194 70 63
a 163 164 56 90
a 164 193 100 74
a 164 163 61 2
a 164 194 11 26
a 164 195 41 79
a 164 165 23 39
a 165 194 72 56
a 165 164 94 86
a 165 195 27 65
a 165 196 93 92
a 165 166 25 68
a 166 195 64 29
a 166 165 58 20
a 166 196 11 35
a 166 197 80 49
a 166 167 60 85
a 167 196 5 7
a 167 166 62 50
a 167 197 23 37
a 167 198 17 64
a 167 168 79 18
a 168 197 89 49
a 168 167 86 24
a 168 198 50 93
a 168 199 83 25
a 168 169 49 68
a 169 198 21 15
a 169 168 40 71
a 169 199 72 7
a 169 200 87 23
a 169 170 63 39
a 170 199 86 38
a 170 169 45 45
a 170 200 77 64
a 170 201 50 1
a 170 171 68 70
a 171 200 46 87
a 171 170 37 53
a 171 201 96 65
a 171 202 63 13
a 171 172 45 96
a 172 201 55 20
a 172 171 7 4
a 172 202 74 67
a 172 203 45 71
a 172 173 75 24
a 173 202 29 8
a 173 172 61 43
a 173 203 53 66
a 173 204 64 39
a 173 174 25 92
a 174 203 92 84
a 174 173 85 55
a 174 204 2 48
a 174 205 71 42
a 174 175 51 79
a 175 204 96 94
a 175 174 32 76
a 175 205 75 27
a 175 206 52 85
a 175 176 88 12
a 176 205 98 10
a 176 175 62 23
a 176 206 95 19
a 176 207 28 4
a 176 177 28 17
a 177 206 51 52
a 177 176 49 40
a 177 207 45 61
a 177 208 100 70
a 177 178 35 45
a 178 207 33 6
a 178 177 68 81
a 178 208 92 4
a 178 209 41 25
a 178 179 25 38
a 179 208 97 85
a 179 178 93 57
a 179 209 18 30
a 179 210 17 7
a 179 180 27 55
a 180 209 24 4
a 180 179 65 96
a 180 210 67 23
a 181 211 65 78
a 181 212 17 75
a 181 182 43 57
a 182 211 13 11
a 182 181 1 26
a 182 212 74 84
a 182 213 40 68
a 182 183 77 77
a 183 212 97 59
a 183 182 20 81
a 183 213 16 29
a 183 214 28 58
a 183 184 48 24
a 184 213 61 13
a 184 183 75 40
a 184 214 30 67
a 184 215 61 38
a 184 185 42 67
a 185 214 93 55
a 185 184 71 61
a 185 215 32 56
a 185 216 3 55
a 185 186 69 26
a 186 215 84 83
a 186 185 46 58
a 186 216 1 14
a 186 217 14 78
a 186 187 62 44
a 187 216 81 95
a 187 186 83 28
a 187 217 96 8
a 187 218 22 95
a 187 188 41 88
a 188 217 41 98
a 188 187 27 61
a 188 218 63 57
a 188 219 44 41
a 188 189 50 71
a 189 218 32 82
a 189 188 2 91
a 189 219 98 97
a 189 220 43 92
a 189 190 58 78
a 190 219 57 78
a 190 189 17 8
a 190 220 61 53
a 190 221 22 73
a 190 191 23 16
a 191 220 66 85
a 191 190 2 27
a 191 221 78 77
a 191 222 85 94
a 191 192 50 42
a 192 221 80 34
a 192 191 17 36
a 192 222 84 93
a 192 223 97 13
a 192 193 12 34
a 193 222 81 22
a 193 192 11 95
a 193 223 1 22
a 193 224 55 48
a 193 194 75 85
a 194 223 29 21
a 194 193 51 29
a 194 224 76 4
a 194 225 22 1
a 194 195 65 52
a 195 224 84 71
a 195 194 4 98
a 195 225 4 28
a 195 226 56 90
a 195 196 1 61
a 196 225 4 38
a 196 195 50 45
a 196 226 6 31
a 196 227 32 78
a 196 197 10 81
a 197 226 60 78
a 197 196 12 11
a 197 227 4 16
a 197 228 60 95
a 197 198 98 55
a 198 227 99 4
a 198 197 36 83
a 198 228 55 33
a 198 229 96 78
a 198 199 59 9
a 199 228 48 18
a 199 198 29 50
a 199 229 39 67
a 199 230 28 19
a 199 200 26 47
a 200 229 14 96
a 200 199 37 15
a 200 230 52 100
a 200 231 14 73
a 200 201 50 98
a 201 230 60 34
a 201 200 19 21
a 201 231 29 63
a 201 232 20 24
a 201 202 22 99
a 202 231 89 79
a 202 201 65 12
a 202 232 56 64
a 202 233 86 60
a 202 203 79 99
a 203 232 75 35
a 203 202 74 13
a 203 233 49 12
a 203 234 21 31
a 203 204 75 52
a 204 233 44 43
a 204 203 26 98
a 204 234 13 51
a 204 235 56 26
a 204 205 12 24
a 205 234 10 33
a 205 204 22 75
a 205 235 97 91
a 205 236 71 50
a 205 206 76 92
a 206 235 61 61
a 206 205 48 3
a 206 236 75 19
a 206 237 34 97
a 206 207 24 30
a 207 236 45 23
a 207 206 29 39
a 207 237 21 68
a 207 238 69 63
a 207 208 44 57
a 208 237 34 87
a 208 207 8 54
a 208 238 34 1
a 208 239 86 26
a 208 209 6 9
a 209 238 17 40
a 209 208 88 80
a 209 239 60 22
a 209 240 8 36
a 209 210 54 66
a 210 239 43 13
a 210 209 56 60
a 210 240 91 98
a 211 241 20 86
a 211 242 19 41
a 211 212 85 84
a 212 241 27 18
a 212 211 95 93
a 212 242 30 14
a 212 243 42 66
a 212 213 80 41
a 213 242 28 2
a 213 212 27 37
a 213 243 35 26
a 213 244 2 62
a 213 214 49 96
a 214 243 63 92
a 214 213 58 35
a 214 244 90 8
a 214 245 69 50
a 214 215 19 88
a 215 244 3 19
a 215 214 75 40
a 215 245 53 42
a 215 246 100 29
a 215 216 32 2
a 216 245 54 50
a 216 215 34 60
a 216 246 57 98
a 216 247 1 48
a 216 217 8 15
a 217 246 93 14
a 217 216 69 72
a 217 247 5 2
a 217 248 27 33
a 217 218 18 51
a 218 247 21 80
a 218 217 18 1
a 218 248 41 91
a 218 249 36 73
a 218 219 89 7
a 219 248 9 96
a 219 218 3 36
a 219 249 15 49
a 219 250 68 19
a 219 220 83 67
a 220 249 83 89
a 220 219 9 43
a 220 250 35 57
a 220 251 40 91
a 220 221 2 69
a 221 250 88 81
a 221 220 22 77
a 221 251 71 38
a 221 252 1 70
a 221 222 32 23
a 222 251 50 87
a 222 221 8 25
a 222 252 16 79
a 222 253 15 17
a 222 223 79 86
a 223 252 48 28
a 223 222 94 9
a 223 253 64 33
a 223 254 94 33
a 223 224 52 90
a 224 253 98 68
a 224 223 31 60
a 224 254 76 80
a 224 255 13 76
a 224 225 72 72
a 225 254 47 58
a 225 224 93 94
a 225 255 77 36
a 225 256 72 38
a 225 226 2 4
a 226 255 26 86
a 226 225 20 19
a 226 256 54 3
a 226 257 59 72
a 226 227 43 34
a 227 256 44 89
a 227 226 15 65
a 227 257 42 72
a 227 258 68 57
a 227 228 41 89
a 228 257 22 43
a 228 227 95 16
a 228 258 40 82
a 228 259 92 55
a 228 229 88 51
a 229 258 35 71
a 229 228 92 60
a 229 259 12 32
a 229 260 42 63
a 229 230 86 30
a 230 259 76 20
a 230 229 32 58
a 230 260 27 86
a 230 261 59 70
a 230 231 51 50
a 231 260 78 62
a 231 230 34 85
a 231 261 54 40
a 231 262 57 78
a 231 232 82 71
a 232 261 87 17
a 232 231 100 8
a 232 262 59 2
a 232 263 91 34
a 232 233 95 97
a 233 262 56 96
a 233 232 7 14
a 233 263 80 93
a 233 264 75 53
a 233 234 96 40
a 234 263 47 22
a 234 233 88 2
a 234 264 57 4
a 234 265 98 82
a 234 235 6 83
a 235 264 50 15
a 235 234 38 3
a 235 265 31 33
a 235 266 22 68
a 235 236 85 1
a 236 265 36 96
a 236 235 86 43
a 236 266 18 8
a 236 267 93 95
a 236 237 21 16
a 237 266 58 88
a 237 236 25 10
a 237 267 23 18
a 237 268 2 14
a 237 238 99 74
a 238 267 21 96
a 238 237 68 24
a 238 268 89 42
a 238 269 9 9
a 238 239 97 36
a 239 268 70 31
a 239 238 34 42
a 239 269 85 14
a 239 270 95 35
a 239 240 81 56
a 240 269 89 77
a 240 239 92 89
a 240 270 22 36
a 241 271 71 2
a 241 272 26 60
a 241 242 71 68
a 242 271 36 82
a 242 241 41 94
a 242 272 95 74
a 242 273 97 92
a 242 243 12 9
a 243 272 95 70
a 243 242 29 58
a 243 273 74 25
a 243 274 96 54
a 243 244 71 96
a 244 273 54 61
a 244 243 92 47
a 244 274 84 20
a 244 275 93 21
a 244 245 12 74
a 245 274 8 57
a 245 244 69 59
a 245 275 63 8
a 245 276 36 4
a 245 246 52 46
a 246 275 91 4
a 246 245 87 51
a 246 276 64 63
a 246 277 4 64
a 246 247 55 94
a 247 276 72 42
a 247 246 57 72
a 247 277 44 26
a 247 278 49 89
a 247 248 20 4
a 248 277 93 84
a 248 247 39 51
a 248 278 30 2
a 248 279 93 76
a 248 249 61 98
a 249 278 23 11
a 249 248 54 91
a 249 279 42 9
a 249 280 63 51
a 249 250 50 95
a 250 279 67 66
a 250 249 10 15
a 250 280 5 22
a 250 281 17 43
a 250 251 43 63
a 251 280 89 51
a 251 250 60 2
a 251 281 60 52
a 251 282 54 88
a 251 252 60 19
a 252 281 2 28
a 252 251 24 15
a 252 282 73 22
a 252 283 57 69
a 252 253 27 52
a 253 282 95 98
a 253 252 91 54
a 253 283 68 63
a 253 284 67 19
a 253 254 47 24
a 254 283 92 62
a 254 253 23 25
a 254 284 26 31
a 254 285 95 59
a 254 255 92 28
a 255 284 50 4
a 255 254 98 92
a 255 285 3 91
a 255 286 4 32
a 255 256 83 27
a 256 285 16 19
a 256 255 4 30
a 256 286 73 91
a 256 287 10 89
a 256 257 99 87
a 257 286 5 35
a 257 256 54 4
a 257 287 66 27
a 257 288 66 45
a 257 258 75 92
a 258 287 90 79
a 258 257 13 93
a 258 288 18 49
a 258 289 66 62
a 258 259 51 25
a 259 288 80 34
a 259 258 5 20
a 259 289 41 77
a 259 290 60 25
a 259 260 4 90
a 260 289 55 22
a 260 259 37 59
a 260 290 11 66
a 260 291 14 53
a 260 261 17 27
a 261 290 1 92
a 261 260 23 100
a 261 291 16 42
a 261 292 37 87
a 261 262 15 44
a 262 291 62 46
a 262 261 40 23
a 262 292 87 31
a 262 293 5 93
a 262 263 79 42
a 263 292 27 25
a 263 262 82 31
a 263 293 9 60
a 263 294 74 94
a 263 264 87 18
a 264 293 55 36
a 264 263 25 81
a 264 294 6 75
a 264 295 48 89
a 264 265 51 13
a 265 294 83 93
a 265 264 37 46
a 265 295 4 65
a 265 296 25 36
a 265 266 86 61
a 266 295 72 88
a 266 265 66 59
a 266 296 18 80
a 266 297 34 46
a 266 267 98 75
a 267 296 2 39
a 267 266 18 97
a 267 297 3 13
a 267 298 81 5
a 267 268 27 16
a 268 297 2 81
a 268 267 42 17
a 268 298 81 5
a 268 299 63 82
a 268 269 20 47
a 269 298 66 57
a 269 268 46 39
a 269 299 54 36
a 269 300 43 99
a 269 270 60 57
a 270 299 33 50
a 270 269 94 56
a 270 300 89 51
a 271 301 38 70
a 271 302 11 93
a 271 272 76 67
a 272 301 27 29
a 272 271 91 81
a 272 302 12 8
a 272 303 41 100
a 272 273 27 12
a 273 302 54 22
a 273 272 21 58
a 273 303 54 60
a 273 304 54 5
a 273 274 26 6
a 274 303 2 46
a 274 273 88 88
a 274 304 86 80
a 274 305 36 54
a 274 275 60 3
a 275 304 71 88
a 275 274 1 98
a 275 305 32 7
a 275 306 71 14
a 275 276 62 43
a 276 305 75 90
a 276 275 13 46
a 276 306 41 61
a 276 307 81 14
a 276 277 47 51
a 277 306 53 3
a 277 276 33 43
a 277 307 94 12
a 277 308 82 53
a 277 278 31 32
a 278 307 72 76
a 278 277 85 53
a 278 308 25 89
a 278 309 19 49
a 278 279 34 20
a 279 308 55 73
a 279 278 47 43
a 279 309 21 15
a 279 310 98 32
a 279 280 18 11
a 280 309 1 7
a 280 279 29 26
a 280 310 73 78
a 280 311 50 76
a 280 281 88 90
a 281 310 12 72
a 281 280 59 100
a 281 311 33 86
a 281 312 10 72
a 281 282 97 50
a 282 311 26 97
a 282 281 43 16
a 282 312 60 17
a 282 313 76 100
a 282 283 48 77
a 283 312 6 42
a 283 282 93 42
a 283 313 30 66
a 283 314 92 3
a 283 284 95 95
a 284 313 100 95
a 284 283 90 23
a 284 314 5 50
a 284 315 31 29
a 284 285 74 96
a 285 314 70 10
a 285 284 29 2
a 285 315 11 44
a 285 316 5 89
a 285 286 19 25
a 286 315 7 77
a 286 285 7 76
a 286 316 98 88
a 286 317 4 43
a 286 287 25 100
a 287 316 54 18
a 287 286 75 4
a 287 317 71 39
a 287 318 94 82
a 287 288 43 4
a 288 317 57 60
a 288 287 93 9
a 288 318 56 41
a 288 319 17 34
a 288 289 87 28
a 289 318 82 78
a 289 288 87 50
a 289 319 76 77
a 289 320 24 89
a 289 290 30 17
a 290 319 60 15
a 290 289 18 96
a 290 320 53 68
a 290 321 33 70
a 290 291 22 40
a 291 320 98 75
a 291 290 80 66
a 291 321 55 23
a 291 322 20 13
a 291 292 31 42
a 292 321 70 92
a 292 291 77 99
a 292 322 48 51
a 292 323 42 24
a 292 293 49 100
a 293 322 37 41
a 293 292 53 64
a 293 323 7 55
a 293 324 21 41
a 293 294 85 15
a 294 323 1 25
a 294 293 95 91
a 294 324 10 85
a 294 325 45 5
a 294 295 95 60
a 295 324 12 40
a 295 294 29 14
a 295 325 19 100
a 295 326 58 69
a 295 296 19 50
a 296 325 6 63
a 296 295 97 53
a 296 326 48 74
a 296 327 61 68
a 296 297 24 89
a 297 326 11 6
a 297 296 63 65
a 297 327 18 52
a 297 328 96 25
a 297 298 80 5
a 298 327 95 38
a 298 297 69 75
a 298 328 12 62
a 298 329 97 74
a 298 299 61 71
a 299 328 21 55
a 299 298 10 77
a 299 329 86 3
a 299 330 69 1
a 299 300 37 50
a 300 329 9 30
a 300 299 70 11
a 300 330 8 7
a 301 331 16 90
a 301 332 50 45
a 301 302 99 9
a 302 331 46 59
a 302 301 5 12
a 302 332 96 32
a 302 333 11 84
a 302 303 93 10
a 303 332 7 31
a 303 302 10 1
a 303 333 68 86
a 303 334 16 42
a 303 304 94 91
a 304 333 73 26
a 304 303 96 50
a 304 334 4 67
a 304 335 56 48
a 304 305 75 79
a 305 334 48 12
a 305 304 62 40
a 305 335 96 50
a 305 336 1 84
a 305 306 77 37
a 306 335 78 4
a 306 305 22 41
a 306 336 85 56
a 306 337 34 86
a 306 307 41 92
a 307 336 32 4
a 307 306 95 14
a 307 337 87 100
a 307 338 19 33
a 307 308 66 47
a 308 337 36 89
a 308 307 81 6
a 308 338 69 80
a 308 339 58 26
a 308 309 22 37
a 309 338 42 47
a 309 308 8 92
a 309 339 17 85
a 309 340 21 7
a 309 310 85 47
a 310 339 72 20
a 310 309 31 76
a 310 340 60 47
a 310 341 64 51
a 310 311 14 38
a 311 340 50 86
a 311 310 52 52
a 311 341 24 23
a 311 342 89 40
a 311 312 44 4
a 312 341 87 81
a 312 311 8 22
a 312 342 48 60
a 312 343 88 29
a 312 313 74 84
a 313 342 5 46
a 313 312 9 45
a 313 343 32 25
a 313 344 84 95
a 313 314 62 97
a 314 343 63 34
a 314 313 81 75
a 314 344 43 12
a 314 345 17 16
a 314 315 61 47
a 315 344 29 16
a 315 314 62 26
a 315 345 73 88
a 315 346 88 32
a 315 316 19 19
a 316 345 37 92
a 316 315 78 93
a 316 346 88 3
a 316 347 58 60
a 316 317 14 87
a 317 346 91 93
a 317 316 95 80
a 317 347 78 64
a 317 348 39 21
a 317 318 14 55
a 318 347 88 74
a 318 317 73 45
a 318 348 60 38
a 318 349 78 50
a 318 319 65 60
a 319 348 99 7
a 319 318 5 19
a 319 349 3 86
a 319 350 1 43
a 319 320 5 60
a 320 349 50 58
a 320 319 69 39
a 320 350 2 48
a 320 351 45 45
a 320 321 9 39
a 321 350 69 78
a 321 320 56 68
a 321 351 80 96
a 321 352 8 47
a 321 322 34 93
a 322 351 24 53
a 322 321 54 71
a 322 352 67 9
a 322 353 45 36
a 322 323 33 4
a 323 352 94 79
a 323 322 73 18
a 323 353 81 71
a 323 354 13 83
a 323 324 19 71
a 324 353 76 78
a 324 323 7 24
a 324 354 80 5
a 324 355 83 68
a 324 325 19 94
a 325 354 35 48
a 325 324 11 55
a 325 355 43 33
a 325 356 7 58
a 325 326 96 7
a 326 355 66 7
a 326 325 64 98
a 326 356 99 94
a 326 357 79 98
a 326 327 54 64
a 327 356 11 62
a 327 326 45 58
a 327 357 80 49
a 327 358 83 14
a 327 328 13 54
a 328 357 12 63
a 328 327 11 55
a 328 358 3 76
a 328 359 67 73
a 328 329 4 57
a 329 358 56 27
a 329 328 97 99
a 329 359 19 92
a 329 360 43 33
a 329 330 79 26
a 330 359 59 39
a 330 329 97 5
a 330 360 3 95
a 331 361 80 17
a 331 362 47 62
a 331 332 58 14
a 332 361 100 90
a 332 331 19 62
a 332 362 13 70
a 332 363 52 17
a 332 333 6 68
a 333 362 81 88
a 333 332 18 4
a 333 363 7 30
a 333 364 61 49
a 333 334 56 41
a 334 363 74 21
a 334 333 89 42
a 334 364 8 20
a 334 365 78 13
a 334 335 91 58
a 335 364 3 99
a 335 334 70 99
a 335 365 23 5
a 335 366 35 5
a 335 336 89 75
a 336 365 71 46
a 336 335 58 10
a 336 366 6 71
a 336 367 21 24
a 336 337 54 48
a 337 366 59 30
a 337 336 52 33
a 337 367 68 26
a 337 368 28 59
a 337 338 100 43
a 338 367 27 17
a 338 337 59 15
a 338 368 24 86
a 338 369 54 9
a 338 339 67 88
a 339 368 94 83
a 339 338 88 34
a 339 369 40 58
a 339 370 95 87
a 339 340 16 21
a 340 369 78 20
a 340 339 96 1
a 340 370 6 68
a 340 371 61 56
a 340 341 84 58
a 341 370 12 1
a 341 340 91 11
a 341 371 62 79
a 341 372 70 71
a 341 342 22 44
a 342 371 19 35
a 342 341 44 15
a 342 372 51 25
a 342 373 7 35
a 342 343 83 77
a 343 372 4 26
a 343 342 96 59
a 343 373 43 54
a 343 374 91 73
a 343 344 32 34
a 344 373 79 10
a 344 343 18 26
a 344 374 99 57
a 344 375 32 78
a 344 345 89 86
a 345 374 1 56
a 345 344 57 35
a 345 375 50 36
a 345 376 8 20
a 345 346 87 41
a 346 375 84 32
a 346 345 22 95
a 346 376 73 86
a 346 377 87 29
a 346 347 90 9
a 347 376 25 85
a 347 346 42 48
a 347 377 68 26
a 347 378 91 94
a 347 348 94 2
a 348 377 13 2
a 348 347 8 72
a 348 378 27 71
a 348 379 28 33
a 348 349 50 25
a 349 378 55 32
a 349 348 71 68
a 349 379 9 32
a 349 380 4 65
a 349 350 90 83
a 350 379 9 70
a 350 349 53 44
a 350 380 53 54
a 350 381 52 81
a 350 351 35 23
a 351 380 39 43
a 351 350 9 77
a 351 381 26 52
a 351 382 11 28
a 351 352 70 24
a 352 381 86 85
a 352 351 48 16
a 352 382 97 54
a 352 383 77 84
a 352 353 54 16
a 353 382 26 82
a 353 352 82 63
a 353 383 43 40
a 353 384 35 61
a 353 354 79 83
a 354 383 71 55
a 354 353 31 75
a 354 384 25 45
a 354 385 97 20
a 354 355 67 57
a 355 384 29 70
a 355 354 43 56
a 355 385 46 45
a 355 386 72 37
a 355 356 38 95
a 356 385 62 11
a 356 355 40 56
a 356 386 67 37
a 356 387 44 57
a 356 357 32 73
a 357 386 37 37
a 357 356 23 27
a 357 387 31 64
a 357 388 78 31
a 357 358 27 33
a 358 387 53 35
a 358 357 24 95
a 358 388 34 22
a 358 389 73 84
a 358 359 18 22
a 359 388 53 31
a 359 358 69 85
a 359 389 3 96
a 359 390 95 99
a 359 360 66 94
a 360 389 85 53
a 360 359 78 57
a 360 390 47 97
a 361 391 70 58
a 361 392 56 7
a 361 362 57 69
a 362 391 36 68
a 362 361 67 42
a 362 392 67 82
a 362 393 77 88
a 362 363 10 60
a 363 392 9 26
a 363 362 15 76
a 363 393 1 2
a 363 394 89 46
a 363 364 59 4
a 364 393 14 63
a 364 363 98 29
a 364 394 47 48
a 364 395 100 27
a 364 365 70 18
a 365 394 35 22
a 365 364 72 51
a 365 395 91 40
a 365 396 80 54
a 365 366 5 100
a 366 395 15 87
a 366 365 22 28
a 366 396 34 11
a 366 397 48 63
a 366 367 31 68
a 367 396 42 23
a 367 366 2 38
a 367 397 72 96
a 367 398 67 93
a 367 368 29 29
a 368 397 17 2
a 368 367 60 7
a 368 398 92 17
a 368 399 59 68
a 368 369 40 89
a 369 398 26 6
a 369 368 23 64
a 369 399 1 51
a 369 400 1 93
a 369 370 37 53
a 370 399 60 96
a 370 369 52 78
a 370 400 6 81
a 370 401 65 98
a 370 371 71 30
a 371 400 46 52
a 371 370 40 79
a 371 401 50 20
a 371 402 98 36
a 371 372 75 63
a 372 401 81 94
a 372 371 4 18
a 372 402 4 82
a 372 403 41 89
a 372 373 58 31
a 373 402 36 62
a 373 372 64 67
a 373 403 28 6
a 373 404 97 98
a 373 374 73 43
a 374 403 43 31
a 374 373 66 6
a 374 404 51 99
a 374 405 39 13
a 374 375 5 20
a 375 404 79 29
a 375 374 35 31
a 375 405 43 98
a 375 406 64 54
a 375 376 34 74
a 376 405 37 14
a 376 375 48 68
a 376 406 95 52
a 376 407 6 71
a 376 377 72 87
a 377 406 83 12
a 377 376 4 15
a 377 407 37 1
a 377 408 48 29
a 377 378 76 18
a 378 407 57 12
a 378 377 32 6
a 378 408 99 62
a 378 409 2 39
a 378 379 90 79
a 379 408 60 51
a 379 378 39 24
a 379 409 58 21
a 379 410 88 88
a 379 380 18 56
a 380 409 34 30
a 380 379 49 35
a 380 410 80 86
a 380 411 99 33
a 380 381 53 61
a 381 410 60 48
a 381 380 90 32
a 381 411 93 65
a 381 412 73 80
a 381 382 39 58
a 382 411 26 98
a 382 381 92 56
a 382 412 76 54
a 382 413 38 60
a 382 383 21 34
a 383 412 1 70
a 383 382 56 29
a 383 413 97 94
a 383 414 12 89
a 383 384 53 43
a 384 413 86 86
a 384 383 45 25
a 384 414 16 21
a 384 415 46 87
a 384 385 56 77
a 385 414 100 50
a 385 384 52 54
a 385 415 73 37
a 385 416 35 64
a 385 386 52 77
a 386 415 69 10
a 386 385 85 41
a 386 416 5 97
a 386 417 76 64
a 386 387 36 71
a 387 416 54 39
a 387 386 60 6
a 387 417 13 63
a 387 418 87 82
a 387 388 48 51
a 388 417 61 49
a 388 387 58 71
a 388 418 39 23
a 388 419 75 9
a 388 389 65 34
a 389 418 56 93
a 389 388 12 33
a 389 419 73 20
a 389 420 6 58
a 389 390 22 9
a 390 419 49 68
a 390 389 83 93
a 390 420 70 7
a 391 421 53 1
a 391 422 7 59
a 391 392 89 58
a 392 421 31 96
a 392 391 88 29
a 392 422 57 22
a 392 423 10 77
a 392 393 69 55
a 393 422 1 2
a 393 392 30 26
a 393 423 30 80
a 393 424 63 84
a 393 394 18 93
a 394 423 21 13
a 394 393 14 48
a 394 424 45 58
a 394 425 57 63
a 394 395 68 85
a 395 424 27 28
a 395 394 22 58
a 395 425 44 84
a 395 426 53 42
a 395 396 47 53
a 396 425 75 89
a 396 395 93 42
a 396 426 95 26
a 396 427 66 53
a 396 397 19 38
a 397 426 25 68
a 397 396 94 54
a 397 427 73 1
a 397 428 48 47
a 397 398 21 5
a 398 427 10 55
a 398 397 26 17
a 398 428 92 79
a 398 429 76 65
a 398 399 87 79
a 399 428 5 92
a 399 398 73 79
a 399 429 86 40
a 399 430 19 8
a 399 400 96 50
a 400 429 74 78
a 400 399 55 99
a 400 430 30 33
a 400 431 96 52
a 400 401 84 70
a 401 430 24 40
a 401 400 89 10
a 401 431 20 8
a 401 432 58 83
a 401 402 37 18
a 402 431 47 66
a 402 401 13 23
a 402 432 52 52
a 402 433 48 64
a 402 403 18 64
a 403 432 8 20
a 403 402 41 43
a 403 433 64 1
a 403 434 14 44
a 403 404 17 12
a 404 433 17 59
a 404 403 55 6
a 404 434 45 69
a 404 435 91 85
a 404 405 15 57
a 405 434 43 93
a 405 404 5 15
a 405 435 13 93
a 405 436 83 86
a 405 406 61 66
a 406 435 73 59
a 406 405 47 50
a 406 436 20 4
a 406 437 84 65
a 406 407 15 3
a 407 436 58 50
a 407 406 30 74
a 407 437 58 9
a 407 438 86 53
a 407 408 55 22
a 408 437 96 7
a 408 407 13 69
a 408 438 73 100
a 408 439 47 7
a 408 409 47 79
a 409 438 15 78
a 409 408 22 16
a 409 439 84 90
a 409 440 42 71
a 409 410 38 69
a 410 439 80 77
a 410 409 26 85
a 410 440 52 43
a 410 441 37 60
a 410 411 28 9
a 411 440 22 49
a 411 410 84 19
a 411 441 80 78
a 411 442 67 71
a 411 412 10 93
a 412 441 91 72
a 412 411 32 45
a 412 442 62 100
a 412 443 55 86
a 412 413 83 26
a 413 442 24 44
a 413 412 8 90
a 413 443 65 58
a 413 444 90 26
a 413 414 83 23
a 414 443 35 85
a 414 413 30 46
a 414 444 85 86
a 414 445 4 52
a 414 415 11 40
a 415 444 87 39
a 415 414 1 1
a 415 445 1 13
a 415 446 37 74
a 415 416 40 18
a 416 445 80 34
a 416 415 52 31
a 416 446 41 43
a 416 447 84 73
a 416 417 52 6
a 417 446 2 90
a 417 416 88 98
a 417 447 14 7
a 417 448 3 57
a 417 418 25 35
a 418 447 69 38
a 418 417 89 28
a 418 448 29 10
a 418 449 1 60
a 418 419 75 2
a 419 448 8 63
a 419 418 21 51
a 419 449 86 72
a 419 450 97 99
a 419 420 78 58
a 420 449 43 41
a 420 419 64 33
a 420 450 29 59
a 421 451 30 86
a 421 452 7 26
a 421 422 19 12
a 422 451 81 85
a 422 421 40 41
a 422 452 12 39
a 422 453 91 17
a 422 423 81 77
a 423 452 46 61
a 423 422 9 53
a 423 453 48 17
a 423 454 18 79
a 423 424 7 76
a 424 453 95 45
a 424 423 6 45
a 424 454 51 72
a 424 455 71 48
a 424 425 8 22
a 425 454 81 37
a 425 424 24 38
a 425 455 64 93
a 425 456 37 84
a 425 426 78 48
a 426 455 41 46
a 426 425 66 44
a 426 456 65 68
a 426 457 68 12
a 426 427 43 38
a 427 456 15 84
a 427 426 31 11
a 427 457 59 21
a 427 458 10 74
a 427 428 96 72
a 428 457 11 69
a 428 427 81 4
a 428 458 20 68
a 428 459 53 53
a 428 429 81 21
a 429 458 63 69
a 429 428 28 2
a 429 459 49 75
a 429 460 72 4
a 429 430 47 19
a 430 459 15 92
a 430 429 59 85
a 430 460 52 24
a 430 461 33 52
a 430 431 31 69
a 431 460 93 59
a 431 430 4 54
a 431 461 17 4
a 431 462 38 32
a 431 432 8 41
a 432 461 20 98
a 432 431 50 61
a 432 462 43 84
a 432 463 45 59
a 432 433 35 25
a 433 462 85 49
a 433 432 20 82
a 433 463 98 60
a 433 464 53 74
a 433 434 54 36
a 434 463 32 7
a 434 433 90 20
a 434 464 42 59
a 434 465 73 25
a 434 435 70 41
a 435 464 96 57
a 435 434 57 18
a 435 465 54 78
a 435 466 92 93
a 435 436 76 51
a 436 465 21 43
a 436 435 94 3
a 436 466 29 27
a 436 467 96 65
a 436 437 75 94
a 437 466 79 89
a 437 436 95 39
a 437 467 100 37
a 437 468 6 11
a 437 438 63 88
a 438 467 65 47
a 438 437 86 92
a 438 468 5 47
a 438 469 9 18
a 438 439 48 12
a 439 468 2 44
a 439 438 63 33
a 439 469 41 47
a 439 470 2 20
a 439 440 78 47
a 440 469 34 40
a 440 439 28 13
a 440 470 62 10
a 440 471 6 52
a 440 441 51 93
a 441 470 13 23
a 441 440 81 23
a 441 471 5 66
a 441 472 59 47
a 441 442 61 64
a 442 471 56 85
a 442 441 21 42
a 442 472 97 37
a 442 473 79 11
a 442 443 83 72
a 443 472 55 79
a 443 442 29 40
a 443 473 96 81
a 443 474 67 78
a 443 444 40 73
a 444 473 97 15
a 444 443 96 96
a 444 474 3 52
a 444 475 5 5
a 444 445 7 83
a 445 474 99 44
a 445 444 22 16
a 445 475 91 80
a 445 476 69 25
a 445 446 96 21
a 446 475 96 39
a 446 445 95 61
a 446 476 84 89
a 446 477 73 74
a 446 447 4 54
a 447 476 11 22
a 447 446 97 7
a 447 477 12 1
a 447 478 72 19
a 447 448 82 31
a 448 477 47 80
a 448 447 82 22
a 448 478 80 67
a 448 479 48 76
a 448 449 18 7
a 449 478 16 3
a 449 448 12 46
a 449 479 70 88
a 449 480 60 13
a 449 450 89 87
a 450 479 71 7
a 450 449 46 29
a 450 480 51 14
a 451 481 57 80
a 451 482 26 3
a 451 452 24 13
a 452 481 20 76
a 452 451 76 98
a 452 482 69 71
a 452 483 22 7
a 452 453 22 89
a 453 482 3 24
a 453 452 41 48
a 453 483 45 42
a 453 484 60 31
a 453 454 93 71
a 454 483 50 8
a 454 453 17 30
a 454 484 86 64
a 454 485 26 44
a 454 455 63 88
a 455 484 76 10
a 455 454 69 16
a 455 485 83 45
a 455 486 24 66
a 455 456 71 48
a 456 485 85 84
a 456 455 28 88
a 456 486 86 86
a 456 487 43 100
a 456 457 5 74
a 457 486 36 69
a 457 456 71 74
a 457 487 60 10
a 457 488 59 98
a 457 458 45 10
a 458 487 61 3
a 458 457 89 27
a 458 488 7 52
a 458 489 76 37
a 458 459 63 11
a 459 488 46 25
a 459 458 36 88
a 459 489 44 43
a 459 490 63 35
a 459 460 52 53
a 460 489 91 23
a 460 459 76 70
a 460 490 64 64
a 460 491 20 61
a 460 461 49 9
a 461 490 96 12
a 461 460 62 39
a 461 491 12 40
a 461 492 9 68
a 461 462 31 48
a 462 491 12 47
a 462 461 31 70
a 462 492 3 77
a 462 493 3 86
a 462 463 52 47
a 463 492 73 51
a 463 462 25 91
a 463 493 75 63
a 463 494 79 15
a 463 464 68 59
a 464 493 81 44
a 464 463 32 72
a 464 494 80 13
a 464 495 56 40
a 464 465 12 19
a 465 494 100 65
a 465 464 33 45
a 465 495 83 45
a 465 496 9 35
a 465 466 53 12
a 466 495 9 19
a 466 465 21 18
a 466 496 4 8
a 466 497 38 61
a 466 467 7 33
a 467 496 76 71
a 467 466 99 30
a 467 497 60 84
a 467 498 61 28
a 467 468 25 84
a 468 497 99 7
a 468 467 18 76
a 468 498 89 18
a 468 499 49 80
a 468 469 51 5
a 469 498 13 80
a 469 468 35 26
a 469 499 60 28
a 469 500 47 95
a 469 470 85 66
a 470 499 20 29
a 470 469 5 50
a 470 500 50 51
a 470 501 73 66
a 470 471 63 97
a 471 500 59 52
a 471 470 32 46
a 471 501 54 78
a 471 502 60 5
a 471 472 85 68
a 472 501 40 29
a 472 471 33 24
a 472 502 76 81
a 472 503 26 51
a 472 473 86 100
a 473 502 63 20
a 473 472 53 48
a 473 503 70 15
a 473 504 38 42
a 473 474 84 25
a 474 503 8 18
a 474 473 74 91
a 474 504 55 34
a 474 505 76 5
a 474 475 57 2
a 475 504 76 20
a 475 474 29 42
a 475 505 35 15
a 475 506 61 39
a 475 476 16 19
a 476 505 19 27
a 476 475 94 34
a 476 506 16 8
a 476 507 59 64
a 476 477 32 5
a 477 506 43 89
a 477 476 23 6
a 477 507 55 2
a 477 508 93 53
a 477 478 60 34
a 478 507 26 2
a 478 477 48 45
a 478 508 93 3
a 478 509 84 82
a 478 479 6 89
a 479 508 41 65
a 479 478 95 52
a 479 509 16 100
a 479 510 84 29
a 479 480 28 42
a 480 509 39 74
a 480 479 98 59
a 480 510 31 14
a 481 511 21 45
a 481 512 62 89
a 481 482 38 58
a 482 511 54 16
a 482 481 15 19
a 482 512 60 17
a 482 513 91 67
a 482 483 35 54
a 483 512 81 69
a 483 482 33 54
a 483 513 50 43
a 483 514 29 50
a 483 484 50 60
a 484 513 76 55
a 484 483 19 53
a 484 514 26 88
a 484 515 17 23
a 484 485 9 64
a 485 514 73 24
a 485 484 57 28
a 485 515 85 45
a 485 516 96 97
a 485 486 2 76
a 486 515 57 58
a 486 485 61 79
a 486 516 22 63
a 486 517 68 57
a 486 487 31 19
a 487 516 96 8
a 487 486 31 22
a 487 517 88 5
a 487 518 27 40
a 487 488 89 61
a 488 517 70 95
a 488 487 6 100
a 488 518 31 79
a 488 519 12 44
a 488 489 63 41
a 489 518 59 67
a 489 488 86 58
a 489 519 63 50
a 489 520 49 90
a 489 490 41 12
a 490 519 18 5
a 490 489 62 19
a 490 520 47 84
a 490 521 2 90
a 490 491 46 57
a 491 520 59 98
a 491 490 78 74
a 491 521 21 66
a 491 522 84 97
a 491 492 66 39
a 492 521 69 58
a 492 491 99 10
a 492 522 19 93
a 492 523 37 99
a 492 493 44 30
a 493 522 78 67
a 493 492 46 23
a 493 523 85 92
a 493 524 5 13
a 493 494 17 83
a 494 523 11 43
a 494 493 82 24
a 494 524 69 57
a 494 525 50 71
a 494 495 80 5
a 495 524 42 68
a 495 494 19 32
a 495 525 81 44
a 495 526 60 59
a 495 496 79 38
a 496 525 87 88
a 496 495 99 41
a 496 526 7 57
a 496 527 48 92
a 496 497 84 73
a 497 526 77 91
a 497 496 17 27
a 497 527 39 84
a 497 528 66 35
a 497 498 88 5
a 498 527 7 23
a 498 497 77 89
a 498 528 8 59
a 498 529 55 69
a 498 499 54 33
a 499 528 47 2
a 499 498 59 25
a 499 529 48 45
a 499 530 73 20
a 499 500 27 35
a 500 529 16 88
a 500 499 97 75
a 500 530 30 64
a 500 531 25 81
a 500 501 66 18
a 501 530 52 6
a 501 500 5 87
a 501 531 22 30
a 501 532 73 63
a 501 502 43 78
a 502 531 11 78
a 502 501 75 68
a 502 532 95 43
a 502 533 45 12
a 502 503 20 67
a 503 532 34 73
a 503 502 71 98
a 503 533 38 56
a 503 534 13 55
a 503 504 28 93
a 504 533 24 93
a 504 503 86 29
a 504 534 42 30
a 504 535 73 5
a 504 505 34 75
a 505 534 70 45
a 505 504 41 11
a 505 535 47 39
a 505 536 60 59
a 505 506 73 11
a 506 535 36 67
a 506 505 90 33
a 506 536 22 90
a 506 537 24 91
a 506 507 2 54
a 507 536 32 25
a 507 506 65 91
a 507 537 74 94
a 507 538 74 72
a 507 508 34 87
a 508 537 38 61
a 508 507 16 16
a 508 538 94 83
a 508 539 37 85
a 508 509 54 57
a 509 538 9 91
a 509 508 17 55
a 509 539 50 11
a 509 540 68 50
a 509 510 47 39
a 510 539 69 96
a 510 509 78 97
a 510 540 52 42
a 511 541 8 89
a 511 542 57 64
a 511 512 13 11
a 512 541 49 7
a 512 511 1 50
a 512 542 40 83
a 512 543 3 52
a 512 513 48 61
a 513 542 77 50
a 513 512 87 96
a 513 543 10 97
a 513 544 63 60
a 513 514 78 71
a 514 543 34 63
a 514 513 5 8
a 514 544 82 80
a 514 545 35 18
a 514 515 55 10
a 515 544 51 59
a 515 514 100 39
a 515 545 56 55
a 515 546 53 94
a 515 516 84 60
a 516 545 58 6
a 516 515 61 62
a 516 546 6 29
a 516 547 10 21
a 516 517 11 30
a 517 546 71 73
a 517 516 37 23
a 517 547 65 35
a 517 548 42 38
a 517 518 28 2
a 518 547 92 70
a 518 517 3 84
a 518 548 15 3
a 518 549 70 7
a 518 519 11 96
a 519 548 32 46
a 519 518 77 90
a 519 549 85 54
a 519 550 18 90
a 519 520 79 28
a 520 549 69 70
a 520 519 92 77
a 520 550 38 48
a 520 551 6 49
a 520 521 97 92
a 521 550 91 3
a 521 520 53 61
a 521 551 90 82
a 521 552 13 56
a 521 522 23 22
a 522 551 80 98
a 522 521 64 34
a 522 552 69 96
a 522 553 96 7
a 522 523 64 96
a 523 552 16 21
a 523 522 60 41
a 523 553 18 1
a 523 554 81 15
a 523 524 85 35
a 524 553 14 90
a 524 523 80 83
a 524 554 16 83
a 524 555 87 84
a 524 525 83 47
a 525 554 95 88
a 525 524 10 11
a 525 555 63 23
a 525 556 53 7
a 525 526 79 95
a 526 555 94 54
a 526 525 61 41
a 526 556 13 27
a 526 557 12 7
a 526 527 47 32
a 527 556 85 21
a 527 526 94 44
a 527 557 50 65
a 527 558 62 75
a 527 528 69 47
a 528 557 80 86
a 528 527 10 90
a 528 558 24 80
a 528 559 9 99
a 528 529 10 45
a 529 558 2 7
a 529 528 9 56
a 529 559 67 52
a 529 560 27 92
a 529 530 4 17
a 530 559 62 41
a 530 529 22 51
a 530 560 37 42
a 530 561 30 33
a 530 531 83 77
a 531 560 19 74
a 531 530 97 2
a 531 561 11 43
a 531 562 73 88
a 531 532 90 47
a 532 561 87 56
a 532 531 61 4
a 532 562 81 75
a 532 563 97 21
a 532 533 47 84
a 533 562 100 17
a 533 532 79 69
a 533 563 77 80
a 533 564 42 32
a 533 534 25 39
a 534 563 36 6
a 534 533 22 26
a 534 564 9 54
a 534 565 71 83
a 534 535 79 63
a 535 564 59 14
a 535 534 45 13
a 535 565 11 5
a 535 566 7 3
a 535 536 79 57
a 536 565 53 27
a 536 535 57 82
a 536 566 58 25
a 536 567 73 60
a 536 537 77 78
a 537 566 32 44
a 537 536 99 33
a 537 567 88 75
a 537 568 97 88
a 537 538 26 94
a 538 567 89 22
a 538 537 63 42
a 538 568 31 4
a 538 569 69 14
a 538 539 1 50
a 539 568 42 32
a 539 538 92 37
a 539 569 27 68
a 539 570 88 55
a 539 540 6 41
a 540 569 3 71
a 540 539 10 62
a 540 570 61 30
a 541 571 92 77
a 541 572 80 11
a 541 542 44 60
a 542 571 19 12
a 542 541 58 24
a 542 572 94 13
a 542 573 87 23
a 542 543 65 27
a 543 572 84 69
a 543 542 53 53
a 543 573 17 79
a 543 574 23 63
a 543 544 76 73
a 544 573 20 41
a 544 543 25 55
a 544 574 67 18
a 544 575 59 55
a 544 545 47 87
a 545 574 28 97
a 545 544 68 82
a 545 575 69 31
a 545 576 5 16
a 545 546 69 12
a 546 575 93 35
a 546 545 7 25
a 546 576 23 33
a 546 577 29 20
a 546 547 56 59
a 547 576 60 17
a 547 546 91 94
a 547 577 30 62
a 547 578 51 36
a 547 548 15 2
a 548 577 77 71
a 548 547 51 58
a 548 578 14 55
a 548 579 79 92
a 548 549 41 73
a 549 578 18 58
a 549 548 7 96
a 549 579 63 63
a 549 580 74 95
a 549 550 53 53
a 550 579 80 2
a 550 549 29 8
a 550 580 69 67
a 550 581 65 87
a 550 551 27 65
a 551 580 22 73
a 551 550 67 100
a 551 581 57 17
a 551 582 28 91
a 551 552 44 11
a 552 581 6 96
a 552 551 96 59
a 552 582 85 94
a 552 583 14 89
a 552 553 100 57
a 553 582 94 88
a 553 552 21 45
a 553 583 63 27
a 553 584 53 61
a 553 554 78 74
a 554 583 49 60
a 554 553 39 25
a 554 584 20 43
a 554 585 26 88
a 554 555 30 47
a 555 584 56 87
a 555 554 31 4
a 555 585 21 69
a 555 586 57 91
a 555 556 18 77
a 556 585 18 97
a 556 555 51 8
a 556 586 52 38
a 556 587 31 74
a 556 557 48 70
a 557 586 89 79
a 557 556 63 90
a 557 587 11 30
a 557 588 89 30
a 557 558 34 58
a 558 587 96 58
a 558 557 84 69
a 558 588 60 3
a 558 589 70 75
a 558 559 93 22
a 559 588 62 91
a 559 558 82 68
a 559 589 38 85
a 559 590 90 41
a 559 560 84 56
a 560 589 61 75
a 560 559 41 3
a 560 590 92 6
a 560 591 89 79
a 560 561 82 50
a 561 590 68 59
a 561 560 30 33
a 561 591 95 5
a 561 592 94 3
a 561 562 50 1
a 562 591 75 52
a 562 561 39 76
a 562 592 16 46
a 562 593 49 3
a 562 563 89 72
a 563 592 78 18
a 563 562 41 100
a 563 593 83 92
a 563 594 79 92
a 563 564 25 33
a 564 593 2 55
a 564 563 13 12
a 564 594 64 31
a 564 595 21 82
a 564 565 1 18
a 565 594 71 67
a 565 564 5 71
a 565 595 7 28
a 565 596 28 55
a 565 566 13 43
a 566 595 27 38
a 566 565 21 96
a 566 596 11 36
a 566 597 15 64
a 566 567 34 5
a 567 596 51 100
a 567 566 46 89
a 567 597 77 99
a 567 598 90 32
a 567 568 7 21
a 568 597 16 42
a 568 567 91 50
a 568 598 25 47
a 568 599 100 63
a 568 569 32 7
a 569 598 50 83
a 569 568 18 32
a 569 599 86 45
a 569 600 48 57
a 569 570 16 66
a 570 599 40 44
a 570 569 24 95
a 570 600 89 96
a 571 601 40 70
a 571 602 64 45
a 571 572 76 6
a 572 601 7 20
a 572 571 67 100
a 572 602 6 2
a 572 603 62 8
a 572 573 31 50
a 573 602 64 69
a 573 572 72 80
a 573 603 48 22
a 573 604 39 22
a 573 574 52 78
a 574 603 52 61
a 574 573 67 99
a 574 604 35 12
a 574 605 85 56
a 574 575 34 13
a 575 604 60 92
a 575 574 92 36
a 575 605 35 95
a 575 606 31 87
a 575 576 47 12
a 576 605 11 24
a 576 575 86 48
a 576 606 48 46
a 576 607 47 75
a 576 577 57 78
a 577 606 89 60
a 577 576 4 65
a 577 607 24 100
a 577 608 53 64
a 577 578 70 40
a 578 607 56 13
a 578 577 43 96
a 578 608 4 94
a 578 609 71 6
a 578 579 98 79
a 579 608 89 79
a 579 578 92 52
a 579 609 5 12
a 579 610 85 33
a 579 580 72 15
a 580 609 97 59
a 580 579 60 17
a 580 610 83 84
a 580 611 47 74
a 580 581 11 74
a 581 610 21 85
a 581 580 75 28
a 581 611 94 34
a 581 612 25 74
a 581 582 2 65
a 582 611 18 64
a 582 581 19 40
a 582 612 3 20
a 582 613 1 9
a 582 583 89 49
a 583 612 50 39
a 583 582 84 19
a 583 613 29 27
a 583 614 41 44
a 583 584 69 36
a 584 613 20 48
a 584 583 6 40
a 584 614 81 38
a 584 615 28 33
a 584 585 15 80
a 585 614 93 12
a 585 584 87 38
a 585 615 26 24
a 585 616 99 82
a 585 586 58 79
a 586 615 35 11
a 586 585 45 7
a 586 616 46 35
a 586 617 59 44
a 586 587 97 11
a 587 616 89 58
a 587 586 17 36
a 587 617 7 82
a 587 618 11 88
a 587 588 77 34
a 588 617 49 4
a 588 587 88 27
a 588 618 1 60
a 588 619 60 86
a 588 589 2 27
a 589 618 91 87
a 589 588 38 26
a 589 619 85 26
a 589 620 10 20
a 589 590 76 27
a 590 619 53 37
a 590 589 51 93
a 590 620 49 36
a 590 621 94 32
a 590 591 9 90
a 591 620 10 13
a 591 590 4 41
a 591 621 67 39
a 591 622 36 74
a 591 592 15 75
a 592 621 5 68
a 592 591 97 35
a 592 622 36 6
a 592 623 3 81
a 592 593 5 4
a 593 622 74 80
a 593 592 28 65
a 593 623 4 13
a 593 624 53 37
a 593 594 65 100
a 594 623 59 34
a 594 593 9 77
a 594 624 8 77
a 594 625 13 78
a 594 595 40 49
a 595 624 18 7
a 595 594 26 19
a 595 625 17 33
a 595 626 76 44
a 595 596 58 40
a 596 625 94 60
a 596 595 98 31
a 596 626 10 3
a 596 627 59 6
a 596 597 48 83
a 597 626 82 96
a 597 596 22 30
a 597 627 36 87
a 597 628 39 6
a 597 598 91 54
a 598 627 72 84
a 598 597 94 33
a 598 628 85 21
a 598 629 20 92
a 598 599 94 51
a 599 628 62 98
a 599 598 17 12
a 599 629 51 61
a 599 630 3 100
a 599 600 72 39
a 600 629 51 70
a 600 599 21 95
a 600 630 16 94
a 601 631 7 23
a 601 632 40 30
a 601 602 50 70
a 602 631 14 15
a 602 601 38 67
a 602 632 85 50
a 602 633 13 64
a 602 603 18 80
a 603 632 67 28
a 603 602 47 47
a 603 633 55 12
a 603 634 47 39
a 603 604 16 89
a 604 633 70 10
a 604 603 84 94
a 604 634 51 69
a 604 635 80 44
a 604 605 65 3
a 605 634 67 82
a 605 604 21 11
a 605 635 54 46
a 605 636 51 10
a 605 606 62 26
a 606 635 28 74
a 606 605 66 53
a 606 636 80 23
a 606 637 28 82
a 606 607 14 85
a 607 636 49 12
a 607 606 68 31
a 607 637 45 27
a 607 638 65 7
a 607 608 65 47
a 608 637 2 90
a 608 607 33 18
a 608 638 2 11
a 608 639 70 61
a 608 609 94 72
a 609 638 81 48
a 609 608 91 10
a 609 639 82 7
a 609 640 63 59
a 609 610 91 18
a 610 639 20 89
a 610 609 57 51
a 610 640 1 36
a 610 641 81 99
a 610 611 15 69
a 611 640 10 67
a 611 610 96 75
a 611 641 18 51
a 611 642 35 28
a 611 612 55 10
a 612 641 23 2
a 612 611 96 56
a 612 642 45 31
a 612 643 64 55
a 612 613 29 86
a 613 642 92 88
a 613 612 13 75
a 613 643 32 99
a 613 644 86 67
a 613 614 84 31
a 614 643 74 30
a 614 613 37 58
a 614 644 19 30
a 614 645 80 99
a 614 615 17 85
a 615 644 4 38
a 615 614 65 15
a 615 645 19 72
a 615 646 65 17
a 615 616 62 24
a 616 645 61 38
a 616 615 62 36
a 616 646 77 100
a 616 647 4 8
a 616 617 79 11
a 617 646 2 58
a 617 616 100 23
a 617 647 52 85
a 617 648 2 47
a 617 618 8 64
a 618 647 44 55
a 618 617 53 32
a 618 648 69 22
a 618 649 12 22
a 618 619 75 81
a 619 648 34 36
a 619 618 48 25
a 619 649 47 38
a 619 650 5 67
a 619 620 95 29
a 620 649 87 7
a 620 619 66 88
a 620 650 63 74
a 620 651 54 3
a 620 621 21 66
a 621 650 57 89
a 621 620 76 49
a 621 651 91 1
a 621 652 90 44
a 621 622 89 1
a 622 651 95 22
a 622 621 47 52
a 622 652 49 20
a 622 653 13 99
a 622 623 99 57
a 623 652 48 59
a 623 622 54 68
a 623 653 89 41
a 623 654 61 82
a 623 624 99 22
a 624 653 41 62
a 624 623 74 70
a 624 654 77 55
a 624 655 48 89
a 624 625 9 58
a 625 654 7 49
a 625 624 30 53
a 625 655 86 59
a 625 656 77 31
a 625 626 17 9
a 626 655 84 53
a 626 625 36 41
a 626 656 70 35
a 626 657 15 21
a 626 627 88 85
a 627 656 88 19
a 627 626 46 61
a 627 657 90 87
a 627 658 59 62
a 627 628 2 95
a 628 657 53 86
a 628 627 26 15
a 628 658 86 53
a 628 659 54 27
a 628 629 96 10
a 629 658 78 70
a 629 628 44 63
a 629 659 57 88
a 629 660 88 90
a 629 630 20 9
a 630 659 19 67
a 630 629 4 53
a 630 660 7 22
a 631 661 86 24
a 631 662 31 97
a 631 632 41 28
a 632 661 75 89
a 632 631 82 49
a 632 662 4 98
a 632 663 63 13
a 632 633 45 29
a 633 662 38 53
a 633 632 31 44
a 633 663 37 64
a 633 664 50 78
a 633 634 32 43
a 634 663 25 12
a 634 633 7 57
a 634 664 25 16
a 634 665 54 74
a 634 635 47 52
a 635 664 91 84
a 635 634 51 19
a 635 665 78 1
a 635 666 52 37
a 635 636 93 72
a 636 665 60 72
a 636 635 35 22
a 636 666 50 56
a 636 667 92 21
a 636 637 96 71
a 637 666 42 61
a 637 636 64 5
a 637 667 1 39
a 637 668 95 92
a 637 638 42 72
a 638 667 48 64
a 638 637 38 98
a 638 668 36 40
a 638 669 99 98
a 638 639 70 69
a 639 668 12 82
a 639 638 50 99
a 639 669 22 21
a 639 670 43 53
a 639 640 80 6
a 640 669 69 77
a 640 639 31 82
a 640 670 87 6
a 640 671 91 59
a 640 641 18 50
a 641 670 41 17
a 641 640 11 29
a 641 671 65 71
a 641 672 74 56
a 641 642 41 12
a 642 671 10 74
a 642 641 93 4
a 642 672 91 34
a 642 673 31 99
a 642 643 72 57
a 643 672 27 84
a 643 642 50 67
a 643 673 11 70
a 643 674 54 29
a 643 644 28 12
a 644 673 25 83
a 644 643 4 83
a 644 674 42 37
a 644 675 1 67
a 644 645 38 66
a 645 674 20 23
a 645 644 53 9
a 645 675 68 25
a 645 676 30 60
a 645 646 90 38
a 646 675 95 84
a 646 645 32 98
a 646 676 94 91
a 646 677 46 53
a 646 647 28 17
a 647 676 24 7
a 647 646 89 57
a 647 677 51 49
a 647 678 15 35
a 647 648 65 93
a 648 677 52 16
a 648 647 76 27
a 648 678 21 42
a 648 679 39 34
a 648 649 31 7
a 649 678 50 72
a 649 648 45 13
a 649 679 47 37
a 649 680 62 96
a 649 650 63 99
a 650 679 47 39
a 650 649 24 23
a 650 680 73 73
a 650 681 26 72
a 650 651 80 40
a 651 680 73 42
a 651 650 7 81
a 651 681 24 13
a 651 682 87 100
a 651 652 40 19
a 652 681 7 73
a 652 651 48 8
a 652 682 43 100
a 652 683 93 9
a 652 653 14 41
a 653 682 91 97
a 653 652 30 13
a 653 683 91 25
a 653 684 46 62
a 653 654 73 46
a 654 683 98 22
a 654 653 73 22
a 654 684 7 88
a 654 685 9 51
a 654 655 100 27
a 655 684 22 3
a 655 654 46 11
a 655 685 28 26
a 655 686 55 22
a 655 656 93 26
a 656 685 69 36
a 656 655 78 74
a 656 686 89 19
a 656 687 81 61
a 656 657 32 54
a 657 686 7 45
a 657 656 82 45
a 657 687 38 100
a 657 688 58 82
a 657 658 79 15
a 658 687 78 27
a 658 657 25 12
a 658 688 79 93
a 658 689 54 62
a 658 659 67 94
a 659 688 99 19
a 659 658 15 43
a 659 689 92 89
a 659 690 48 64
a 659 660 26 62
a 660 689 98 4
a 660 659 37 88
a 660 690 95 43
a 661 691 22 77
a 661 692 29 76
a 661 662 82 40
a 662 691 27 81
a 662 661 2 59
a 662 692 99 76
a 662 693 93 88
a 662 663 77 44
a 663 692 32 80
a 663 662 65 67
a 663 693 61 8
a 663 694 55 32
a 663 664 59 25
a 664 693 60 99
a 664 663 99 98
a 664 694 96 31
a 664 695 44 36
a 664 665 23 36
a 665 694 81 70
a 665 664 37 5
a 665 695 27 83
a 665 696 53 6
a 665 666 71 37
a 666 695 99 61
a 666 665 2 59
a 666 696 2 68
a 666 697 28 3
a 666 667 6 23
a 667 696 7 2
a 667 666 75 73
a 667 697 97 5
a 667 698 75 98
a 667 668 69 59
a 668 697 5 71
a 668 667 85 61
a 668 698 93 18
a 668 699 82 50
a 668 669 54 80
a 669 698 98 35
a 669 668 60 20
a 669 699 76 30
a 669 700 36 98
a 669 670 50 16
a 670 699 61 50
a 670 669 10 64
a 670 700 15 68
a 670 701 26 53
a 670 671 98 30
a 671 700 79 75
a 671 670 42 37
a 671 701 54 50
a 671 702 56 12
a 671 672 91 84
a 672 701 1 97
a 672 671 42 8
a 672 702 91 58
a 672 703 43 58
a 672 673 100 65
a 673 702 27 36
a 673 672 20 93
a 673 703 69 84
a 673 704 59 61
a 673 674 87 16
a 674 703 11 43
a 674 673 81 31
a 674 704 63 50
a 674 705 16 27
a 674 675 89 84
a 675 704 1 47
a 675 674 79 87
a 675 705 45 59
a 675 706 10 34
a 675 676 85 90
a 676 705 60 69
a 676 675 11 8
a 676 706 43 39
a 676 707 31 30
a 676 677 83 1
a 677 706 28 52
a 677 676 61 55
a 677 707 11 37
a 677 708 59 21
a 677 678 59 2
a 678 707 23 1
a 678 677 84 73
a 678 708 71 65
a 678 709 41 76
a 678 679 60 5
a 679 708 4 3
a 679 678 44 30
a 679 709 41 7
a 679 710 30 76
a 679 680 64 85
a 680 709 68 82
a 680 679 37 7
a 680 710 47 17
a 680 711 82 82
a 680 681 76 4
a 681 710 42 6
a 681 680 64 43
a 681 711 80 58
a 681 712 74 6
a 681 682 84 43
a 682 711 80 66
a 682 681 51 57
a 682 712 7 15
a 682 713 70 69
a 682 683 41 5
a 683 712 56 38
a 683 682 38 57
a 683 713 58 95
a 683 714 75 18
a 683 684 100 78
a 684 713 34 94
a 684 683 22 23
a 684 714 78 95
a 684 715 65 68
a 684 685 68 28
a 685 714 60 37
a 685 684 36 53
a 685 715 63 19
a 685 716 62 66
a 685 686 19 54
a 686 715 36 69
a 686 685 64 17
a 686 716 80 82
a 686 717 58 79
a 686 687 68 76
a 687 716 15 32
a 687 686 90 58
a 687 717 95 29
a 687 718 91 72
a 687 688 36 21
a 688 717 100 1
a 688 687 65 44
a 688 718 35 91
a 688 719 82 2
a 688 689 80 89
a 689 718 97 42
a 689 688 95 52
a 689 719 27 41
a 689 720 43 28
a 689 690 30 55
a 690 719 86 35
a 690 689 11 81
a 690 720 80 70
a 691 721 69 16
a 691 722 46 31
a 691 692 56 17
a 692 721 90 86
a 692 691 77 94
a 692 722 41 75
a 692 723 19 2
a 692 693 30 78
a 693 722 91 1
a 693 692 7 91
a 693 723 89 27
a 693 724 78 97
a 693 694 70 12
a 694 723 5 46
a 694 693 75 64
a 694 724 3 96
a 694 725 48 45
a 694 695 15 11
a 695 724 6 89
a 695 694 67 80
a 695 725 70 10
a 695 726 78 42
a 695 696 14 58
a 696 725 75 51
a 696 695 39 28
a 696 726 54 9
a 696 727 75 75
a 696 697 82 4
a 697 726 10 24
a 697 696 97 65
a 697 727 39 62
a 697 728 35 25
a 697 698 79 50
a 698 727 13 89
a 698 697 60 77
a 698 728 87 29
a 698 729 41 44
a 698 699 98 58
a 699 728 68 19
a 699 698 48 89
a 699 729 83 86
a 699 730 97 3
a 699 700 35 72
a 700 729 50 44
a 700 699 77 37
a 700 730 33 33
a 700 731 75 15
a 700 701 49 81
a 701 730 83 33
a 701 700 26 39
a 701 731 36 53
a 701 732 13 26
a 701 702 82 24
a 702 731 73 34
a 702 701 56 33
a 702 732 56 16
a 702 733 100 91
a 702 703 9 64
a 703 732 51 55
a 703 702 91 7
a 703 733 41 21
a 703 734 75 5
a 703 704 15 55
a 704 733 29 16
a 704 703 40 93
a 704 734 97 44
a 704 735 17 4
a 704 705 70 10
a 705 734 97 71
a 705 704 91 64
a 705 735 10 71
a 705 736 8 36
a 705 706 73 55
a 706 735 72 53
a 706 705 31 52
a 706 736 25 39
a 706 737 60 74
a 706 707 98 93
a 707 736 20 77
a 707 706 74 14
a 707 737 53 94
a 707 738 38 57
a 707 708 36 11
a 708 737 57 11
a 708 707 85 47
a 708 738 100 64
a 708 739 94 58
a 708 709 95 21
a 709 738 45 30
a 709 708 67 5
a 709 739 45 38
a 709 740 10 85
a 709 710 42 4
a 710 739 38 86
a 710 709 49 77
a 710 740 85 7
a 710 741 80 84
a 710 711 97 77
a 711 740 4 54
a 711 710 86 28
a 711 741 100 10
a 711 742 48 42
a 711 712 93 66
a 712 741 86 47
a 712 711 27 60
a 712 742 11 76
a 712 743 39 54
a 712 713 69 66
a 713 742 29 33
a 713 712 43 27
a 713 743 99 13
a 713 744 89 43
a 713 714 71 88
a 714 743 94 21
a 714 713 85 100
a 714 744 87 57
a 714 745 28 3
a 714 715 63 51
a 715 744 50 54
a 715 714 5 90
a 715 745 40 22
a 715 746 10 91
a 715 716 89 51
a 716 745 100 24
a 716 715 23 54
a 716 746 82 97
a 716 747 4 43
a 716 717 51 2
a 717 746 51 4
a 717 716 73 3
a 717 747 11 58
a 717 748 69 81
a 717 718 13 10
a 718 747 29 27
a 718 717 49 55
a 718 748 59 5
a 718 749 28 82
a 718 719 50 21
a 719 748 81 6
a 719 718 71 76
a 719 749 46 64
a 719 750 53 71
a 719 720 66 84
a 720 749 62 27
a 720 719 92 86
a 720 750 58 14
a 721 751 11 95
a 721 752 15 73
a 721 722 33 27
a 722 751 14 61
a 722 721 67 32
a 722 752 68 82
a 722 753 55 58
a 722 723 97 14
a 723 752 89 83
a 723 722 55 13
a 723 753 52 69
a 723 754 29 62
a 723 724 24 7
a 724 753 87 64
a 724 723 29 65
a 724 754 89 11
a 724 755 64 97
a 724 725 82 22
a 725 754 6 18
a 725 724 38 21
a 725 755 63 86
a 725 756 49 19
a 725 726 88 57
a 726 755 53 59
a 726 725 76 50
a 726 756 12 81
a 726 757 97 43
a 726 727 62 65
a 727 756 27 89
a 727 726 9 27
a 727 757 27 5
a 727 758 58 57
a 727 728 78 29
a 728 757 25 34
a 728 727 85 32
a 728 758 33 28
a 728 759 37 89
a 728 729 42 34
a 729 758 60 7
a 729 728 96 44
a 729 759 74 78
a 729 760 49 83
a 729 730 43 61
a 730 759 52 92
a 730 729 78 2
a 730 760 13 13
a 730 761 79 10
a 730 731 65 13
a 731 760 29 86
a 731 730 34 42
a 731 761 18 83
a 731 762 63 9
a 731 732 77 65
a 732 761 78 97
a 732 731 11 56
a 732 762 48 3
a 732 763 28 28
a 732 733 7 74
a 733 762 40 8
a 733 732 71 72
a 733 763 89 17
a 733 764 50 98
a 733 734 10 20
a 734 763 90 90
a 734 733 38 98
a 734 764 93 2
a 734 765 81 85
a 734 735 25 92
a 735 764 68 93
a 735 734 10 29
a 735 765 9 93
a 735 766 63 15
a 735 736 37 51
a 736 765 81 92
a 736 735 9 86
a 736 766 40 24
a 736 767 60 51
a 736 737 81 19
a 737 766 71 80
a 737 736 81 52
a 737 767 8 42
a 737 768 59 38
a 737 738 33 57
a 738 767 97 30
a 738 737 1 22
a 738 768 85 98
a 738 769 17 56
a 738 739 59 29
a 739 768 1 64
a 739 738 68 51
a 739 769 6 44
a 739 770 77 12
a 739 740 68 64
a 740 769 30 54
a 740 739 25 25
a 740 770 46 72
a 740 771 91 13
a 740 741 87 74
a 741 770 24 99
a 741 740 36 10
a 741 771 36 39
a 741 772 16 16
a 741 742 69 71
a 742 771 47 95
a 742 741 4 71
a 742 772 39 93
a 742 773 67 7
a 742 743 87 5
a 743 772 15 91
a 743 742 40 80
a 743 773 79 30
a 743 774 17 37
a 743 744 68 40
a 744 773 58 82
a 744 743 28 59
a 744 774 79 9
a 744 775 22 58
a 744 745 98 35
a 745 774 91 97
a 745 744 66 76
a 745 775 27 88
a 745 776 63 48
a 745 746 11 14
a 746 775 75 27
a 746 745 16 57
a 746 776 99 80
a 746 777 6 25
a 746 747 87 80
a 747 776 62 87
a 747 746 92 85
a 747 777 54 34
a 747 778 16 14
a 747 748 14 20
a 748 777 32 47
a 748 747 60 30
a 748 778 38 57
a 748 779 77 42
a 748 749 75 49
a 749 778 7 57
a 749 748 47 64
a 749 779 16 6
a 749 780 80 32
a 749 750 22 26
a 750 779 86 76
a 750 749 17 54
a 750 780 48 9
a 751 781 49 26
a 751 782 40 49
a 751 752 100 44
a 752 781 89 87
a 752 751 75 58
a 752 782 78 45
a 752 783 46 41
a 752 753 8 100
a 753 782 47 12
a 753 752 52 19
a 753 783 57 1
a 753 784 67 83
a 753 754 38 19
a 754 783 99 37
a 754 753 41 52
a 754 784 31 25
a 754 785 83 5
a 754 755 12 83
a 755 784 20 8
a 755 754 82 33
a 755 785 78 54
a 755 786 10 57
a 755 756 3 55
a 756 785 33 65
a 756 755 43 75
a 756 786 91 5
a 756 787 98 15
a 756 757 83 16
a 757 786 79 37
a 757 756 31 24
a 757 787 47 77
a 757 788 76 24
a 757 758 62 42
a 758 787 90 51
a 758 757 55 25
a 758 788 14 47
a 758 789 43 52
a 758 759 98 60
a 759 788 59 18
a 759 758 47 48
a 759 789 19 67
a 759 790 18 92
a 759 760 87 24
a 760 789 92 17
a 760 759 26 69
a 760 790 44 88
a 760 791 30 79
a 760 761 35 15
a 761 790 75 17
a 761 760 4 98
a 761 791 56 46
a 761 792 18 47
a 761 762 3 38
a 762 791 94 39
a 762 761 94 55
a 762 792 65 37
a 762 793 42 86
a 762 763 31 12
a 763 792 29 47
a 763 762 36 52
a 763 793 64 58
a 763 794 47 50
a 763 764 98 100
a 764 793 50 90
a 764 763 41 2
a 764 794 16 23
a 764 795 31 4
a 764 765 94 95
a 765 794 18 79
a 765 764 78 60
a 765 795 28 57
a 765 796 68 15
a 765 766 89 78
a 766 795 76 83
a 766 765 83 45
a 766 796 16 62
a 766 797 28 100
a 766 767 29 97
a 767 796 56 13
a 767 766 74 6
a 767 797 18 1
a 767 798 80 83
a 767 768 36 51
a 768 797 81 8
a 768 767 44 23
a 768 798 73 90
a 768 799 82 61
a 768 769 24 8
a 769 798 96 22
a 769 768 63 72
a 769 799 13 45
a 769 800 3 27
a 769 770 17 23
a 770 799 56 65
a 770 769 71 65
a 770 800 26 81
a 770 801 44 87
a 770 771 2 65
a 771 800 64 70
a 771 770 19 66
a 771 801 24 86
a 771 802 21 78
a 771 772 55 99
a 772 801 68 54
a 772 771 59 90
a 772 802 79 60
a 772 803 71 53
a 772 773 90 83
a 773 802 94 59
a 773 772 46 3
a 773 803 99 73
a 773 804 3 27
a 773 774 40 18
a 774 803 40 65
a 774 773 2 87
a 774 804 49 65
a 774 805 75 52
a 774 775 9 66
a 775 804 7 14
a 775 774 100 35
a 775 805 49 22
a 775 806 67 49
a 775 776 78 19
a 776 805 20 58
a 776 775 92 4
a 776 806 41 6
a 776 807 56 41
a 776 777 16 38
a 777 806 74 88
a 777 776 5 24
a 777 807 15 7
a 777 808 75 73
a 777 778 33 10
a 778 807 97 54
a 778 777 63 3
a 778 808 77 41
a 778 809 43 3
a 778 779 21 31
a 779 808 33 95
a 779 778 71 68
a 779 809 31 27
a 779 810 11 39
a 779 780 79 60
a 780 809 26 57
a 780 779 90 68
a 780 810 48 69
a 781 811 17 45
a 781 812 16 94
a 781 782 54 70
a 782 811 50 29
a 782 781 54 18
a 782 812 55 73
a 782 813 69 35
a 782 783 16 80
a 783 812 72 14
a 783 782 43 93
a 783 813 30 54
a 783 814 54 33
a 783 784 39 79
a 784 813 40 44
a 784 783 83 58
a 784 814 51 40
a 784 815 14 95
a 784 785 12 72
a 785 814 77 50
a 785 784 18 39
a 785 815 48 86
a 785 816 61 35
a 785 786 55 60
a 786 815 19 27
a 786 785 28 80
a 786 816 73 29
a 786 817 11 59
a 786 787 24 12
a 787 816 56 82
a 787 786 60 98
a 787 817 30 22
a 787 818 13 90
a 787 788 73 29
a 788 817 29 11
a 788 787 35 49
a 788 818 22 88
a 788 819 5 8
a 788 789 24 79
a 789 818 5 85
a 789 788 48 33
a 789 819 56 5
a 789 820 4 51
a 789 790 84 73
a 790 819 24 1
a 790 789 47 56
a 790 820 18 65
a 790 821 63 21
a 790 791 30 79
a 791 820 27 93
a 791 790 96 22
a 791 821 32 87
a 791 822 38 90
a 791 792 82 12
a 792 821 71 69
a 792 791 70 10
a 792 822 86 76
a 792 823 76 44
a 792 793 1 53
a 793 822 6 68
a 793 792 93 56
a 793 823 43 34
a 793 824 71 79
a 793 794 50 57
a 794 823 61 53
a 794 793 47 25
a 794 824 27 3
a 794 825 64 76
a 794 795 82 62
a 795 824 6 29
a 795 794 67 53
a 795 825 99 47
a 795 826 13 68
a 795 796 32 86
a 796 825 4 13
a 796 795 96 33
a 796 826 89 31
a 796 827 72 40
a 796 797 3 29
a 797 826 67 88
a 797 796 64 7
a 797 827 61 25
a 797 828 50 84
a 797 798 59 85
a 798 827 6 98
a 798 797 41 48
a 798 828 63 27
a 798 829 88 52
a 798 799 81 68
a 799 828 69 78
a 799 798 16 81
a 799 829 32 90
a 799 830 7 76
a 799 800 78 61
a 800 829 73 43
a 800 799 29 65
a 800 830 98 78
a 800 831 29 55
a 800 801 12 6
a 801 830 64 96
a 801 800 75 53
a 801 831 96 69
a 801 832 56 22
a 801 802 5 54
a 802 831 14 20
a 802 801 70 25
a 802 832 29 63
a 802 833 56 13
a 802 803 34 99
a 803 832 50 26
a 803 802 85 73
a 803 833 73 92
a 803 834 43 88
a 803 804 64 25
a 804 833 78 33
a 804 803 96 83
a 804 834 79 48
a 804 835 93 43
a 804 805 81 48
a 805 834 65 67
a 805 804 55 49
a 805 835 63 63
a 805 836 88 36
a 805 806 57 1
a 806 835 44 27
a 806 805 23 46
a 806 836 32 83
a 806 837 79 57
a 806 807 3 56
a 807 836 68 19
a 807 806 68 65
a 807 837 95 73
a 807 838 55 82
a 807 808 98 63
a 808 837 51 19
a 808 807 26 85
a 808 838 74 46
a 808 839 49 48
a 808 809 25 64
a 809 838 15 50
a 809 808 40 84
a 809 839 61 79
a 809 840 50 25
a 809 810 43 81
a 810 839 6 51
a 810 809 12 55
a 810 840 49 6
a 811 841 85 78
a 811 842 56 83
a 811 812 31 96
a 812 841 45 89
a 812 811 98 55
a 812 842 86 59
a 812 843 26 83
a 812 813 55 79
a 813 842 66 96
a 813 812 18 95
a 813 843 100 51
a 813 844 42 59
a 813 814 24 98
a 814 843 12 88
a 814 813 21 83
a 814 844 37 88
a 814 845 90 62
a 814 815 76 36
a 815 844 78 8
a 815 814 60 76
a 815 845 58 93
a 815 846 15 77
a 815 816 12 56
a 816 845 39 33
a 816 815 49 7
a 816 846 98 83
a 816 847 77 78
a 816 817 69 73
a 817 846 3 86
a 817 816 97 48
a 817 847 65 23
a 817 848 25 31
a 817 818 49 77
a 818 847 68 33
a 818 817 97 68
a 818 848 12 57
a 818 849 37 27
a 818 819 93 63
a 819 848 99 77
a 819 818 88 6
a 819 849 93 79
a 819 850 56 84
a 819 820 15 93
a 820 849 6 90
a 820 819 76 44
a 820 850 45 90
a 820 851 59 32
a 820 821 80 23
a 821 850 15 92
a 821 820 85 76
a 821 851 100 31
a 821 852 40 28
a 821 822 61 82
a 822 851 37 34
a 822 821 93 92
a 822 852 59 81
a 822 853 6 45
a 822 823 40 91
a 823 852 43 40
a 823 822 26 84
a 823 853 23 76
a 823 854 84 94
a 823 824 95 22
a 824 853 27 35
a 824 823 20 21
a 824 854 85 60
a 824 855 53 71
a 824 825 84 93
a 825 854 56 28
a 825 824 97 97
a 825 855 68 30
a 825 856 75 80
a 825 826 12 88
a 826 855 30 32
a 826 825 27 51
a 826 856 80 17
a 826 857 92 94
a 826 827 62 1
a 827 856 10 45
a 827 826 86 49
a 827 857 87 18
a 827 858 38 62
a 827 828 58 41
a 828 857 81 96
a 828 827 71 47
a 828 858 18 61
a 828 859 80 26
a 828 829 49 17
a 829 858 7 4
a 829 828 26 29
a 829 859 41 1
a 829 860 77 47
a 829 830 78 54
a 830 859 79 14
a 830 829 67 36
a 830 860 100 19
a 830 861 10 6
a 830 831 30 56
a 831 860 6 53
a 831 830 55 73
a 831 861 65 46
a 831 862 56 85
a 831 832 3 1
a 832 861 68 10
a 832 831 98 37
a 832 862 48 77
a 832 863 88 11
a 832 833 40 12
a 833 862 6 53
a 833 832 4 18
a 833 863 82 72
a 833 864 82 19
a 833 834 75 25
a 834 863 23 85
a 834 833 25 18
a 834 864 33 3
a 834 865 92 85
a 834 835 39 69
a 835 864 23 95
a 835 834 45 13
a 835 865 98 63
a 835 866 92 57
a 835 836 57 100
a 836 865 66 17
a 836 835 4 97
a 836 866 43 100
a 836 867 75 40
a 836 837 31 87
a 837 866 11 76
a 837 836 63 10
a 837 867 64 69
a 837 868 40 24
a 837 838 70 60
a 838 867 55 10
a 838 837 55 87
a 838 868 83 99
a 838 869 91 66
a 838 839 14 35
a 839 868 95 53
a 839 838 38 14
a 839 869 36 56
a 839 870 45 85
a 839 840 31 74
a 840 869 79 80
a 840 839 66 57
a 840 870 92 18
a 841 871 50 81
a 841 872 15 38
a 841 842 92 55
a 842 871 93 87
a 842 841 79 30
a 842 872 79 80
a 842 873 32 99
a 842 843 18 26
a 843 872 66 42
a 843 842 49 75
a 843 873 85 65
a 843 874 22 79
a 843 844 69 88
a 844 873 56 82
a 844 843 79 26
a 844 874 17 94
a 844 875 95 35
a 844 845 30 51
a 845 874 18 35
a 845 844 79 4
a 845 875 72 28
a 845 876 77 4
a 845 846 83 36
a 846 875 8 51
a 846 845 2 87
a 846 876 3 12
a 846 877 28 68
a 846 847 91 85
a 847 876 61 38
a 847 846 71 93
a 847 877 60 41
a 847 878 13 73
a 847 848 23 19
a 848 877 67 45
a 848 847 16 15
a 848 878 86 82
a 848 879 85 4
a 848 849 92 11
a 849 878 6 15
a 849 848 57 61
a 849 879 63 7
a 849 880 83 49
a 849 850 21 69
a 850 879 26 4
a 850 849 8 37
a 850 880 98 53
a 850 881 27 68
a 850 851 58 43
a 851 880 47 80
a 851 850 27 73
a 851 881 17 78
a 851 882 51 41
a 851 852 14 87
a 852 881 28 57
a 852 851 98 23
a 852 882 99 1
a 852 883 42 87
a 852 853 25 13
a 853 882 32 73
a 853 852 56 70
a 853 883 12 33
a 853 884 41 74
a 853 854 5 42
a 854 883 31 77
a 854 853 58 68
a 854 884 85 3
a 854 885 51 6
a 854 855 28 92
a 855 884 91 85
a 855 854 30 86
a 855 885 59 68
a 855 886 67 46
a 855 856 99 82
a 856 885 30 6
a 856 855 61 62
a 856 886 2 91
a 856 887 55 53
a 856 857 56 67
a 857 886 73 16
a 857 856 52 70
a 857 887 80 16
a 857 888 55 27
a 857 858 64 18
a 858 887 42 7
a 858 857 97 1
a 858 888 78 97
a 858 889 16 95
a 858 859 9 64
a 859 888 72 61
a 859 858 70 94
a 859 889 35 46
a 859 890 54 30
a 859 860 89 3
a 860 889 29 86
a 860 859 69 76
a 860 890 89 55
a 860 891 78 75
a 860 861 97 13
a 861 890 24 19
a 861 860 50 14
a 861 891 43 16
a 861 892 47 32
a 861 862 35 34
a 862 891 66 24
a 862 861 11 8
a 862 892 28 99
a 862 893 31 24
a 862 863 22 31
a 863 892 65 28
a 863 862 3 93
a 863 893 55 59
a 863 894 93 23
a 863 864 23 23
a 864 893 8 81
a 864 863 81 47
a 864 894 98 62
a 864 895 93 62
a 864 865 38 69
a 865 894 30 95
a 865 864 60 53
a 865 895 67 78
a 865 896 97 91
a 865 866 57 28
a 866 895 36 75
a 866 865 26 99
a 866 896 32 62
a 866 897 96 70
a 866 867 66 74
a 867 896 27 97
a 867 866 71 79
a 867 897 89 48
a 867 898 24 63
a 867 868 44 42
a 868 897 10 2
a 868 867 6 56
a 868 898 100 12
a 868 899 36 72
a 868 869 4 71
a 869 898 41 78
a 869 868 42 65
a 869 899 99 42
a 869 900 56 95
a 869 870 16 88
a 870 899 95 17
a 870 869 74 88
a 870 900 15 11
