p sp 402 1826
n 0 s
n 401 t
a 0 1 35 61
a 0 2 11 82
a 0 3 29 3
a 0 4 50 65
a 0 5 60 62
a 0 6 86 83
a 0 7 78 15
a 0 8 82 7
a 0 9 77 38
a 0 10 87 100
a 0 11 12 93
a 0 12 86 96
a 0 13 79 14
a 0 14 58 60
a 0 15 47 94
a 0 16 39 36
a 0 17 23 69
a 0 18 93 18
a 0 19 62 35
a 0 20 54 88
a 381 401 58 90
a 382 401 33 75
a 383 401 71 43
a 384 401 29 36
a 385 401 25 15
a 386 401 40 22
a 387 401 58 90
a 388 401 30 39
a 389 401 8 47
a 390 401 31 11
a 391 401 27 26
a 392 401 76 87
a 393 401 72 88
a 394 401 96 23
a 395 401 51 10
a 396 401 66 81
a 397 401 47 96
a 398 401 31 27
a 399 401 4 94
a 400 401 21 96
a 1 21 100 84
a 1 22 45 32
a 2 21 27 83
a 2 22 99 91
a 2 23 93 72
a 3 22 81 83
a 3 23 10 57
a 3 24 80 70
a 4 23 15 44
a 4 24 28 45
a 4 25 100 47
a 5 24 97 80
a 5 25 94 62
a 5 26 2 4
a 6 25 74 32
a 6 26 94 19
a 6 27 47 61
a 7 26 90 48
a 7 27 49 37
a 7 28 78 34
a 8 27 87 67
a 8 28 24 7
a 8 29 56 13
a 9 28 47 77
a 9 29 50 83
a 9 30 29 85
a 10 29 100 87
a 10 30 89 17
a 10 31 39 35
a 11 30 25 83
a 11 31 48 94
a 11 32 79 37
a 12 31 40 14
a 12 32 2 48
a 12 33 80 68
a 13 32 80 45
a 13 33 56 67
a 13 34 15 35
a 14 33 76 54
a 14 34 21 94
a 14 35 63 35
a 15 34 12 62
a 15 35 96 53
a 15 36 25 35
a 16 35 94 79
a 16 36 69 9
a 16 37 67 100
a 17 36 86 41
a 17 37 9 55
a 17 38 9 3
a 18 37 66 23
a 18 38 23 48
a 18 39 22 39
a 19 38 50 15
a 19 39 71 49
a 19 40 2 23
a 20 39 41 50
a 20 40 1 20
a 21 41 80 54
a 21 42 60 91
a 21 22 35 57
a 22 41 56 58
a 22 21 75 13
a 22 42 38 17
a 22 43 77 32
a 22 23 15 50
a 23 42 41 31
a 23 22 12 46
a 23 43 84 85
a 23 44 78 28
a 23 24 85 81
a 24 43 65 30
a 24 23 72 87
a 24 44 39 60
a 24 45 51 89
a 24 25 36 77
a 25 44 3 71
a 25 24 65 8
a 25 45 47 90
a 25 46 78 55
a 25 26 52 66
a 26 45 94 83
a 26 25 93 91
a 26 46 87 1
a 26 47 26 72
a 26 27 98 73
a 27 46 81 99
a 27 26 44 41
a 27 47 96 17
a 27 48 42 29
a 27 28 82 15
a 28 47 83 9
a 28 27 88 44
a 28 48 1 17
a 28 49 88 50
a 28 29 8 100
a 29 48 22 91
a 29 28 91 4
a 29 49 12 24
a 29 50 63 87
a 29 30 4 12
a 30 49 82 95
a 30 29 4 51
a 30 50 85 84
a 30 51 37 18
a 30 31 99 95
a 31 50 89 56
a 31 30 34 7
a 31 51 12 92
a 31 52 83 92
a 31 32 38 14
a 32 51 70 79
a 32 31 36 16
a 32 52 56 36
a 32 53 12 25
a 32 33 94 1
a 33 52 18 5
a 33 32 59 61
a 33 53 53 96
a 33 54 50 25
a 33 34 68 73
a 34 53 45 42
a 34 33 11 99
a 34 54 22 34
a 34 55 62 55
a 34 35 28 21
a 35 54 40 73
a 35 34 70 66
a 35 55 68 53
a 35 56 36 76
a 35 36 85 83
a 36 55 75 39
a 36 35 33 34
a 36 56 76 6
a 36 57 93 26
a 36 37 89 46
a 37 56 87 14
a 37 36 64 71
a 37 57 93 28
a 37 58 17 23
a 37 38 22 56
a 38 57 15 57
a 38 37 79 24
a 38 58 94 15
a 38 59 4 23
a 38 39 28 95
a 39 58 8 77
a 39 38 17 76
a 39 59 47 25
a 39 60 42 53
a 39 40 68 90
a 40 59 91 16
a 40 39 64 52
a 40 60 25 57
a 41 61 66 21
a 41 62 76 18
a 41 42 40 17
a 42 61 84 59
a 42 41 67 34
a 42 62 27 31
a 42 63 3 56
a 42 43 63 5
a 43 62 77 72
a 43 42 26 81
a 43 63 90 53
a 43 64 76 75
a 43 44 21 32
a 44 63 20 3
a 44 43 34 81
a 44 64 40 32
a 44 65 52 7
a 44 45 66 55
a 45 64 4 21
a 45 44 20 63
a 45 65 51 32
a 45 66 45 89
a 45 46 89 49
a 46 65 33 30
a 46 45 60 11
a 46 66 32 10
a 46 67 21 30
a 46 47 98 58
a 47 66 6 99
a 47 46 92 51
a 47 67 37 4
a 47 68 7 40
a 47 48 49 52
a 48 67 5 97
a 48 47 55 12
a 48 68 78 1
a 48 69 32 61
a 48 49 16 3
a 49 68 74 11
a 49 48 71 31
a 49 69 56 27
a 49 70 40 3
a 49 50 20 12
a 50 69 77 49
a 50 49 100 4
a 50 70 47 11
a 50 71 33 5
a 50 51 32 18
a 51 70 53 8
a 51 50 20 69
a 51 71 4 46
a 51 72 35 74
a 51 52 89 66
a 52 71 91 55
a 52 51 6 20
a 52 72 57 7
a 52 73 90 4
a 52 53 15 4
a 53 72 67 11
a 53 52 61 36
a 53 73 22 38
a 53 74 36 12
a 53 54 27 56
a 54 73 71 89
a 54 53 5 62
a 54 74 27 99
a 54 75 30 91
a 54 55 38 69
a 55 74 80 51
a 55 54 24 82
a 55 75 34 89
a 55 76 21 90
a 55 56 58 24
a 56 75 43 72
a 56 55 7 75
a 56 76 72 40
a 56 77 86 74
a 56 57 45 82
a 57 76 61 73
a 57 56 67 38
a 57 77 65 43
a 57 78 33 39
a 57 58 7 60
a 58 77 67 46
a 58 57 31 59
a 58 78 62 16
a 58 79 72 15
a 58 59 46 8
a 59 78 59 66
a 59 58 53 36
a 59 79 82 100
a 59 80 40 20
a 59 60 73 43
a 60 79 85 57
a 60 59 17 48
a 60 80 100 3
a 61 81 25 50
a 61 82 11 17
a 61 62 78 99
a 62 81 19 6
a 62 61 10 30
a 62 82 44 41
a 62 83 22 44
a 62 63 45 54
a 63 82 78 96
a 63 62 24 88
a 63 83 78 87
a 63 84 81 48
a 63 64 30 58
a 64 83 55 36
a 64 63 98 29
a 64 84 83 98
a 64 85 48 84
a 64 65 26 8
a 65 84 80 77
a 65 64 85 96
a 65 85 2 77
a 65 86 24 36
a 65 66 35 86
a 66 85 56 67
a 66 65 46 27
a 66 86 74 100
a 66 87 66 18
a 66 67 34 97
a 67 86 98 70
a 67 66 61 33
a 67 87 52 84
a 67 88 11 82
a 67 68 95 16
a 68 87 8 85
a 68 67 63 2
a 68 88 42 20
a 68 89 47 32
a 68 69 4 50
a 69 88 39 76
a 69 68 90 20
a 69 89 72 74
a 69 90 82 40
a 69 70 10 30
a 70 89 39 2
a 70 69 57 56
a 70 90 97 14
a 70 91 87 9
a 70 71 77 96
a 71 90 61 11
a 71 70 70 88
a 71 91 57 54
a 71 92 25 58
a 71 72 93 38
a 72 91 61 55
a 72 71 63 41
a 72 92 20 19
a 72 93 28 69
a 72 73 43 83
a 73 92 46 51
a 73 72 57 67
a 73 93 90 99
a 73 94 100 40
a 73 74 24 76
a 74 93 76 66
a 74 73 27 25
a 74 94 20 77
a 74 95 33 93
a 74 75 22 83
a 75 94 99 28
a 75 74 43 87
a 75 95 13 71
a 75 96 13 62
a 75 76 22 34
a 76 95 7 90
a 76 75 43 50
a 76 96 7 20
a 76 97 94 56
a 76 77 98 98
a 77 96 89 13
a 77 76 72 83
a 77 97 5 57
a 77 98 62 3
a 77 78 59 84
a 78 97 18 86
a 78 77 70 65
a 78 98 27 62
a 78 99 99 32
a 78 79 34 56
a 79 98 73 90
a 79 78 92 89
a 79 99 91 81
a 79 100 74 46
a 79 80 41 7
a 80 99 55 18
a 80 79 56 81
a 80 100 26 4
a 81 101 47 95
a 81 102 48 11
a 81 82 7 45
a 82 101 72 99
a 82 81 41 74
a 82 102 30 75
a 82 103 27 50
a 82 83 34 46
a 83 102 10 59
a 83 82 44 39
a 83 103 4 45
a 83 104 89 23
a 83 84 22 31
a 84 103 35 54
a 84 83 60 34
a 84 104 97 22
a 84 105 100 36
a 84 85 82 13
a 85 104 1 61
a 85 84 21 27
a 85 105 73 26
a 85 106 79 39
a 85 86 75 16
a 86 105 81 2
a 86 85 96 21
a 86 106 61 38
a 86 107 56 70
a 86 87 44 94
a 87 106 26 96
a 87 86 26 31
a 87 107 73 21
a 87 108 49 74
a 87 88 33 36
a 88 107 95 81
a 88 87 73 81
a 88 108 28 29
a 88 109 62 22
a 88 89 57 82
a 89 108 82 30
a 89 88 24 14
a 89 109 4 71
a 89 110 16 100
a 89 90 9 17
a 90 109 12 72
a 90 89 29 3
a 90 110 32 73
a 90 111 95 86
a 90 91 11 83
a 91 110 53 2
a 91 90 45 83
a 91 111 40 15
a 91 112 62 1
a 91 92 12 65
a 92 111 72 12
a 92 91 92 63
a 92 112 6 98
a 92 113 34 2
a 92 93 97 2
a 93 112 71 84
a 93 92 48 51
a 93 113 6 92
a 93 114 80 31
a 93 94 10 86
a 94 113 23 30
a 94 93 85 70
a 94 114 83 22
a 94 115 60 69
a 94 95 61 75
a 95 114 70 96
a 95 94 27 76
a 95 115 42 97
a 95 116 72 68
a 95 96 17 6
a 96 115 100 32
a 96 95 20 29
a 96 116 17 98
a 96 117 34 62
a 96 97 32 47
a 97 116 14 19
a 97 96 68 30
a 97 117 9 5
a 97 118 36 71
a 97 98 55 93
a 98 117 92 52
a 98 97 21 18
a 98 118 72 23
a 98 119 10 95
a 98 99 65 50
a 99 118 22 78
a 99 98 25 53
a 99 119 61 42
a 99 120 89 85
a 99 100 57 50
a 100 119 14 75
a 100 99 48 34
a 100 120 78 95
a 101 121 92 95
a 101 122 77 14
a 101 102 8 5
a 102 121 76 99
a 102 101 96 24
a 102 122 81 93
a 102 123 14 93
a 102 103 49 79
a 103 122 9 18
a 103 102 32 91
a 103 123 51 85
a 103 124 15 17
a 103 104 74 71
a 104 123 68 80
a 104 103 95 76
a 104 124 70 69
a 104 125 99 83
a 104 105 82 83
a 105 124 19 23
a 105 104 19 52
a 105 125 92 66
a 105 126 60 94
a 105 106 5 23
a 106 125 61 84
a 106 105 49 51
a 106 126 12 60
a 106 127 65 16
a 106 107 5 1
a 107 126 6 21
a 107 106 52 49
a 107 127 55 23
a 107 128 59 24
a 107 108 74 62
a 108 127 40 94
a 108 107 61 85
a 108 128 17 67
a 108 129 5 35
a 108 109 67 86
a 109 128 79 61
a 109 108 56 99
a 109 129 75 92
a 109 130 3 33
a 109 110 3 13
a 110 129 7 97
a 110 109 44 94
a 110 130 63 80
a 110 131 76 69
a 110 111 1 37
a 111 130 12 87
a 111 110 13 34
a 111 131 12 21
a 111 132 89 73
a 111 112 14 27
a 112 131 31 80
a 112 111 76 3
a 112 132 39 74
a 112 133 47 10
a 112 113 67 1
a 113 132 25 58
a 113 112 41 21
a 113 133 50 91
a 113 134 73 23
a 113 114 98 32
a 114 133 69 87
a 114 113 66 39
a 114 134 73 12
a 114 135 14 17
a 114 115 19 89
a 115 134 52 19
a 115 114 20 49
a 115 135 92 61
a 115 136 53 97
a 115 116 25 69
a 116 135 34 50
a 116 115 63 73
a 116 136 61 34
a 116 137 9 79
a 116 117 26 63
a 117 136 13 22
a 117 116 6 71
a 117 137 68 41
a 117 138 10 28
a 117 118 2 76
a 118 137 16 72
a 118 117 59 83
a 118 138 66 69
a 118 139 84 51
a 118 119 82 74
a 119 138 76 96
a 119 118 38 58
a 119 139 77 21
a 119 140 88 67
a 119 120 40 68
a 120 139 94 48
a 120 119 54 65
a 120 140 1 96
a 121 141 97 54
a 121 142 47 29
a 121 122 36 13
a 122 141 3 100
a 122 121 23 6
a 122 142 25 48
a 122 143 86 89
a 122 123 87 35
a 123 142 88 80
a 123 122 64 94
a 123 143 96 9
a 123 144 12 96
a 123 124 81 22
a 124 143 65 9
a 124 123 20 67
a 124 144 53 98
a 124 145 66 61
a 124 125 44 41
a 125 144 44 30
a 125 124 61 31
a 125 145 59 4
a 125 146 12 89
a 125 126 32 79
a 126 145 84 19
a 126 125 3 52
a 126 146 20 42
a 126 147 30 15
a 126 127 32 6
a 127 146 49 90
a 127 126 14 28
a 127 147 98 54
a 127 148 58 13
a 127 128 99 19
a 128 147 12 58
a 128 127 38 34
a 128 148 97 76
a 128 149 23 43
a 128 129 17 78
a 129 148 57 65
a 129 128 3 43
a 129 149 27 44
a 129 150 38 30
a 129 130 29 86
a 130 149 53 32
a 130 129 40 67
a 130 150 23 91
a 130 151 30 64
a 130 131 85 1
a 131 150 31 20
a 131 130 45 29
a 131 151 94 96
a 131 152 91 24
a 131 132 21 92
a 132 151 31 1
a 132 131 81 79
a 132 152 70 25
a 132 153 92 82
a 132 133 50 13
a 133 152 64 46
a 133 132 10 18
a 133 153 21 50
a 133 154 30 99
a 133 134 48 28
a 134 153 57 11
a 134 133 95 71
a 134 154 65 58
a 134 155 17 38
a 134 135 100 30
a 135 154 35 46
a 135 134 17 2
a 135 155 28 85
a 135 156 37 63
a 135 136 59 39
a 136 155 16 96
a 136 135 11 15
a 136 156 67 36
a 136 157 89 87
a 136 137 17 8
a 137 156 78 25
a 137 136 51 90
a 137 157 87 48
a 137 158 13 32
a 137 138 18 63
a 138 157 67 82
a 138 137 65 78
a 138 158 44 19
a 138 159 3 36
a 138 139 47 72
a 139 158 16 10
a 139 138 20 83
a 139 159 95 12
a 139 160 97 19
a 139 140 59 29
a 140 159 98 73
a 140 139 61 53
a 140 160 30 51
a 141 161 6 8
a 141 162 81 25
a 141 142 9 79
a 142 161 48 52
a 142 141 33 7
a 142 162 9 98
a 142 163 68 74
a 142 143 52 93
a 143 162 7 64
a 143 142 97 26
a 143 163 78 59
a 143 164 55 22
a 143 144 64 72
a 144 163 30 87
a 144 143 34 55
a 144 164 47 72
a 144 165 85 83
a 144 145 22 15
a 145 164 82 78
a 145 144 40 25
a 145 165 81 46
a 145 166 14 37
a 145 146 21 36
a 146 165 5 89
a 146 145 75 72
a 146 166 1 52
a 146 167 90 99
a 146 147 22 89
a 147 166 60 29
a 147 146 78 50
a 147 167 20 23
a 147 168 93 63
a 147 148 48 60
a 148 167 93 55
a 148 147 97 8
a 148 168 83 95
a 148 169 65 22
a 148 149 48 70
a 149 168 37 15
a 149 148 17 24
a 149 169 33 32
a 149 170 46 34
a 149 150 34 52
a 150 169 69 80
a 150 149 55 84
a 150 170 96 98
a 150 171 3 48
a 150 151 56 3
a 151 170 42 79
a 151 150 1 40
a 151 171 98 33
a 151 172 55 61
a 151 152 78 65
a 152 171 15 73
a 152 151 92 57
a 152 172 28 86
a 152 173 81 48
a 152 153 42 100
a 153 172 70 10
a 153 152 93 32
a 153 173 72 92
a 153 174 25 23
a 153 154 43 12
a 154 173 33 57
a 154 153 12 98
a 154 174 73 8
a 154 175 46 45
a 154 155 95 24
a 155 174 4 23
a 155 154 19 12
a 155 175 62 35
a 155 176 3 88
a 155 156 14 69
a 156 175 47 18
a 156 155 90 61
a 156 176 80 20
a 156 177 31 58
a 156 157 56 72
a 157 176 36 58
a 157 156 79 100
a 157 177 45 98
a 157 178 53 29
a 157 158 27 24
a 158 177 76 94
a 158 157 75 13
a 158 178 36 9
a 158 179 59 2
a 158 159 77 89
a 159 178 93 22
a 159 158 58 92
a 159 179 86 93
a 159 180 33 37
a 159 160 54 61
a 160 179 47 71
a 160 159 99 58
a 160 180 46 80
a 161 181 51 69
a 161 182 60 96
a 161 162 83 30
a 162 181 32 90
a 162 161 42 74
a 162 182 9 49
a 162 183 76 4
a 162 163 47 81
a 163 182 65 24
a 163 162 47 65
a 163 183 78 34
a 163 184 85 93
a 163 164 99 46
a 164 183 17 45
a 164 163 14 72
a 164 184 39 45
a 164 185 72 83
a 164 165 76 21
a 165 184 57 11
a 165 164 19 48
a 165 185 66 55
a 165 186 24 24
a 165 166 76 3
a 166 185 36 36
a 166 165 88 59
a 166 186 58 91
a 166 187 51 80
a 166 167 75 34
a 167 186 59 72
a 167 166 33 45
a 167 187 99 84
a 167 188 49 88
a 167 168 24 4
a 168 187 35 71
a 168 167 61 91
a 168 188 55 41
a 168 189 11 84
a 168 169 99 34
a 169 188 6 89
a 169 168 25 43
a 169 189 79 50
a 169 190 95 71
a 169 170 56 96
a 170 189 48 20
a 170 169 1 88
a 170 190 93 54
a 170 191 25 98
a 170 171 85 80
a 171 190 68 18
a 171 170 3 8
a 171 191 28 54
a 171 192 99 87
a 171 172 96 92
a 172 191 68 54
a 172 171 28 100
a 172 192 57 33
a 172 193 25 13
a 172 173 54 40
a 173 192 4 4
a 173 172 30 9
a 173 193 14 89
a 173 194 83 35
a 173 174 20 46
a 174 193 2 45
a 174 173 8 64
a 174 194 18 90
a 174 195 60 36
a 174 175 16 77
a 175 194 70 80
a 175 174 65 1
a 175 195 41 38
a 175 196 84 39
a 175 176 72 30
a 176 195 10 37
a 176 175 49 9
a 176 196 80 35
a 176 197 46 72
a 176 177 80 49
a 177 196 68 68
a 177 176 93 95
a 177 197 84 48
a 177 198 45 58
a 177 178 31 46
a 178 197 32 80
a 178 177 96 95
a 178 198 67 55
a 178 199 26 5
a 178 179 75 35
a 179 198 21 98
a 179 178 69 57
a 179 199 95 3
a 179 200 7 77
a 179 180 92 16
a 180 199 53 72
a 180 179 89 96
a 180 200 29 7
a 181 201 23 14
a 181 202 12 27
a 181 182 76 42
a 182 201 7 42
a 182 181 44 37
a 182 202 35 44
a 182 203 57 11
a 182 183 37 71
a 183 202 3 31
a 183 182 29 5
a 183 203 84 54
a 183 204 10 47
a 183 184 37 50
a 184 203 76 16
a 184 183 20 59
a 184 204 62 40
a 184 205 38 95
a 184 185 3 31
a 185 204 70 61
a 185 184 16 94
a 185 205 83 96
a 185 206 87 76
a 185 186 8 58
a 186 205 99 70
a 186 185 56 17
a 186 206 76 29
a 186 207 33 19
a 186 187 50 10
a 187 206 53 66
a 187 186 14 72
a 187 207 27 99
a 187 208 21 54
a 187 188 60 62
a 188 207 38 68
a 188 187 96 72
a 188 208 51 96
a 188 209 24 37
a 188 189 12 90
a 189 208 34 73
a 189 188 80 41
a 189 209 45 71
a 189 210 20 33
a 189 190 99 60
a 190 209 38 97
a 190 189 71 55
a 190 210 19 69
a 190 211 8 53
a 190 191 61 34
a 191 210 26 60
a 191 190 97 35
a 191 211 31 93
a 191 212 9 21
a 191 192 25 95
a 192 211 97 51
a 192 191 58 24
a 192 212 44 50
a 192 213 73 2
a 192 193 14 92
a 193 212 9 22
a 193 192 90 52
a 193 213 88 41
a 193 214 31 71
a 193 194 46 57
a 194 213 39 51
a 194 193 88 49
a 194 214 91 36
a 194 215 16 93
a 194 195 73 87
a 195 214 99 63
a 195 194 24 59
a 195 215 70 14
a 195 216 60 35
a 195 196 82 85
a 196 215 98 99
a 196 195 55 62
a 196 216 23 39
a 196 217 44 45
a 196 197 5 50
a 197 216 41 43
a 197 196 6 13
a 197 217 5 16
a 197 218 38 7
a 197 198 52 5
a 198 217 71 8
a 198 197 53 76
a 198 218 12 10
a 198 219 30 9
a 198 199 87 12
a 199 218 53 81
a 199 198 68 50
a 199 219 1 38
a 199 220 100 59
a 199 200 58 31
a 200 219 91 38
a 200 199 86 76
a 200 220 90 88
a 201 221 10 9
a 201 222 8 23
a 201 202 93 7
a 202 221 24 88
a 202 201 72 40
a 202 222 13 67
a 202 223 92 20
a 202 203 62 3
a 203 222 49 17
a 203 202 4 9
a 203 223 31 8
a 203 224 26 43
a 203 204 23 50
a 204 223 87 34
a 204 203 75 78
a 204 224 60 53
a 204 225 27 30
a 204 205 43 41
a 205 224 93 37
a 205 204 79 61
a 205 225 24 27
a 205 226 54 83
a 205 206 90 47
a 206 225 80 62
a 206 205 43 74
a 206 226 54 76
a 206 227 26 46
a 206 207 80 51
a 207 226 87 63
a 207 206 99 39
a 207 227 74 50
a 207 228 51 91
a 207 208 88 44
a 208 227 97 37
a 208 207 83 9
a 208 228 77 57
a 208 229 17 2
a 208 209 92 42
a 209 228 62 6
a 209 208 53 72
a 209 229 3 68
a 209 230 62 74
a 209 210 40 90
a 210 229 62 92
a 210 209 85 93
a 210 230 65 9
a 210 231 6 73
a 210 211 48 94
a 211 230 8 29
a 211 210 87 55
a 211 231 71 61
a 211 232 49 96
a 211 212 86 48
a 212 231 56 36
a 212 211 78 85
a 212 232 34 90
a 212 233 52 54
a 212 213 72 52
a 213 232 31 26
a 213 212 77 13
a 213 233 86 33
a 213 234 42 20
a 213 214 90 97
a 214 233 66 19
a 214 213 71 53
a 214 234 77 2
a 214 235 14 79
a 214 215 20 48
a 215 234 68 54
a 215 214 92 69
a 215 235 77 15
a 215 236 98 10
a 215 216 95 56
a 216 235 75 86
a 216 215 62 20
a 216 236 20 98
a 216 237 9 10
a 216 217 15 63
a 217 236 64 40
a 217 216 85 57
a 217 237 75 7
a 217 238 23 92
a 217 218 98 33
a 218 237 12 3
a 218 217 70 40
a 218 238 17 52
a 218 239 55 90
a 218 219 58 86
a 219 238 12 51
a 219 218 73 56
a 219 239 5 46
a 219 240 4 31
a 219 220 28 73
a 220 239 54 99
a 220 219 8 88
a 220 240 2 52
a 221 241 58 28
a 221 242 89 39
a 221 222 5 25
a 222 241 24 32
a 222 221 5 77
a 222 242 23 74
a 222 243 57 85
a 222 223 77 54
a 223 242 14 43
a 223 222 96 33
a 223 243 92 94
a 223 244 96 37
a 223 224 85 33
a 224 243 52 84
a 224 223 88 79
a 224 244 12 16
a 224 245 12 63
a 224 225 27 3
a 225 244 98 85
a 225 224 13 99
a 225 245 45 73
a 225 246 18 47
a 225 226 57 72
a 226 245 63 28
a 226 225 38 55
a 226 246 25 22
a 226 247 4 19
a 226 227 36 19
a 227 246 88 11
a 227 226 9 70
a 227 247 70 87
a 227 248 24 26
a 227 228 39 21
a 228 247 1 90
a 228 227 69 52
a 228 248 78 45
a 228 249 73 45
a 228 229 42 47
a 229 248 61 64
a 229 228 21 98
a 229 249 80 71
a 229 250 21 35
a 229 230 83 48
a 230 249 77 89
a 230 229 34 54
a 230 250 92 17
a 230 251 84 26
a 230 231 97 49
a 231 250 97 74
a 231 230 91 34
a 231 251 18 5
a 231 252 24 53
a 231 232 70 81
a 232 251 55 25
a 232 231 7 7
a 232 252 26 79
a 232 253 23 85
a 232 233 70 96
a 233 252 35 67
a 233 232 42 28
a 233 253 95 63
a 233 254 59 76
a 233 234 20 18
a 234 253 68 25
a 234 233 34 49
a 234 254 4 65
a 234 255 45 58
a 234 235 65 87
a 235 254 32 72
a 235 234 56 2
a 235 255 5 46
a 235 256 63 100
a 235 236 64 58
a 236 255 21 97
a 236 235 71 31
a 236 256 8 47
a 236 257 47 29
a 236 237 81 96
a 237 256 33 69
a 237 236 47 95
a 237 257 48 14
a 237 258 30 77
a 237 238 74 54
a 238 257 8 12
a 238 237 26 79
a 238 258 79 54
a 238 259 42 25
a 238 239 75 99
a 239 258 75 64
a 239 238 1 81
a 239 259 11 64
a 239 260 66 90
a 239 240 49 69
a 240 259 97 89
a 240 239 47 26
a 240 260 45 62
a 241 261 73 46
a 241 262 87 50
a 241 242 86 9
a 242 261 26 86
a 242 241 1 1
a 242 262 54 65
a 242 263 95 32
a 242 243 43 46
a 243 262 63 15
a 243 242 60 65
a 243 263 55 46
a 243 264 96 25
a 243 244 74 55
a 244 263 77 79
a 244 243 15 25
a 244 264 83 22
a 244 265 1 4
a 244 245 12 82
a 245 264 32 11
a 245 244 10 3
a 245 265 1 39
a 245 266 11 71
a 245 246 22 75
a 246 265 69 12
a 246 245 73 70
a 246 266 5 9
a 246 267 3 68
a 246 247 31 17
a 247 266 41 10
a 247 246 83 2
a 247 267 39 69
a 247 268 35 31
a 247 248 38 46
a 248 267 53 83
a 248 247 60 43
a 248 268 69 27
a 248 269 45 64
a 248 249 40 75
a 249 268 33 27
a 249 248 36 38
a 249 269 33 18
a 249 270 12 1
a 249 250 40 44
a 250 269 10 53
a 250 249 39 58
a 250 270 68 93
a 250 271 53 72
a 250 251 85 62
a 251 270 34 61
a 251 250 94 82
a 251 271 78 71
a 251 272 98 36
a 251 252 34 37
a 252 271 98 66
a 252 251 98 42
a 252 272 17 95
a 252 273 42 35
a 252 253 12 16
a 253 272 20 33
a 253 252 50 61
a 253 273 8 8
a 253 274 20 77
a 253 254 48 5
a 254 273 24 18
a 254 253 85 95
a 254 274 35 71
a 254 275 66 14
a 254 255 97 32
a 255 274 40 13
a 255 254 77 84
a 255 275 63 69
a 255 276 31 15
a 255 256 1 91
a 256 275 35 20
a 256 255 33 3
a 256 276 50 54
a 256 277 12 52
a 256 257 79 98
a 257 276 12 64
a 257 256 32 43
a 257 277 4 8
a 257 278 64 42
a 257 258 76 24
a 258 277 67 82
a 258 257 86 53
a 258 278 5 9
a 258 279 15 17
a 258 259 79 22
a 259 278 86 21
a 259 258 3 43
a 259 279 94 30
a 259 280 99 83
a 259 260 22 37
a 260 279 9 35
a 260 259 37 5
a 260 280 70 81
a 261 281 59 27
a 261 282 69 50
a 261 262 57 41
a 262 281 95 31
a 262 261 21 93
a 262 282 66 37
a 262 283 6 16
a 262 263 83 77
a 263 282 68 67
a 263 262 81 29
a 263 283 23 30
a 263 284 23 12
a 263 264 34 40
a 264 283 46 22
a 264 263 3 83
a 264 284 21 17
a 264 285 62 57
a 264 265 6 97
a 265 284 23 17
a 265 264 70 98
a 265 285 61 92
a 265 286 4 27
a 265 266 17 43
a 266 285 6 31
a 266 265 24 33
a 266 286 45 28
a 266 287 24 19
a 266 267 1 5
a 267 286 58 40
a 267 266 98 61
a 267 287 54 72
a 267 288 1 82
a 267 268 76 45
a 268 287 94 89
a 268 267 84 60
a 268 288 91 55
a 268 289 93 50
a 268 269 50 100
a 269 288 90 91
a 269 268 73 40
a 269 289 89 80
a 269 290 95 6
a 269 270 58 13
a 270 289 98 31
a 270 269 76 42
a 270 290 12 29
a 270 291 19 75
a 270 271 47 5
a 271 290 58 92
a 271 270 23 74
a 271 291 63 6
a 271 292 98 30
a 271 272 38 52
a 272 291 78 40
a 272 271 99 30
a 272 292 75 36
a 272 293 4 40
a 272 273 31 81
a 273 292 47 4
a 273 272 29 33
a 273 293 29 9
a 273 294 62 18
a 273 274 57 76
a 274 293 83 96
a 274 273 31 57
a 274 294 47 2
a 274 295 100 100
a 274 275 8 31
a 275 294 35 86
a 275 274 23 59
a 275 295 39 46
a 275 296 77 16
a 275 276 9 64
a 276 295 37 3
a 276 275 25 25
a 276 296 91 67
a 276 297 84 98
a 276 277 34 35
a 277 296 67 31
a 277 276 79 97
a 277 297 33 85
a 277 298 24 63
a 277 278 76 100
a 278 297 20 63
a 278 277 26 35
a 278 298 96 16
a 278 299 98 5
a 278 279 98 23
a 279 298 76 48
a 279 278 73 60
a 279 299 3 86
a 279 300 14 97
a 279 280 66 80
a 280 299 90 89
a 280 279 68 44
a 280 300 74 11
a 281 301 53 55
a 281 302 44 42
a 281 282 13 67
a 282 301 55 9
a 282 281 52 35
a 282 302 10 32
a 282 303 48 37
a 282 283 2 58
a 283 302 76 61
a 283 282 63 94
a 283 303 77 68
a 283 304 5 24
a 283 284 15 44
a 284 303 40 65
a 284 283 73 91
a 284 304 77 39
a 284 305 98 96
a 284 285 16 63
a 285 304 25 41
a 285 284 48 54
a 285 305 76 75
a 285 306 38 35
a 285 286 29 9
a 286 305 78 35
a 286 285 14 55
a 286 306 66 19
a 286 307 23 71
a 286 287 77 3
a 287 306 26 41
a 287 286 21 56
a 287 307 11 21
a 287 308 62 20
a 287 288 78 67
a 288 307 92 38
a 288 287 75 38
a 288 308 55 20
a 288 309 100 95
a 288 289 42 85
a 289 308 93 56
a 289 288 89 8
a 289 309 33 53
a 289 310 20 20
a 289 290 25 67
a 290 309 45 58
a 290 289 8 52
a 290 310 57 73
a 290 311 35 12
a 290 291 85 42
a 291 310 42 9
a 291 290 28 22
a 291 311 58 63
a 291 312 9 97
a 291 292 53 82
a 292 311 39 73
a 292 291 89 72
a 292 312 51 44
a 292 313 70 40
a 292 293 75 49
a 293 312 32 21
a 293 292 6 86
a 293 313 9 57
a 293 314 60 71
a 293 294 11 93
a 294 313 16 37
a 294 293 81 54
a 294 314 100 57
a 294 315 13 82
a 294 295 53 41
a 295 314 47 25
a 295 294 25 21
a 295 315 20 79
a 295 316 17 68
a 295 296 13 95
a 296 315 9 98
a 296 295 95 3
a 296 316 23 42
a 296 317 36 83
a 296 297 14 37
a 297 316 13 88
a 297 296 25 41
a 297 317 56 17
a 297 318 16 17
a 297 298 85 100
a 298 317 20 46
a 298 297 25 47
a 298 318 48 83
a 298 319 26 31
a 298 299 23 62
a 299 318 82 43
a 299 298 16 62
a 299 319 1 30
a 299 320 4 86
a 299 300 78 90
a 300 319 3 8
a 300 299 92 65
a 300 320 32 75
a 301 321 31 42
a 301 322 15 67
a 301 302 35 14
a 302 321 81 66
a 302 301 43 61
a 302 322 31 68
a 302 323 95 83
a 302 303 24 24
a 303 322 72 3
a 303 302 49 94
a 303 323 92 51
a 303 324 90 95
a 303 304 19 39
a 304 323 27 51
a 304 303 100 1
a 304 324 80 98
a 304 325 54 78
a 304 305 67 58
a 305 324 56 26
a 305 304 45 88
a 305 325 7 54
a 305 326 48 51
a 305 306 7 95
a 306 325 16 86
a 306 305 32 92
a 306 326 8 2
a 306 327 88 92
a 306 307 16 91
a 307 326 58 54
a 307 306 58 64
a 307 327 45 14
a 307 328 57 35
a 307 308 100 1
a 308 327 6 80
a 308 307 98 94
a 308 328 30 5
a 308 329 7 83
a 308 309 50 54
a 309 328 2 63
a 309 308 99 42
a 309 329 33 41
a 309 330 61 66
a 309 310 83 11
a 310 329 43 32
a 310 309 84 10
a 310 330 27 45
a 310 331 88 5
a 310 311 32 25
a 311 330 66 30
a 311 310 82 51
a 311 331 7 84
a 311 332 91 99
a 311 312 84 11
a 312 331 84 67
a 312 311 25 18
a 312 332 90 38
a 312 333 40 99
a 312 313 88 58
a 313 332 98 62
a 313 312 82 30
a 313 333 85 20
a 313 334 60 80
a 313 314 23 31
a 314 333 24 96
a 314 313 27 94
a 314 334 29 36
a 314 335 26 13
a 314 315 49 24
a 315 334 1 51
a 315 314 88 59
a 315 335 86 70
a 315 336 73 69
a 315 316 61 18
a 316 335 16 97
a 316 315 90 67
a 316 336 61 63
a 316 337 64 87
a 316 317 87 50
a 317 336 16 6
a 317 316 98 100
a 317 337 92 68
a 317 338 100 30
a 317 318 23 94
a 318 337 43 47
a 318 317 23 47
a 318 338 52 46
a 318 339 83 50
a 318 319 79 80
a 319 338 55 61
a 319 318 87 96
a 319 339 10 92
a 319 340 41 33
a 319 320 14 28
a 320 339 13 14
a 320 319 18 11
a 320 340 93 37
a 321 341 17 28
a 321 342 79 23
a 321 322 51 66
a 322 341 38 77
a 322 321 10 58
a 322 342 13 15
a 322 343 15 62
a 322 323 32 45
a 323 342 27 48
a 323 322 92 23
a 323 343 38 35
a 323 344 85 11
a 323 324 79 38
a 324 343 54 47
a 324 323 13 31
a 324 344 86 88
a 324 345 73 28
a 324 325 58 33
a 325 344 4 76
a 325 324 36 17
a 325 345 22 100
a 325 346 19 68
a 325 326 34 34
a 326 345 17 30
a 326 325 13 28
a 326 346 18 42
a 326 347 14 74
a 326 327 18 62
a 327 346 62 82
a 327 326 78 52
a 327 347 77 76
a 327 348 59 16
a 327 328 77 37
a 328 347 41 81
a 328 327 72 58
a 328 348 16 59
a 328 349 90 78
a 328 329 26 95
a 329 348 89 14
a 329 328 93 43
a 329 349 60 77
a 329 350 90 44
a 329 330 34 11
a 330 349 95 92
a 330 329 4 95
a 330 350 65 6
a 330 351 15 64
a 330 331 39 18
a 331 350 17 50
a 331 330 44 19
a 331 351 98 10
a 331 352 7 87
a 331 332 46 8
a 332 351 74 37
a 332 331 34 78
a 332 352 4 6
a 332 353 1 86
a 332 333 81 6
a 333 352 2 93
a 333 332 48 91
a 333 353 84 34
a 333 354 91 45
a 333 334 73 65
a 334 353 67 49
a 334 333 36 5
a 334 354 55 51
a 334 355 66 54
a 334 335 52 70
a 335 354 12 57
a 335 334 71 70
a 335 355 3 86
a 335 356 27 93
a 335 336 32 67
a 336 355 21 60
a 336 335 87 75
a 336 356 54 63
a 336 357 39 58
a 336 337 52 52
a 337 356 29 9
a 337 336 41 29
a 337 357 35 86
a 337 358 73 64
a 337 338 100 49
a 338 357 100 31
a 338 337 2 14
a 338 358 25 37
a 338 359 99 34
a 338 339 17 63
a 339 358 4 1
a 339 338 71 22
a 339 359 47 51
a 339 360 84 54
a 339 340 81 48
a 340 359 72 37
a 340 339 30 7
a 340 360 1 62
a 341 361 10 22
a 341 362 48 55
a 341 342 4 11
a 342 361 46 98
a 342 341 44 78
a 342 362 87 39
a 342 363 10 18
a 342 343 27 57
a 343 362 90 52
a 343 342 99 32
a 343 363 8 32
a 343 364 11 18
a 343 344 46 7
a 344 363 70 46
a 344 343 48 90
a 344 364 26 28
a 344 365 60 24
a 344 345 18 60
a 345 364 54 3
a 345 344 38 23
a 345 365 4 21
a 345 366 31 24
a 345 346 4 91
a 346 365 92 61
a 346 345 78 23
a 346 366 13 57
a 346 367 49 46
a 346 347 50 66
a 347 366 17 60
a 347 346 28 44
a 347 367 67 72
a 347 368 76 8
a 347 348 94 73
a 348 367 81 71
a 348 347 63 47
a 348 368 41 95
a 348 369 20 77
a 348 349 43 56
a 349 368 9 23
a 349 348 92 21
a 349 369 15 87
a 349 370 53 70
a 349 350 2 84
a 350 369 69 15
a 350 349 31 75
a 350 370 44 10
a 350 371 11 44
a 350 351 52 9
a 351 370 48 89
a 351 350 23 76
a 351 371 82 14
a 351 372 62 13
a 351 352 64 47
a 352 371 65 3
a 352 351 49 23
a 352 372 60 80
a 352 373 78 51
a 352 353 90 71
a 353 372 52 64
a 353 352 25 31
a 353 373 43 75
a 353 374 28 50
a 353 354 13 73
a 354 373 41 40
a 354 353 1 95
a 354 374 89 30
a 354 375 7 64
a 354 355 81 1
a 355 374 98 90
a 355 354 23 24
a 355 375 93 95
a 355 376 24 47
a 355 356 71 88
a 356 375 86 80
a 356 355 57 41
a 356 376 17 48
a 356 377 74 40
a 356 357 22 34
a 357 376 12 89
a 357 356 39 31
a 357 377 62 35
a 357 378 39 38
a 357 358 10 85
a 358 377 63 100
a 358 357 96 28
a 358 378 30 80
a 358 379 88 68
a 358 359 6 65
a 359 378 17 69
a 359 358 4 52
a 359 379 15 39
a 359 380 70 45
a 359 360 88 47
a 360 379 35 55
a 360 359 63 47
a 360 380 3 100
a 361 381 34 18
a 361 382 65 20
a 361 362 7 25
a 362 381 44 29
a 362 361 42 29
a 362 382 70 67
a 362 383 61 96
a 362 363 96 46
a 363 382 1 7
a 363 362 75 85
a 363 383 49 26
a 363 384 75 99
a 363 364 85 28
a 364 383 83 93
a 364 363 24 47
a 364 384 76 18
a 364 385 71 16
a 364 365 31 64
a 365 384 66 68
a 365 364 11 88
a 365 385 18 14
a 365 386 91 93
a 365 366 18 48
a 366 385 82 62
a 366 365 46 38
a 366 386 84 9
a 366 387 46 66
a 366 367 37 85
a 367 386 16 42
a 367 366 2 8
a 367 387 26 73
a 367 388 59 18
a 367 368 3 48
a 368 387 29 21
a 368 367 24 58
a 368 388 24 26
a 368 389 70 74
a 368 369 53 34
a 369 388 87 21
a 369 368 59 42
a 369 389 94 85
a 369 390 100 77
a 369 370 57 55
a 370 389 94 27
a 370 369 90 14
a 370 390 68 7
a 370 391 42 45
a 370 371 79 59
a 371 390 46 11
a 371 370 71 68
a 371 391 87 67
a 371 392 55 93
a 371 372 30 46
a 372 391 16 21
a 372 371 82 65
a 372 392 39 85
a 372 393 11 96
a 372 373 17 68
a 373 392 55 89
a 373 372 65 21
a 373 393 30 63
a 373 394 84 67
a 373 374 2 35
a 374 393 85 77
a 374 373 5 48
a 374 394 72 9
a 374 395 41 59
a 374 375 85 75
a 375 394 3 66
a 375 374 92 99
a 375 395 52 14
a 375 396 95 31
a 375 376 9 64
a 376 395 8 72
a 376 375 49 72
a 376 396 75 8
a 376 397 33 18
a 376 377 76 92
a 377 396 32 94
a 377 376 64 36
a 377 397 80 12
a 377 398 82 76
a 377 378 45 2
a 378 397 18 56
a 378 377 57 77
a 378 398 36 36
a 378 399 90 58
a 378 379 62 36
a 379 398 45 80
a 379 378 81 51
a 379 399 64 40
a 379 400 31 43
a 379 380 67 22
a 380 399 11 66
a 380 379 50 56
a 380 400 96 85
