p sp 102 416
n 0 s
n 101 t
a 0 1 61 49
a 0 2 30 48
a 0 3 16 54
a 0 4 92 62
a 0 5 20 55
a 0 6 78 78
a 0 7 74 63
a 0 8 96 45
a 0 9 85 76
a 0 10 42 21
a 91 101 44 89
a 92 101 25 48
a 93 101 53 61
a 94 101 4 83
a 95 101 93 24
a 96 101 46 46
a 97 101 38 88
a 98 101 3 63
a 99 101 26 54
a 100 101 39 36
a 1 11 61 76
a 1 12 56 31
a 2 11 99 92
a 2 12 75 37
a 2 13 13 63
a 3 12 20 78
a 3 13 17 47
a 3 14 8 17
a 4 13 9 38
a 4 14 44 48
a 4 15 88 89
a 5 14 6 59
a 5 15 9 18
a 5 16 52 19
a 6 15 59 19
a 6 16 39 73
a 6 17 58 52
a 7 16 27 81
a 7 17 98 63
a 7 18 36 21
a 8 17 68 74
a 8 18 18 70
a 8 19 6 53
a 9 18 90 44
a 9 19 2 42
a 9 20 24 81
a 10 19 69 15
a 10 20 17 24
a 11 21 58 23
a 11 22 6 72
a 11 12 37 66
a 12 21 20 54
a 12 11 68 68
a 12 22 32 98
a 12 23 89 64
a 12 13 31 26
a 13 22 99 22
a 13 12 98 58
a 13 23 87 42
a 13 24 91 52
a 13 14 72 35
a 14 23 31 66
a 14 13 87 5
a 14 24 85 63
a 14 25 93 51
a 14 15 29 54
a 15 24 50 46
a 15 14 42 11
a 15 25 26 63
a 15 26 95 60
a 15 16 18 12
a 16 25 72 24
a 16 15 78 79
a 16 26 17 72
a 16 27 36 42
a 16 17 87 94
a 17 26 14 58
a 17 16 59 79
a 17 27 17 59
a 17 28 41 76
a 17 18 56 46
a 18 27 9 30
a 18 17 16 76
a 18 28 34 91
a 18 29 42 7
a 18 19 99 33
a 19 28 79 42
a 19 18 68 30
a 19 29 40 92
a 19 30 3 82
a 19 20 78 82
a 20 29 79 2
a 20 19 85 64
a 20 30 90 13
a 21 31 61 74
a 21 32 73 16
a 21 22 14 92
a 22 31 54 3
a 22 21 81 35
a 22 32 35 79
a 22 33 16 83
a 22 23 70 49
a 23 32 39 91
a 23 22 61 17
a 23 33 74 63
a 23 34 55 95
a 23 24 63 29
a 24 33 90 23
a 24 23 60 75
a 24 34 76 91
a 24 35 94 61
a 24 25 18 51
a 25 34 33 73
a 25 24 71 44
a 25 35 15 3
a 25 36 1 27
a 25 26 53 46
a 26 35 6 14
a 26 25 94 49
a 26 36 78 21
a 26 37 47 3
a 26 27 86 27
a 27 36 20 44
a 27 26 73 58
a 27 37 51 36
a 27 38 95 17
a 27 28 95 49
a 28 37 70 89
a 28 27 29 36
a 28 38 97 27
a 28 39 48 25
a 28 29 25 90
a 29 38 44 54
a 29 28 24 93
a 29 39 87 75
a 29 40 56 45
a 29 30 96 47
a 30 39 72 58
a 30 29 85 38
a 30 40 78 35
a 31 41 80 83
a 31 42 1 59
a 31 32 6 53
a 32 41 12 81
a 32 31 87 39
a 32 42 20 52
a 32 43 27 93
a 32 33 86 65
a 33 42 18 17
a 33 32 24 63
a 33 43 16 63
a 33 44 9 42
a 33 34 52 37
a 34 43 13 4
a 34 33 54 19
a 34 44 71 89
a 34 45 100 19
a 34 35 12 61
a 35 44 30 58
a 35 34 37 16
a 35 45 18 76
a 35 46 96 37
a 35 36 87 25
a 36 45 72 36
a 36 35 11 52
a 36 46 41 75
a 36 47 28 21
a 36 37 64 28
a 37 46 68 27
a 37 36 53 85
a 37 47 19 80
a 37 48 24 69
a 37 38 22 42
a 38 47 81 87
a 38 37 55 94
a 38 48 23 57
a 38 49 99 68
a 38 39 8 35
a 39 48 50 63
a 39 38 63 78
a 39 49 94 39
a 39 50 13 60
a 39 40 71 77
a 40 49 81 94
a 40 39 55 70
a 40 50 99 98
a 41 51 33 77
a 41 52 99 50
a 41 42 7 27
a 42 51 15 17
a 42 41 21 24
a 42 52 97 29
a 42 53 22 56
a 42 43 62 63
a 43 52 7 99
a 43 42 12 16
a 43 53 87 63
a 43 54 30 88
a 43 44 89 12
a 44 53 41 1
a 44 43 54 23
a 44 54 48 90
a 44 55 78 56
a 44 45 18 78
a 45 54 50 29
a 45 44 69 100
a 45 55 100 41
a 45 56 23 72
a 45 46 78 62
a 46 55 52 32
a 46 45 2 84
a 46 56 62 78
a 46 57 23 42
a 46 47 5 59
a 47 56 54 90
a 47 46 79 57
a 47 57 8 76
a 47 58 24 36
a 47 48 3 7
a 48 57 4 71
a 48 47 33 82
a 48 58 30 11
a 48 59 40 67
a 48 49 5 66
a 49 58 100 75
a 49 48 31 18
a 49 59 43 14
a 49 60 13 23
a 49 50 90 80
a 50 59 73 47
a 50 49 58 61
a 50 60 79 85
a 51 61 46 30
a 51 62 71 18
a 51 52 41 82
a 52 61 25 97
a 52 51 8 8
a 52 62 3 34
a 52 63 65 58
a 52 53 8 26
a 53 62 59 87
a 53 52 14 21
a 53 63 65 2
a 53 64 57 68
a 53 54 27 31
a 54 63 8 2
a 54 53 81 76
a 54 64 5 30
a 54 65 95 73
a 54 55 53 56
a 55 64 90 20
a 55 54 54 21
a 55 65 72 76
a 55 66 20 81
a 55 56 15 65
a 56 65 39 97
a 56 55 84 38
a 56 66 43 57
a 56 67 70 11
a 56 57 71 8
a 57 66 7 26
a 57 56 24 78
a 57 67 79 40
a 57 68 18 52
a 57 58 56 40
a 58 67 45 44
a 58 57 47 9
a 58 68 34 55
a 58 69 8 46
a 58 59 32 88
a 59 68 82 12
a 59 58 55 82
a 59 69 30 91
a 59 70 76 11
a 59 60 65 37
a 60 69 46 5
a 60 59 69 41
a 60 70 98 73
a 61 71 44 55
a 61 72 45 46
a 61 62 25 65
a 62 71 16 39
a 62 61 89 46
a 62 72 57 95
a 62 73 13 23
a 62 63 9 60
a 63 72 6 52
a 63 62 18 38
a 63 73 61 68
a 63 74 34 1
a 63 64 34 17
a 64 73 35 84
a 64 63 82 11
a 64 74 70 54
a 64 75 76 57
a 64 65 66 69
a 65 74 13 31
a 65 64 78 94
a 65 75 54 70
a 65 76 92 16
a 65 66 59 65
a 66 75 9 79
a 66 65 79 72
a 66 76 94 57
a 66 77 11 28
a 66 67 84 57
a 67 76 1 47
a 67 66 64 76
a 67 77 13 37
a 67 78 55 37
a 67 68 87 52
a 68 77 90 84
a 68 67 4 21
a 68 78 66 60
a 68 79 32 18
a 68 69 37 87
a 69 78 69 20
a 69 68 97 67
a 69 79 9 64
a 69 80 38 50
a 69 70 14 86
a 70 79 80 74
a 70 69 34 53
a 70 80 83 19
a 71 81 23 84
a 71 82 7 66
a 71 72 21 51
a 72 81 36 1
a 72 71 83 85
a 72 82 70 69
a 72 83 53 81
a 72 73 74 7
a 73 82 43 82
a 73 72 89 19
a 73 83 36 17
a 73 84 59 46
a 73 74 2 80
a 74 83 12 68
a 74 73 85 82
a 74 84 71 18
a 74 85 27 82
a 74 75 32 66
a 75 84 90 67
a 75 74 80 1
a 75 85 46 25
a 75 86 72 45
a 75 76 67 99
a 76 85 79 54
a 76 75 3 46
a 76 86 48 71
a 76 87 68 83
a 76 77 8 9
a 77 86 60 8
a 77 76 5 7
a 77 87 26 67
a 77 88 77 12
a 77 78 66 16
a 78 87 87 80
a 78 77 87 10
a 78 88 34 59
a 78 89 4 78
a 78 79 85 88
a 79 88 96 5
a 79 78 46 1
a 79 89 10 31
a 79 90 59 7
a 79 80 58 64
a 80 89 65 90
a 80 79 87 67
a 80 90 11 47
a 81 91 10 78
a 81 92 12 91
a 81 82 55 14
a 82 91 7 7
a 82 81 62 72
a 82 92 7 77
a 82 93 14 44
a 82 83 57 95
a 83 92 26 38
a 83 82 77 67
a 83 93 86 47
a 83 94 39 95
a 83 84 4 79
a 84 93 58 94
a 84 83 28 77
a 84 94 22 49
a 84 95 91 2
a 84 85 4 64
a 85 94 99 72
a 85 84 6 33
a 85 95 84 32
a 85 96 78 88
a 85 86 67 71
a 86 95 19 92
a 86 85 48 34
a 86 96 15 10
a 86 97 83 32
a 86 87 97 12
a 87 96 47 97
a 87 86 84 81
a 87 97 7 46
a 87 98 13 83
a 87 88 62 48
a 88 97 69 58
a 88 87 58 90
a 88 98 94 73
a 88 99 53 14
a 88 89 23 68
a 89 98 68 43
a 89 88 65 17
a 89 99 97 22
a 89 100 57 3
a 89 90 8 92
a 90 99 68 52
a 90 89 91 92
a 90 100 10 82
