p sp 402 1826
n 0 s
n 401 t
a 0 1 88 93
a 0 2 75 25
a 0 3 7 6
a 0 4 55 92
a 0 5 23 22
a 0 6 32 4
a 0 7 48 61
a 0 8 29 91
a 0 9 79 16
a 0 10 18 18
a 0 11 9 66
a 0 12 9 57
a 0 13 62 3
a 0 14 81 48
a 0 15 16 21
a 0 16 90 93
a 0 17 58 30
a 0 18 8 31
a 0 19 47 44
a 0 20 70 34
a 381 401 85 52
a 382 401 71 58
a 383 401 42 99
a 384 401 53 43
a 385 401 54 96
a 386 401 26 6
a 387 401 13 38
a 388 401 4 13
a 389 401 60 1
a 390 401 48 32
a 391 401 100 52
a 392 401 8 27
a 393 401 99 66
a 394 401 34 98
a 395 401 45 19
a 396 401 50 37
a 397 401 59 31
a 398 401 56 58
a 399 401 70 61
a 400 401 14 100
a 1 21 66 74
a 1 22 85 64
a 2 21 57 92
a 2 22 89 7
a 2 23 92 38
a 3 22 44 12
a 3 23 1 2
a 3 24 1 86
a 4 23 28 70
a 4 24 55 61
a 4 25 76 54
a 5 24 41 69
a 5 25 45 50
a 5 26 24 71
a 6 25 65 80
a 6 26 67 56
a 6 27 64 29
a 7 26 99 5
a 7 27 89 12
a 7 28 44 41
a 8 27 54 25
a 8 28 25 71
a 8 29 39 19
a 9 28 24 92
a 9 29 52 93
a 9 30 77 41
a 10 29 6 48
a 10 30 9 86
a 10 31 17 6
a 11 30 6 45
a 11 31 75 100
a 11 32 74 66
a 12 31 7 97
a 12 32 90 93
a 12 33 65 10
a 13 32 78 42
a 13 33 63 62
a 13 34 30 6
a 14 33 18 35
a 14 34 83 86
a 14 35 20 100
a 15 34 100 25
a 15 35 57 86
a 15 36 29 72
a 16 35 84 50
a 16 36 47 10
a 16 37 48 4
a 17 36 22 78
a 17 37 44 78
a 17 38 23 71
a 18 37 97 29
a 18 38 9 78
a 18 39 6 86
a 19 38 36 49
a 19 39 62 49
a 19 40 74 89
a 20 39 83 1
a 20 40 17 6
a 21 41 82 88
a 21 42 5 19
a 21 22 72 62
a 22 41 87 51
a 22 21 60 26
a 22 42 24 20
a 22 43 50 73
a 22 23 53 76
a 23 42 28 26
a 23 22 35 9
a 23 43 84 23
a 23 44 71 46
a 23 24 95 59
a 24 43 79 11
a 24 23 33 54
a 24 44 28 64
a 24 45 89 81
a 24 25 81 75
a 25 44 48 22
a 25 24 61 38
a 25 45 23 48
a 25 46 18 52
a 25 26 70 41
a 26 45 54 95
a 26 25 4 17
a 26 46 3 87
a 26 47 80 99
a 26 27 26 88
a 27 46 73 3
a 27 26 7 26
a 27 47 91 74
a 27 48 69 22
a 27 28 34 27
a 28 47 34 44
a 28 27 81 63
a 28 48 42 19
a 28 49 32 47
a 28 29 98 82
a 29 48 71 71
a 29 28 79 21
a 29 49 95 70
a 29 50 53 65
a 29 30 66 90
a 30 49 94 29
a 30 29 19 62
a 30 50 87 68
a 30 51 36 94
a 30 31 79 36
a 31 50 17 76
a 31 30 46 50
a 31 51 58 36
a 31 52 30 65
a 31 32 9 3
a 32 51 46 6
a 32 31 81 33
a 32 52 4 93
a 32 53 59 41
a 32 33 1 73
a 33 52 55 42
a 33 32 22 57
a 33 53 15 11
a 33 54 22 19
a 33 34 64 45
a 34 53 59 63
a 34 33 18 13
a 34 54 15 49
a 34 55 8 89
a 34 35 1 89
a 35 54 64 67
a 35 34 92 40
a 35 55 17 57
a 35 56 92 32
a 35 36 46 69
a 36 55 71 68
a 36 35 18 81
a 36 56 59 86
a 36 57 71 84
a 36 37 88 9
a 37 56 64 87
a 37 36 24 7
a 37 57 33 42
a 37 58 100 13
a 37 38 53 11
a 38 57 94 23
a 38 37 79 53
a 38 58 19 100
a 38 59 10 66
a 38 39 4 17
a 39 58 5 71
a 39 38 64 14
a 39 59 56 86
a 39 60 33 93
a 39 40 81 91
a 40 59 81 4
a 40 39 60 16
a 40 60 100 43
a 41 61 62 98
a 41 62 93 6
a 41 42 76 88
a 42 61 57 45
a 42 41 48 55
a 42 62 63 58
a 42 63 8 1
a 42 43 75 61
a 43 62 85 31
a 43 42 86 59
a 43 63 48 6
a 43 64 28 72
a 43 44 43 37
a 44 63 85 18
a 44 43 50 57
a 44 64 56 36
a 44 65 100 67
a 44 45 82 41
a 45 64 23 94
a 45 44 32 86
a 45 65 20 74
a 45 66 97 94
a 45 46 8 5
a 46 65 30 23
a 46 45 68 93
a 46 66 59 63
a 46 67 38 95
a 46 47 31 27
a 47 66 62 66
a 47 46 21 85
a 47 67 5 85
a 47 68 43 9
a 47 48 13 75
a 48 67 51 60
a 48 47 66 25
a 48 68 49 32
a 48 69 35 69
a 48 49 99 40
a 49 68 54 82
a 49 48 25 52
a 49 69 63 4
a 49 70 98 67
a 49 50 99 31
a 50 69 35 57
a 50 49 82 29
a 50 70 63 48
a 50 71 34 96
a 50 51 15 31
a 51 70 19 70
a 51 50 45 60
a 51 71 93 47
a 51 72 16 39
a 51 52 85 26
a 52 71 79 4
a 52 51 89 80
a 52 72 28 56
a 52 73 37 58
a 52 53 7 57
a 53 72 94 5
a 53 52 59 99
a 53 73 31 47
a 53 74 1 22
a 53 54 7 94
a 54 73 53 49
a 54 53 96 98
a 54 74 99 50
a 54 75 33 98
a 54 55 59 28
a 55 74 22 43
a 55 54 28 50
a 55 75 65 47
a 55 76 66 18
a 55 56 92 33
a 56 75 94 78
a 56 55 20 98
a 56 76 77 20
a 56 77 57 100
a 56 57 50 85
a 57 76 20 84
a 57 56 64 76
a 57 77 70 10
a 57 78 12 32
a 57 58 78 97
a 58 77 52 7
a 58 57 62 41
a 58 78 66 43
a 58 79 42 8
a 58 59 71 98
a 59 78 83 49
a 59 58 24 87
a 59 79 20 33
a 59 80 2 5
a 59 60 28 40
a 60 79 86 48
a 60 59 79 69
a 60 80 53 31
a 61 81 86 5
a 61 82 6 23
a 61 62 46 29
a 62 81 67 39
a 62 61 5 84
a 62 82 73 61
a 62 83 9 10
a 62 63 85 45
a 63 82 85 92
a 63 62 19 58
a 63 83 67 2
a 63 84 53 29
a 63 64 19 39
a 64 83 97 51
a 64 63 19 21
a 64 84 52 99
a 64 85 64 68
a 64 65 57 12
a 65 84 27 37
a 65 64 6 96
a 65 85 66 31
a 65 86 73 17
a 65 66 98 90
a 66 85 66 75
a 66 65 12 24
a 66 86 49 29
a 66 87 35 77
a 66 67 60 69
a 67 86 60 84
a 67 66 72 37
a 67 87 13 53
a 67 88 73 75
a 67 68 84 91
a 68 87 15 89
a 68 67 21 41
a 68 88 83 44
a 68 89 39 40
a 68 69 91 52
a 69 88 99 27
a 69 68 15 15
a 69 89 6 67
a 69 90 29 46
a 69 70 59 43
a 70 89 44 60
a 70 69 82 81
a 70 90 17 48
a 70 91 71 36
a 70 71 39 24
a 71 90 10 37
a 71 70 29 20
a 71 91 23 17
a 71 92 66 60
a 71 72 34 57
a 72 91 17 80
a 72 71 55 49
a 72 92 79 74
a 72 93 53 3
a 72 73 7 99
a 73 92 28 67
a 73 72 4 43
a 73 93 60 48
a 73 94 94 3
a 73 74 93 62
a 74 93 10 5
a 74 73 73 27
a 74 94 8 47
a 74 95 77 30
a 74 75 12 6
a 75 94 25 67
a 75 74 93 66
a 75 95 63 20
a 75 96 47 23
a 75 76 71 12
a 76 95 95 10
a 76 75 57 33
a 76 96 21 90
a 76 97 67 98
a 76 77 90 94
a 77 96 29 79
a 77 76 4 75
a 77 97 83 34
a 77 98 67 24
a 77 78 48 10
a 78 97 53 62
a 78 77 74 9
a 78 98 6 3
a 78 99 85 100
a 78 79 67 87
a 79 98 49 24
a 79 78 57 9
a 79 99 7 26
a 79 100 71 36
a 79 80 19 90
a 80 99 65 77
a 80 79 42 8
a 80 100 11 22
a 81 101 15 99
a 81 102 26 29
a 81 82 63 16
a 82 101 73 59
a 82 81 46 73
a 82 102 12 1
a 82 103 13 30
a 82 83 94 73
a 83 102 35 57
a 83 82 78 58
a 83 103 32 16
a 83 104 93 5
a 83 84 69 81
a 84 103 27 72
a 84 83 37 60
a 84 104 44 89
a 84 105 76 53
a 84 85 49 24
a 85 104 43 37
a 85 84 51 6
a 85 105 5 97
a 85 106 47 10
a 85 86 30 77
a 86 105 77 46
a 86 85 61 20
a 86 106 44 83
a 86 107 15 2
a 86 87 37 86
a 87 106 15 28
a 87 86 80 91
a 87 107 4 15
a 87 108 2 12
a 87 88 72 51
a 88 107 24 36
a 88 87 27 39
a 88 108 88 82
a 88 109 67 62
a 88 89 96 84
a 89 108 40 66
a 89 88 68 33
a 89 109 19 93
a 89 110 57 71
a 89 90 77 53
a 90 109 48 63
a 90 89 1 53
a 90 110 52 58
a 90 111 91 70
a 90 91 94 52
a 91 110 85 12
a 91 90 19 20
a 91 111 11 49
a 91 112 96 40
a 91 92 24 64
a 92 111 69 25
a 92 91 27 20
a 92 112 10 39
a 92 113 80 96
a 92 93 56 49
a 93 112 53 3
a 93 92 93 31
a 93 113 69 24
a 93 114 12 85
a 93 94 73 72
a 94 113 48 93
a 94 93 48 49
a 94 114 23 18
a 94 115 64 35
a 94 95 18 64
a 95 114 60 2
a 95 94 56 31
a 95 115 61 35
a 95 116 20 39
a 95 96 10 4
a 96 115 29 87
a 96 95 56 10
a 96 116 70 75
a 96 117 6 71
a 96 97 43 44
a 97 116 58 41
a 97 96 63 38
a 97 117 41 26
a 97 118 26 77
a 97 98 6 73
a 98 117 75 4
a 98 97 15 46
a 98 118 44 72
a 98 119 43 67
a 98 99 38 26
a 99 118 68 74
a 99 98 13 40
a 99 119 77 49
a 99 120 47 38
a 99 100 8 28
a 100 119 53 51
a 100 99 43 77
a 100 120 60 64
a 101 121 28 2
a 101 122 74 32
a 101 102 75 56
a 102 121 86 55
a 102 101 20 98
a 102 122 33 11
a 102 123 83 52
a 102 103 55 36
a 103 122 21 18
a 103 102 10 59
a 103 123 76 29
a 103 124 62 92
a 103 104 74 68
a 104 123 26 82
a 104 103 51 45
a 104 124 22 22
a 104 125 21 27
a 104 105 18 97
a 105 124 1 39
a 105 104 100 55
a 105 125 45 7
a 105 126 95 55
a 105 106 56 31
a 106 125 44 79
a 106 105 34 8
a 106 126 38 34
a 106 127 46 92
a 106 107 73 59
a 107 126 30 51
a 107 106 78 26
a 107 127 18 60
a 107 128 27 61
a 107 108 80 7
a 108 127 86 47
a 108 107 24 83
a 108 128 81 96
a 108 129 12 21
a 108 109 66 18
a 109 128 79 67
a 109 108 37 58
a 109 129 68 71
a 109 130 67 24
a 109 110 74 41
a 110 129 84 68
a 110 109 66 28
a 110 130 6 41
a 110 131 69 26
a 110 111 25 36
a 111 130 93 71
a 111 110 7 82
a 111 131 3 35
a 111 132 29 43
a 111 112 54 83
a 112 131 91 87
a 112 111 27 17
a 112 132 17 23
a 112 133 57 41
a 112 113 27 49
a 113 132 84 88
a 113 112 29 38
a 113 133 7 9
a 113 134 4 60
a 113 114 83 7
a 114 133 100 36
a 114 113 87 22
a 114 134 31 78
a 114 135 82 98
a 114 115 11 16
a 115 134 24 22
a 115 114 36 66
a 115 135 24 35
a 115 136 69 83
a 115 116 2 44
a 116 135 89 21
a 116 115 61 46
a 116 136 2 18
a 116 137 18 56
a 116 117 78 15
a 117 136 5 76
a 117 116 58 8
a 117 137 72 22
a 117 138 88 67
a 117 118 53 51
a 118 137 100 70
a 118 117 24 38
a 118 138 19 30
a 118 139 63 55
a 118 119 17 45
a 119 138 87 1
a 119 118 5 64
a 119 139 17 34
a 119 140 87 79
a 119 120 69 86
a 120 139 3 87
a 120 119 90 4
a 120 140 97 93
a 121 141 70 65
a 121 142 29 5
a 121 122 10 39
a 122 141 31 66
a 122 121 35 31
a 122 142 59 85
a 122 143 52 72
a 122 123 92 1
a 123 142 60 79
a 123 122 44 42
a 123 143 31 20
a 123 144 50 99
a 123 124 89 27
a 124 143 39 70
a 124 123 59 88
a 124 144 41 6
a 124 145 74 44
a 124 125 34 60
a 125 144 58 32
a 125 124 1 23
a 125 145 81 29
a 125 146 24 62
a 125 126 97 67
a 126 145 39 64
a 126 125 85 84
a 126 146 56 19
a 126 147 95 80
a 126 127 85 42
a 127 146 29 62
a 127 126 62 1
a 127 147 10 42
a 127 148 7 88
a 127 128 89 47
a 128 147 83 4
a 128 127 67 97
a 128 148 22 97
a 128 149 82 43
a 128 129 62 41
a 129 148 8 47
a 129 128 85 86
a 129 149 69 54
a 129 150 23 79
a 129 130 73 59
a 130 149 100 53
a 130 129 87 20
a 130 150 20 17
a 130 151 18 12
a 130 131 63 91
a 131 150 53 2
a 131 130 84 61
a 131 151 24 87
a 131 152 17 18
a 131 132 1 90
a 132 151 38 90
a 132 131 37 60
a 132 152 60 74
a 132 153 58 70
a 132 133 56 74
a 133 152 14 32
a 133 132 20 79
a 133 153 54 82
a 133 154 26 24
a 133 134 81 77
a 134 153 81 38
a 134 133 99 92
a 134 154 53 23
a 134 155 82 88
a 134 135 83 31
a 135 154 16 42
a 135 134 90 57
a 135 155 35 70
a 135 156 29 45
a 135 136 34 84
a 136 155 27 40
a 136 135 78 15
a 136 156 57 9
a 136 157 90 17
a 136 137 14 80
a 137 156 47 30
a 137 136 88 77
a 137 157 31 30
a 137 158 63 58
a 137 138 4 2
a 138 157 72 67
a 138 137 94 75
a 138 158 48 86
a 138 159 66 18
a 138 139 27 78
a 139 158 19 39
a 139 138 80 33
a 139 159 20 37
a 139 160 79 99
a 139 140 90 16
a 140 159 94 99
a 140 139 44 62
a 140 160 57 45
a 141 161 65 4
a 141 162 45 42
a 141 142 23 76
a 142 161 4 47
a 142 141 42 65
a 142 162 63 53
a 142 163 7 55
a 142 143 92 6
a 143 162 7 49
a 143 142 87 33
a 143 163 4 65
a 143 164 5 56
a 143 144 52 41
a 144 163 57 55
a 144 143 93 45
a 144 164 83 30
a 144 165 5 66
a 144 145 98 87
a 145 164 13 99
a 145 144 6 78
a 145 165 17 67
a 145 166 11 38
a 145 146 21 29
a 146 165 73 100
a 146 145 3 56
a 146 166 65 76
a 146 167 86 19
a 146 147 8 97
a 147 166 38 14
a 147 146 79 26
a 147 167 69 91
a 147 168 71 91
a 147 148 2 7
a 148 167 16 33
a 148 147 53 78
a 148 168 22 34
a 148 169 92 2
a 148 149 8 53
a 149 168 25 76
a 149 148 65 97
a 149 169 96 81
a 149 170 16 99
a 149 150 59 15
a 150 169 19 57
a 150 149 97 81
a 150 170 4 98
a 150 171 1 65
a 150 151 41 40
a 151 170 58 33
a 151 150 63 97
a 151 171 49 65
a 151 172 90 11
a 151 152 41 86
a 152 171 35 94
a 152 151 66 93
a 152 172 86 65
a 152 173 40 63
a 152 153 38 56
a 153 172 7 82
a 153 152 12 76
a 153 173 89 70
a 153 174 29 86
a 153 154 60 98
a 154 173 61 75
a 154 153 23 94
a 154 174 53 29
a 154 175 81 56
a 154 155 64 2
a 155 174 97 83
a 155 154 86 41
a 155 175 92 23
a 155 176 21 67
a 155 156 20 72
a 156 175 66 16
a 156 155 61 7
a 156 176 85 8
a 156 177 50 67
a 156 157 48 13
a 157 176 43 26
a 157 156 82 97
a 157 177 87 51
a 157 178 67 78
a 157 158 29 16
a 158 177 32 50
a 158 157 52 32
a 158 178 23 94
a 158 179 92 78
a 158 159 1 15
a 159 178 59 90
a 159 158 56 63
a 159 179 93 22
a 159 180 58 58
a 159 160 68 22
a 160 179 7 49
a 160 159 53 25
a 160 180 1 81
a 161 181 84 31
a 161 182 86 17
a 161 162 22 95
a 162 181 88 60
a 162 161 38 98
a 162 182 9 98
a 162 183 25 63
a 162 163 24 70
a 163 182 87 30
a 163 162 92 26
a 163 183 76 92
a 163 184 40 33
a 163 164 3 8
a 164 183 33 1
a 164 163 58 12
a 164 184 53 40
a 164 185 91 8
a 164 165 25 68
a 165 184 96 84
a 165 164 58 28
a 165 185 67 21
a 165 186 36 3
a 165 166 20 49
a 166 185 39 76
a 166 165 83 20
a 166 186 3 87
a 166 187 97 60
a 166 167 47 34
a 167 186 63 81
a 167 166 2 88
a 167 187 3 2
a 167 188 39 53
a 167 168 12 88
a 168 187 92 92
a 168 167 89 76
a 168 188 50 61
a 168 189 34 65
a 168 169 84 78
a 169 188 56 84
a 169 168 21 36
a 169 189 26 60
a 169 190 51 96
a 169 170 4 54
a 170 189 82 100
a 170 169 76 1
a 170 190 74 40
a 170 191 7 31
a 170 171 59 49
a 171 190 75 24
a 171 170 27 42
a 171 191 15 89
a 171 192 50 31
a 171 172 29 98
a 172 191 45 43
a 172 171 25 60
a 172 192 23 98
a 172 193 46 73
a 172 173 58 11
a 173 192 78 26
a 173 172 91 93
a 173 193 21 3
a 173 194 18 36
a 173 174 11 84
a 174 193 40 35
a 174 173 88 20
a 174 194 42 8
a 174 195 82 22
a 174 175 16 84
a 175 194 71 31
a 175 174 55 19
a 175 195 72 26
a 175 196 69 11
a 175 176 41 52
a 176 195 79 17
a 176 175 2 65
a 176 196 11 49
a 176 197 52 89
a 176 177 52 100
a 177 196 42 76
a 177 176 88 41
a 177 197 7 59
a 177 198 74 44
a 177 178 65 95
a 178 197 8 1
a 178 177 47 93
a 178 198 87 24
a 178 199 12 93
a 178 179 2 39
a 179 198 29 9
a 179 178 22 3
a 179 199 53 10
a 179 200 5 5
a 179 180 75 5
a 180 199 66 92
a 180 179 68 7
a 180 200 60 59
a 181 201 96 11
a 181 202 81 68
a 181 182 84 1
a 182 201 100 20
a 182 181 22 48
a 182 202 76 8
a 182 203 82 97
a 182 183 99 5
a 183 202 12 80
a 183 182 63 16
a 183 203 46 45
a 183 204 75 40
a 183 184 75 43
a 184 203 75 52
a 184 183 78 69
a 184 204 55 58
a 184 205 7 62
a 184 185 77 62
a 185 204 64 19
a 185 184 97 49
a 185 205 5 64
a 185 206 38 37
a 185 186 65 87
a 186 205 32 94
a 186 185 51 72
a 186 206 6 79
a 186 207 42 34
a 186 187 70 15
a 187 206 1 45
a 187 186 39 52
a 187 207 75 59
a 187 208 15 18
a 187 188 67 49
a 188 207 45 44
a 188 187 48 97
a 188 208 58 31
a 188 209 90 16
a 188 189 25 96
a 189 208 49 90
a 189 188 85 73
a 189 209 78 19
a 189 210 52 2
a 189 190 63 22
a 190 209 85 2
a 190 189 95 53
a 190 210 30 52
a 190 211 40 100
a 190 191 8 58
a 191 210 70 31
a 191 190 73 24
a 191 211 69 55
a 191 212 45 47
a 191 192 90 37
a 192 211 25 10
a 192 191 55 98
a 192 212 77 39
a 192 213 13 23
a 192 193 87 71
a 193 212 32 72
a 193 192 89 16
a 193 213 70 32
a 193 214 56 36
a 193 194 8 44
a 194 213 20 34
a 194 193 14 34
a 194 214 5 44
a 194 215 6 38
a 194 195 3 48
a 195 214 61 23
a 195 194 98 57
a 195 215 66 63
a 195 216 56 67
a 195 196 16 17
a 196 215 97 60
a 196 195 86 25
a 196 216 38 97
a 196 217 46 30
a 196 197 26 80
a 197 216 16 100
a 197 196 61 27
a 197 217 28 100
a 197 218 38 2
a 197 198 92 13
a 198 217 68 23
a 198 197 67 10
a 198 218 5 91
a 198 219 3 94
a 198 199 20 94
a 199 218 82 8
a 199 198 61 16
a 199 219 8 39
a 199 220 31 2
a 199 200 34 19
a 200 219 30 48
a 200 199 6 95
a 200 220 47 49
a 201 221 8 66
a 201 222 30 13
a 201 202 25 40
a 202 221 23 16
a 202 201 71 18
a 202 222 17 71
a 202 223 65 34
a 202 203 63 4
a 203 222 45 38
a 203 202 95 90
a 203 223 51 72
a 203 224 9 11
a 203 204 72 15
a 204 223 22 4
a 204 203 69 41
a 204 224 56 87
a 204 225 63 32
a 204 205 31 37
a 205 224 72 12
a 205 204 25 5
a 205 225 83 70
a 205 226 33 8
a 205 206 68 59
a 206 225 29 39
a 206 205 8 21
a 206 226 88 92
a 206 227 41 3
a 206 207 68 23
a 207 226 7 33
a 207 206 37 68
a 207 227 66 6
a 207 228 30 22
a 207 208 23 5
a 208 227 100 13
a 208 207 14 8
a 208 228 57 57
a 208 229 82 23
a 208 209 71 92
a 209 228 81 42
a 209 208 60 86
a 209 229 82 10
a 209 230 42 1
a 209 210 77 37
a 210 229 39 23
a 210 209 78 70
a 210 230 87 28
a 210 231 19 47
a 210 211 21 85
a 211 230 32 15
a 211 210 97 59
a 211 231 9 100
a 211 232 44 58
a 211 212 75 77
a 212 231 63 93
a 212 211 35 98
a 212 232 54 3
a 212 233 64 93
a 212 213 59 49
a 213 232 44 37
a 213 212 27 66
a 213 233 19 62
a 213 234 92 52
a 213 214 8 11
a 214 233 91 84
a 214 213 92 68
a 214 234 82 62
a 214 235 81 56
a 214 215 6 52
a 215 234 68 36
a 215 214 67 85
a 215 235 19 3
a 215 236 35 2
a 215 216 67 41
a 216 235 9 36
a 216 215 45 15
a 216 236 12 37
a 216 237 24 52
a 216 217 69 1
a 217 236 40 70
a 217 216 78 25
a 217 237 6 37
a 217 238 15 94
a 217 218 69 21
a 218 237 35 100
a 218 217 39 11
a 218 238 52 63
a 218 239 84 17
a 218 219 16 8
a 219 238 69 23
a 219 218 66 5
a 219 239 29 47
a 219 240 65 31
a 219 220 67 94
a 220 239 64 41
a 220 219 91 56
a 220 240 38 82
a 221 241 86 5
a 221 242 77 79
a 221 222 73 94
a 222 241 82 78
a 222 221 29 16
a 222 242 47 3
a 222 243 55 9
a 222 223 33 73
a 223 242 99 95
a 223 222 73 94
a 223 243 95 6
a 223 244 63 73
a 223 224 6 82
a 224 243 63 73
a 224 223 2 66
a 224 244 4 43
a 224 245 67 14
a 224 225 34 61
a 225 244 90 51
a 225 224 40 13
a 225 245 14 17
a 225 246 87 9
a 225 226 95 14
a 226 245 70 76
a 226 225 29 65
a 226 246 62 2
a 226 247 39 26
a 226 227 94 86
a 227 246 10 29
a 227 226 69 33
a 227 247 52 99
a 227 248 8 41
a 227 228 31 90
a 228 247 24 96
a 228 227 11 5
a 228 248 80 2
a 228 249 50 3
a 228 229 52 44
a 229 248 72 60
a 229 228 50 66
a 229 249 87 81
a 229 250 18 29
a 229 230 82 10
a 230 249 85 11
a 230 229 27 99
a 230 250 62 86
a 230 251 41 48
a 230 231 74 99
a 231 250 80 26
a 231 230 2 92
a 231 251 4 54
a 231 252 79 80
a 231 232 33 33
a 232 251 50 14
a 232 231 87 71
a 232 252 78 2
a 232 253 88 6
a 232 233 83 91
a 233 252 87 39
a 233 232 81 72
a 233 253 37 3
a 233 254 98 22
a 233 234 2 51
a 234 253 29 30
a 234 233 23 18
a 234 254 72 45
a 234 255 54 68
a 234 235 13 99
a 235 254 23 41
a 235 234 25 18
a 235 255 87 28
a 235 256 38 24
a 235 236 2 50
a 236 255 27 92
a 236 235 55 87
a 236 256 54 84
a 236 257 95 90
a 236 237 57 59
a 237 256 51 98
a 237 236 42 85
a 237 257 16 30
a 237 258 66 67
a 237 238 36 35
a 238 257 22 25
a 238 237 28 69
a 238 258 78 68
a 238 259 12 74
a 238 239 97 38
a 239 258 12 91
a 239 238 89 88
a 239 259 13 45
a 239 260 47 31
a 239 240 79 16
a 240 259 8 43
a 240 239 90 5
a 240 260 5 69
a 241 261 67 57
a 241 262 45 30
a 241 242 59 13
a 242 261 61 31
a 242 241 4 14
a 242 262 47 64
a 242 263 67 70
a 242 243 16 57
a 243 262 65 13
a 243 242 25 3
a 243 263 29 29
a 243 264 65 18
a 243 244 84 89
a 244 263 2 47
a 244 243 1 86
a 244 264 13 94
a 244 265 88 16
a 244 245 87 6
a 245 264 38 68
a 245 244 10 80
a 245 265 6 48
a 245 266 10 50
a 245 246 64 38
a 246 265 18 84
a 246 245 87 30
a 246 266 67 66
a 246 267 84 24
a 246 247 87 33
a 247 266 13 41
a 247 246 54 36
a 247 267 20 51
a 247 268 91 3
a 247 248 59 83
a 248 267 6 35
a 248 247 70 56
a 248 268 75 81
a 248 269 92 98
a 248 249 10 54
a 249 268 69 12
a 249 248 56 88
a 249 269 16 68
a 249 270 95 31
a 249 250 93 41
a 250 269 35 11
a 250 249 92 11
a 250 270 90 57
a 250 271 62 51
a 250 251 2 93
a 251 270 4 2
a 251 250 9 73
a 251 271 62 35
a 251 272 50 89
a 251 252 80 9
a 252 271 63 28
a 252 251 92 35
a 252 272 90 60
a 252 273 49 41
a 252 253 46 11
a 253 272 93 16
a 253 252 55 36
a 253 273 99 17
a 253 274 17 17
a 253 254 35 30
a 254 273 11 91
a 254 253 15 8
a 254 274 92 36
a 254 275 50 39
a 254 255 55 2
a 255 274 71 69
a 255 254 29 24
a 255 275 45 96
a 255 276 72 78
a 255 256 22 86
a 256 275 30 78
a 256 255 3 33
a 256 276 11 57
a 256 277 31 89
a 256 257 48 26
a 257 276 56 5
a 257 256 26 77
a 257 277 87 59
a 257 278 99 53
a 257 258 23 67
a 258 277 64 12
a 258 257 62 90
a 258 278 56 10
a 258 279 91 66
a 258 259 33 6
a 259 278 3 86
a 259 258 25 44
a 259 279 27 73
a 259 280 100 82
a 259 260 96 27
a 260 279 13 70
a 260 259 76 31
a 260 280 7 44
a 261 281 14 29
a 261 282 42 26
a 261 262 92 39
a 262 281 79 36
a 262 261 71 36
a 262 282 9 14
a 262 283 2 33
a 262 263 74 93
a 263 282 92 12
a 263 262 42 94
a 263 283 22 91
a 263 284 2 90
a 263 264 18 85
a 264 283 42 67
a 264 263 96 92
a 264 284 37 68
a 264 285 90 23
a 264 265 90 16
a 265 284 97 16
a 265 264 57 89
a 265 285 83 90
a 265 286 58 73
a 265 266 35 45
a 266 285 22 90
a 266 265 21 35
a 266 286 57 66
a 266 287 83 23
a 266 267 29 82
a 267 286 41 89
a 267 266 81 88
a 267 287 27 52
a 267 288 21 60
a 267 268 60 92
a 268 287 82 3
a 268 267 39 85
a 268 288 45 36
a 268 289 58 66
a 268 269 49 17
a 269 288 77 74
a 269 268 82 50
a 269 289 90 80
a 269 290 26 25
a 269 270 87 78
a 270 289 4 33
a 270 269 29 92
a 270 290 32 16
a 270 291 25 56
a 270 271 90 29
a 271 290 45 18
a 271 270 97 84
a 271 291 18 66
a 271 292 92 33
a 271 272 51 22
a 272 291 49 87
a 272 271 93 53
a 272 292 94 33
a 272 293 95 83
a 272 273 54 32
a 273 292 33 94
a 273 272 20 92
a 273 293 30 46
a 273 294 30 81
a 273 274 95 95
a 274 293 33 74
a 274 273 51 63
a 274 294 49 65
a 274 295 12 31
a 274 275 89 7
a 275 294 48 94
a 275 274 54 91
a 275 295 26 93
a 275 296 10 22
a 275 276 71 43
a 276 295 3 9
a 276 275 66 89
a 276 296 56 22
a 276 297 20 27
a 276 277 20 62
a 277 296 12 29
a 277 276 2 56
a 277 297 59 72
a 277 298 46 68
a 277 278 76 33
a 278 297 30 67
a 278 277 4 16
a 278 298 77 66
a 278 299 96 7
a 278 279 53 30
a 279 298 52 82
a 279 278 55 93
a 279 299 89 15
a 279 300 53 68
a 279 280 70 70
a 280 299 4 19
a 280 279 49 35
a 280 300 16 11
a 281 301 57 9
a 281 302 14 31
a 281 282 51 63
a 282 301 53 52
a 282 281 62 82
a 282 302 20 50
a 282 303 24 26
a 282 283 7 44
a 283 302 44 2
a 283 282 61 5
a 283 303 6 78
a 283 304 55 30
a 283 284 54 4
a 284 303 20 12
a 284 283 29 32
a 284 304 100 14
a 284 305 81 21
a 284 285 90 44
a 285 304 11 5
a 285 284 90 78
a 285 305 32 97
a 285 306 1 24
a 285 286 69 14
a 286 305 90 16
a 286 285 36 88
a 286 306 45 83
a 286 307 5 100
a 286 287 9 70
a 287 306 50 45
a 287 286 42 89
a 287 307 4 96
a 287 308 90 69
a 287 288 18 6
a 288 307 95 9
a 288 287 23 36
a 288 308 67 42
a 288 309 12 41
a 288 289 2 25
a 289 308 28 31
a 289 288 56 48
a 289 309 13 15
a 289 310 55 1
a 289 290 68 33
a 290 309 29 55
a 290 289 4 57
a 290 310 20 45
a 290 311 23 71
a 290 291 97 85
a 291 310 22 6
a 291 290 88 88
a 291 311 88 55
a 291 312 50 48
a 291 292 7 2
a 292 311 29 47
a 292 291 24 41
a 292 312 26 5
a 292 313 97 65
a 292 293 51 86
a 293 312 76 79
a 293 292 68 43
a 293 313 98 96
a 293 314 77 70
a 293 294 49 98
a 294 313 7 5
a 294 293 60 42
a 294 314 76 35
a 294 315 41 10
a 294 295 43 87
a 295 314 81 23
a 295 294 89 48
a 295 315 57 13
a 295 316 47 50
a 295 296 13 12
a 296 315 46 77
a 296 295 95 28
a 296 316 65 30
a 296 317 49 81
a 296 297 5 63
a 297 316 63 80
a 297 296 17 6
a 297 317 55 41
a 297 318 86 12
a 297 298 95 65
a 298 317 87 76
a 298 297 47 78
a 298 318 79 22
a 298 319 64 34
a 298 299 48 28
a 299 318 53 9
a 299 298 90 48
a 299 319 48 67
a 299 320 30 37
a 299 300 33 25
a 300 319 72 80
a 300 299 8 45
a 300 320 82 88
a 301 321 100 93
a 301 322 71 81
a 301 302 37 13
a 302 321 46 22
a 302 301 42 13
a 302 322 93 87
a 302 323 72 97
a 302 303 53 50
a 303 322 93 16
a 303 302 13 89
a 303 323 68 24
a 303 324 19 92
a 303 304 46 92
a 304 323 23 5
a 304 303 32 86
a 304 324 48 78
a 304 325 56 48
a 304 305 60 80
a 305 324 12 65
a 305 304 64 78
a 305 325 49 45
a 305 326 41 37
a 305 306 62 57
a 306 325 37 49
a 306 305 96 81
a 306 326 86 26
a 306 327 50 100
a 306 307 50 26
a 307 326 64 94
a 307 306 37 50
a 307 327 20 22
a 307 328 55 41
a 307 308 89 55
a 308 327 50 52
a 308 307 66 97
a 308 328 48 20
a 308 329 55 49
a 308 309 93 54
a 309 328 85 70
a 309 308 69 4
a 309 329 64 31
a 309 330 13 2
a 309 310 67 6
a 310 329 81 100
a 310 309 62 78
a 310 330 33 28
a 310 331 11 69
a 310 311 37 76
a 311 330 76 38
a 311 310 99 69
a 311 331 78 30
a 311 332 75 91
a 311 312 88 2
a 312 331 67 88
a 312 311 34 40
a 312 332 73 33
a 312 333 83 95
a 312 313 95 25
a 313 332 86 50
a 313 312 73 45
a 313 333 90 22
a 313 334 93 13
a 313 314 6 79
a 314 333 44 95
a 314 313 5 100
a 314 334 37 74
a 314 335 1 39
a 314 315 24 39
a 315 334 59 97
a 315 314 6 5
a 315 335 15 51
a 315 336 24 96
a 315 316 59 49
a 316 335 90 94
a 316 315 75 89
a 316 336 33 38
a 316 337 71 88
a 316 317 60 54
a 317 336 40 17
a 317 316 80 40
a 317 337 8 27
a 317 338 95 45
a 317 318 81 36
a 318 337 25 41
a 318 317 74 72
a 318 338 6 44
a 318 339 35 4
a 318 319 31 78
a 319 338 66 85
a 319 318 39 3
a 319 339 79 73
a 319 340 46 38
a 319 320 40 33
a 320 339 19 51
a 320 319 10 22
a 320 340 22 100
a 321 341 61 25
a 321 342 17 81
a 321 322 6 53
a 322 341 95 8
a 322 321 7 27
a 322 342 60 32
a 322 343 19 98
a 322 323 42 75
a 323 342 58 11
a 323 322 27 35
a 323 343 85 96
a 323 344 52 61
a 323 324 2 20
a 324 343 4 20
a 324 323 23 50
a 324 344 82 6
a 324 345 35 95
a 324 325 64 78
a 325 344 11 47
a 325 324 93 81
a 325 345 80 84
a 325 346 70 35
a 325 326 17 66
a 326 345 28 14
a 326 325 57 66
a 326 346 77 10
a 326 347 41 2
a 326 327 38 65
a 327 346 6 99
a 327 326 33 14
a 327 347 75 18
a 327 348 64 95
a 327 328 20 41
a 328 347 42 4
a 328 327 68 77
a 328 348 89 16
a 328 349 67 81
a 328 329 26 44
a 329 348 29 94
a 329 328 66 67
a 329 349 68 79
a 329 350 57 92
a 329 330 28 37
a 330 349 1 68
a 330 329 14 24
a 330 350 72 47
a 330 351 71 4
a 330 331 19 26
a 331 350 79 70
a 331 330 17 75
a 331 351 58 39
a 331 352 28 84
a 331 332 61 83
a 332 351 95 51
a 332 331 54 48
a 332 352 27 11
a 332 353 91 74
a 332 333 91 5
a 333 352 2 71
a 333 332 12 78
a 333 353 31 48
a 333 354 67 24
a 333 334 38 54
a 334 353 88 49
a 334 333 87 87
a 334 354 24 95
a 334 355 36 66
a 334 335 1 54
a 335 354 94 14
a 335 334 76 20
a 335 355 96 91
a 335 356 13 78
a 335 336 30 83
a 336 355 36 89
a 336 335 90 3
a 336 356 45 72
a 336 357 73 10
a 336 337 21 65
a 337 356 28 24
a 337 336 31 72
a 337 357 9 12
a 337 358 42 60
a 337 338 54 53
a 338 357 53 97
a 338 337 74 98
a 338 358 24 38
a 338 359 12 12
a 338 339 69 99
a 339 358 4 5
a 339 338 86 60
a 339 359 96 82
a 339 360 26 5
a 339 340 40 88
a 340 359 78 83
a 340 339 18 84
a 340 360 71 56
a 341 361 98 1
a 341 362 18 50
a 341 342 77 40
a 342 361 48 89
a 342 341 49 86
a 342 362 40 71
a 342 363 65 70
a 342 343 70 35
a 343 362 27 65
a 343 342 59 2
a 343 363 76 27
a 343 364 75 98
a 343 344 100 92
a 344 363 59 16
a 344 343 43 84
a 344 364 57 28
a 344 365 28 34
a 344 345 9 5
a 345 364 96 7
a 345 344 82 56
a 345 365 15 27
a 345 366 9 34
a 345 346 52 81
a 346 365 50 5
a 346 345 26 27
a 346 366 70 71
a 346 367 11 58
a 346 347 86 47
a 347 366 4 39
a 347 346 42 58
a 347 367 80 40
a 347 368 84 97
a 347 348 24 14
a 348 367 32 89
a 348 347 44 7
a 348 368 46 83
a 348 369 47 89
a 348 349 84 75
a 349 368 43 1
a 349 348 6 10
a 349 369 4 99
a 349 370 31 75
a 349 350 5 7
a 350 369 40 43
a 350 349 74 9
a 350 370 61 47
a 350 371 64 2
a 350 351 2 71
a 351 370 2 94
a 351 350 24 22
a 351 371 100 23
a 351 372 36 85
a 351 352 51 72
a 352 371 4 86
a 352 351 33 59
a 352 372 26 41
a 352 373 39 97
a 352 353 6 26
a 353 372 17 22
a 353 352 12 90
a 353 373 76 78
a 353 374 91 97
a 353 354 4 68
a 354 373 17 25
a 354 353 54 30
a 354 374 43 16
a 354 375 57 95
a 354 355 26 36
a 355 374 61 55
a 355 354 48 55
a 355 375 88 86
a 355 376 61 87
a 355 356 53 8
a 356 375 51 52
a 356 355 91 84
a 356 376 56 73
a 356 377 52 41
a 356 357 48 86
a 357 376 39 73
a 357 356 93 91
a 357 377 15 98
a 357 378 11 71
a 357 358 66 55
a 358 377 2 20
a 358 357 11 4
a 358 378 94 6
a 358 379 40 78
a 358 359 68 75
a 359 378 39 45
a 359 358 75 93
a 359 379 19 48
a 359 380 77 76
a 359 360 48 55
a 360 379 32 48
a 360 359 25 65
a 360 380 87 34
a 361 381 63 66
a 361 382 31 27
a 361 362 99 88
a 362 381 5 30
a 362 361 27 9
a 362 382 98 35
a 362 383 57 43
a 362 363 34 18
a 363 382 17 64
a 363 362 56 62
a 363 383 18 39
a 363 384 7 78
a 363 364 49 72
a 364 383 75 65
a 364 363 87 21
a 364 384 31 94
a 364 385 89 81
a 364 365 44 29
a 365 384 45 97
a 365 364 66 81
a 365 385 66 23
a 365 386 26 74
a 365 366 48 90
a 366 385 36 91
a 366 365 15 69
a 366 386 8 69
a 366 387 24 44
a 366 367 37 88
a 367 386 8 52
a 367 366 57 3
a 367 387 28 88
a 367 388 56 74
a 367 368 68 84
a 368 387 60 35
a 368 367 63 90
a 368 388 26 46
a 368 389 32 45
a 368 369 80 8
a 369 388 81 70
a 369 368 82 7
a 369 389 49 31
a 369 390 30 27
a 369 370 96 6
a 370 389 24 37
a 370 369 31 11
a 370 390 43 69
a 370 391 73 10
a 370 371 16 47
a 371 390 98 11
a 371 370 88 14
a 371 391 77 88
a 371 392 89 84
a 371 372 1 97
a 372 391 98 63
a 372 371 38 27
a 372 392 72 30
a 372 393 51 91
a 372 373 70 28
a 373 392 22 80
a 373 372 47 50
a 373 393 15 84
a 373 394 48 90
a 373 374 57 7
a 374 393 96 52
a 374 373 77 74
a 374 394 45 6
a 374 395 76 34
a 374 375 42 48
a 375 394 5 77
a 375 374 6 56
a 375 395 70 14
a 375 396 97 39
a 375 376 85 82
a 376 395 20 25
a 376 375 51 35
a 376 396 31 42
a 376 397 23 44
a 376 377 52 32
a 377 396 100 12
a 377 376 67 6
a 377 397 14 4
a 377 398 30 40
a 377 378 100 88
a 378 397 38 30
a 378 377 84 98
a 378 398 67 15
a 378 399 86 42
a 378 379 29 78
a 379 398 15 29
a 379 378 65 56
a 379 399 14 13
a 379 400 80 34
a 379 380 37 79
a 380 399 3 82
a 380 379 87 4
a 380 400 35 64
