p sp 402 1826
n 0 s
n 401 t
a 0 1 9 73
a 0 2 41 68
a 0 3 90 51
a 0 4 7 20
a 0 5 48 69
a 0 6 95 87
a 0 7 35 15
a 0 8 15 17
a 0 9 68 100
a 0 10 31 32
a 0 11 79 48
a 0 12 100 43
a 0 13 57 15
a 0 14 63 36
a 0 15 54 63
a 0 16 80 27
a 0 17 8 51
a 0 18 31 25
a 0 19 98 16
a 0 20 68 89
a 381 401 3 56
a 382 401 59 20
a 383 401 43 41
a 384 401 35 84
a 385 401 37 68
a 386 401 60 67
a 387 401 99 32
a 388 401 100 10
a 389 401 59 3
a 390 401 71 74
a 391 401 15 63
a 392 401 95 14
a 393 401 35 57
a 394 401 39 27
a 395 401 95 48
a 396 401 92 37
a 397 401 36 89
a 398 401 34 72
a 399 401 9 24
a 400 401 6 20
a 1 21 32 94
a 1 22 73 93
a 2 21 47 66
a 2 22 9 38
a 2 23 36 3
a 3 22 87 36
a 3 23 4 50
a 3 24 44 68
a 4 23 71 65
a 4 24 97 67
a 4 25 10 80
a 5 24 23 58
a 5 25 19 5
a 5 26 25 58
a 6 25 58 48
a 6 26 57 12
a 6 27 46 1
a 7 26 29 39
a 7 27 58 33
a 7 28 18 16
a 8 27 1 98
a 8 28 64 95
a 8 29 25 68
a 9 28 10 40
a 9 29 8 14
a 9 30 82 68
a 10 29 98 75
a 10 30 36 71
a 10 31 100 6
a 11 30 2 6
a 11 31 25 77
a 11 32 39 98
a 12 31 54 50
a 12 32 86 72
a 12 33 76 93
a 13 32 72 44
a 13 33 46 27
a 13 34 71 38
a 14 33 87 100
a 14 34 53 12
a 14 35 69 25
a 15 34 64 42
a 15 35 28 30
a 15 36 15 27
a 16 35 94 50
a 16 36 39 33
a 16 37 3 58
a 17 36 5 1
a 17 37 78 18
a 17 38 15 77
a 18 37 2 12
a 18 38 66 42
a 18 39 7 15
a 19 38 10 70
a 19 39 81 23
a 19 40 30 79
a 20 39 16 8
a 20 40 48 90
a 21 41 31 73
a 21 42 37 4
a 21 22 2 80
a 22 41 42 67
a 22 21 10 36
a 22 42 66 16
a 22 43 32 50
a 22 23 76 53
a 23 42 67 32
a 23 22 33 18
a 23 43 60 95
a 23 44 79 18
a 23 24 23 53
a 24 43 61 8
a 24 23 11 1
a 24 44 59 75
a 24 45 87 23
a 24 25 18 76
a 25 44 4 96
a 25 24 25 2
a 25 45 52 30
a 25 46 31 37
a 25 26 9 76
a 26 45 1 40
a 26 25 67 86
a 26 46 1 44
a 26 47 100 60
a 26 27 52 78
a 27 46 14 97
a 27 26 17 92
a 27 47 15 51
a 27 48 87 30
a 27 28 64 5
a 28 47 41 28
a 28 27 80 82
a 28 48 78 92
a 28 49 89 25
a 28 29 60 2
a 29 48 97 86
a 29 28 10 3
a 29 49 90 57
a 29 50 49 91
a 29 30 76 41
a 30 49 15 31
a 30 29 1 48
a 30 50 11 36
a 30 51 87 45
a 30 31 77 38
a 31 50 50 19
a 31 30 83 100
a 31 51 53 18
a 31 52 91 21
a 31 32 59 17
a 32 51 84 68
a 32 31 19 47
a 32 52 99 17
a 32 53 21 30
a 32 33 69 65
a 33 52 88 90
a 33 32 6 60
a 33 53 76 86
a 33 54 62 86
a 33 34 69 70
a 34 53 42 47
a 34 33 34 21
a 34 54 23 32
a 34 55 13 9
a 34 35 66 68
a 35 54 4 73
a 35 34 75 3
a 35 55 69 27
a 35 56 20 67
a 35 36 99 85
a 36 55 74 8
a 36 35 92 27
a 36 56 71 78
a 36 57 79 10
a 36 37 7 87
a 37 56 75 11
a 37 36 20 58
a 37 57 35 94
a 37 58 70 16
a 37 38 50 73
a 38 57 69 5
a 38 37 87 18
a 38 58 54 83
a 38 59 53 23
a 38 39 9 40
a 39 58 32 29
a 39 38 84 54
a 39 59 87 72
a 39 60 17 36
a 39 40 15 57
a 40 59 33 51
a 40 39 6 1
a 40 60 37 50
a 41 61 26 90
a 41 62 39 20
a 41 42 93 72
a 42 61 39 77
a 42 41 44 56
a 42 62 13 60
a 42 63 52 89
a 42 43 26 72
a 43 62 77 35
a 43 42 82 85
a 43 63 83 29
a 43 64 83 50
a 43 44 91 22
a 44 63 69 86
a 44 43 90 53
a 44 64 79 32
a 44 65 2 31
a 44 45 23 32
a 45 64 85 1
a 45 44 83 67
a 45 65 96 74
a 45 66 11 22
a 45 46 69 23
a 46 65 43 72
a 46 45 69 15
a 46 66 12 2
a 46 67 10 27
a 46 47 67 5
a 47 66 71 31
a 47 46 30 87
a 47 67 27 81
a 47 68 36 63
a 47 48 54 91
a 48 67 50 19
a 48 47 20 92
a 48 68 83 4
a 48 69 6 9
a 48 49 100 73
a 49 68 54 39
a 49 48 20 43
a 49 69 72 72
a 49 70 55 9
a 49 50 32 16
a 50 69 52 64
a 50 49 36 49
a 50 70 85 96
a 50 71 60 23
a 50 51 3 15
a 51 70 93 62
a 51 50 82 23
a 51 71 80 14
a 51 72 14 46
a 51 52 98 5
a 52 71 26 80
a 52 51 17 19
a 52 72 13 6
a 52 73 90 35
a 52 53 23 86
a 53 72 63 46
a 53 52 54 92
a 53 73 29 11
a 53 74 86 76
a 53 54 22 74
a 54 73 99 69
a 54 53 92 14
a 54 74 82 42
a 54 75 6 57
a 54 55 100 60
a 55 74 81 10
a 55 54 82 61
a 55 75 11 38
a 55 76 46 36
a 55 56 68 40
a 56 75 51 37
a 56 55 53 4
a 56 76 64 44
a 56 77 90 35
a 56 57 36 82
a 57 76 93 54
a 57 56 10 65
a 57 77 65 48
a 57 78 20 26
a 57 58 46 79
a 58 77 36 20
a 58 57 17 63
a 58 78 26 86
a 58 79 68 17
a 58 59 75 25
a 59 78 81 86
a 59 58 100 78
a 59 79 51 78
a 59 80 72 81
a 59 60 87 86
a 60 79 51 24
a 60 59 25 28
a 60 80 67 57
a 61 81 15 83
a 61 82 36 49
a 61 62 75 34
a 62 81 20 10
a 62 61 44 4
a 62 82 22 13
a 62 83 32 58
a 62 63 64 14
a 63 82 1 22
a 63 62 9 61
a 63 83 97 9
a 63 84 53 17
a 63 64 33 96
a 64 83 64 68
a 64 63 37 30
a 64 84 29 39
a 64 85 47 69
a 64 65 87 92
a 65 84 46 16
a 65 64 63 54
a 65 85 66 50
a 65 86 5 40
a 65 66 66 3
a 66 85 46 75
a 66 65 60 36
a 66 86 63 61
a 66 87 63 67
a 66 67 71 27
a 67 86 39 76
a 67 66 35 15
a 67 87 43 30
a 67 88 42 43
a 67 68 3 79
a 68 87 81 51
a 68 67 4 20
a 68 88 77 25
a 68 89 25 65
a 68 69 24 100
a 69 88 95 18
a 69 68 63 70
a 69 89 91 67
a 69 90 41 72
a 69 70 29 78
a 70 89 38 32
a 70 69 77 42
a 70 90 35 33
a 70 91 73 39
a 70 71 41 24
a 71 90 85 41
a 71 70 69 58
a 71 91 86 26
a 71 92 18 99
a 71 72 43 61
a 72 91 95 9
a 72 71 31 57
a 72 92 20 93
a 72 93 41 88
a 72 73 8 64
a 73 92 42 9
a 73 72 66 62
a 73 93 12 16
a 73 94 92 22
a 73 74 35 45
a 74 93 94 26
a 74 73 76 34
a 74 94 64 89
a 74 95 51 71
a 74 75 6 38
a 75 94 59 97
a 75 74 53 15
a 75 95 70 63
a 75 96 90 36
a 75 76 47 10
a 76 95 68 79
a 76 75 23 20
a 76 96 55 33
a 76 97 83 100
a 76 77 84 58
a 77 96 39 12
a 77 76 85 66
a 77 97 1 87
a 77 98 61 68
a 77 78 10 5
a 78 97 29 65
a 78 77 78 6
a 78 98 46 46
a 78 99 83 72
a 78 79 11 18
a 79 98 67 95
a 79 78 56 11
a 79 99 48 15
a 79 100 57 48
a 79 80 26 35
a 80 99 4 41
a 80 79 83 36
a 80 100 78 59
a 81 101 51 36
a 81 102 44 10
a 81 82 14 66
a 82 101 91 65
a 82 81 51 16
a 82 102 35 62
a 82 103 88 77
a 82 83 48 99
a 83 102 71 85
a 83 82 72 69
a 83 103 72 10
a 83 104 80 35
a 83 84 97 64
a 84 103 86 75
a 84 83 65 21
a 84 104 80 61
a 84 105 38 76
a 84 85 47 21
a 85 104 44 33
a 85 84 100 80
a 85 105 94 90
a 85 106 83 59
a 85 86 83 40
a 86 105 50 36
a 86 85 42 72
a 86 106 13 21
a 86 107 5 49
a 86 87 72 87
a 87 106 13 48
a 87 86 42 80
a 87 107 19 32
a 87 108 49 9
a 87 88 58 92
a 88 107 83 32
a 88 87 40 30
a 88 108 76 86
a 88 109 79 33
a 88 89 7 16
a 89 108 89 99
a 89 88 99 20
a 89 109 85 9
a 89 110 74 63
a 89 90 49 45
a 90 109 81 39
a 90 89 1 79
a 90 110 95 51
a 90 111 53 32
a 90 91 64 15
a 91 110 48 67
a 91 90 99 78
a 91 111 85 33
a 91 112 71 53
a 91 92 42 57
a 92 111 15 3
a 92 91 61 97
a 92 112 89 68
a 92 113 51 4
a 92 93 97 87
a 93 112 41 13
a 93 92 15 63
a 93 113 37 28
a 93 114 58 6
a 93 94 33 21
a 94 113 17 61
a 94 93 83 66
a 94 114 93 80
a 94 115 100 66
a 94 95 9 44
a 95 114 96 5
a 95 94 38 82
a 95 115 73 42
a 95 116 22 7
a 95 96 60 73
a 96 115 63 57
a 96 95 33 24
a 96 116 14 84
a 96 117 73 28
a 96 97 79 15
a 97 116 49 67
a 97 96 76 10
a 97 117 79 69
a 97 118 89 71
a 97 98 74 38
a 98 117 11 52
a 98 97 88 90
a 98 118 45 23
a 98 119 47 34
a 98 99 36 37
a 99 118 100 27
a 99 98 70 48
a 99 119 100 8
a 99 120 31 26
a 99 100 98 11
a 100 119 40 19
a 100 99 90 2
a 100 120 90 7
a 101 121 96 60
a 101 122 4 45
a 101 102 89 47
a 102 121 67 7
a 102 101 67 95
a 102 122 99 92
a 102 123 12 41
a 102 103 58 3
a 103 122 16 11
a 103 102 78 38
a 103 123 55 77
a 103 124 56 71
a 103 104 7 89
a 104 123 84 3
a 104 103 52 98
a 104 124 77 94
a 104 125 71 18
a 104 105 1 39
a 105 124 81 3
a 105 104 6 45
a 105 125 59 41
a 105 126 20 26
a 105 106 80 71
a 106 125 31 84
a 106 105 27 60
a 106 126 42 97
a 106 127 66 45
a 106 107 26 50
a 107 126 36 93
a 107 106 73 77
a 107 127 95 92
a 107 128 30 18
a 107 108 23 72
a 108 127 41 25
a 108 107 8 77
a 108 128 64 29
a 108 129 78 52
a 108 109 10 29
a 109 128 30 9
a 109 108 85 56
a 109 129 85 95
a 109 130 75 11
a 109 110 57 18
a 110 129 17 100
a 110 109 66 95
a 110 130 99 78
a 110 131 94 34
a 110 111 13 64
a 111 130 24 5
a 111 110 72 19
a 111 131 88 61
a 111 132 82 95
a 111 112 16 100
a 112 131 78 97
a 112 111 43 42
a 112 132 51 16
a 112 133 62 64
a 112 113 32 26
a 113 132 56 78
a 113 112 10 51
a 113 133 40 13
a 113 134 59 34
a 113 114 82 54
a 114 133 46 11
a 114 113 55 18
a 114 134 65 16
a 114 135 94 63
a 114 115 22 92
a 115 134 55 44
a 115 114 42 54
a 115 135 96 98
a 115 136 92 16
a 115 116 79 6
a 116 135 42 39
a 116 115 54 3
a 116 136 55 26
a 116 137 50 17
a 116 117 41 36
a 117 136 39 79
a 117 116 97 80
a 117 137 19 87
a 117 138 88 46
a 117 118 34 12
a 118 137 9 39
a 118 117 73 49
a 118 138 98 92
a 118 139 10 33
a 118 119 18 31
a 119 138 7 95
a 119 118 92 7
a 119 139 45 52
a 119 140 45 22
a 119 120 37 79
a 120 139 68 42
a 120 119 21 33
a 120 140 27 46
a 121 141 36 51
a 121 142 74 44
a 121 122 39 42
a 122 141 40 48
a 122 121 5 2
a 122 142 94 58
a 122 143 68 75
a 122 123 80 25
a 123 142 26 88
a 123 122 27 44
a 123 143 59 9
a 123 144 13 62
a 123 124 95 96
a 124 143 52 7
a 124 123 88 44
a 124 144 14 37
a 124 145 6 80
a 124 125 87 81
a 125 144 59 47
a 125 124 53 100
a 125 145 48 100
a 125 146 76 86
a 125 126 13 56
a 126 145 74 2
a 126 125 81 48
a 126 146 90 62
a 126 147 60 94
a 126 127 57 15
a 127 146 26 76
a 127 126 74 74
a 127 147 71 13
a 127 148 83 66
a 127 128 50 63
a 128 147 18 50
a 128 127 32 38
a 128 148 42 30
a 128 149 96 43
a 128 129 3 50
a 129 148 24 69
a 129 128 48 51
a 129 149 19 85
a 129 150 82 71
a 129 130 30 16
a 130 149 3 4
a 130 129 14 59
a 130 150 50 37
a 130 151 91 47
a 130 131 63 36
a 131 150 11 47
a 131 130 87 24
a 131 151 47 15
a 131 152 61 35
a 131 132 99 43
a 132 151 21 36
a 132 131 46 57
a 132 152 13 32
a 132 153 64 68
a 132 133 14 78
a 133 152 23 49
a 133 132 57 57
a 133 153 49 4
a 133 154 31 94
a 133 134 8 69
a 134 153 80 24
a 134 133 37 34
a 134 154 76 73
a 134 155 8 6
a 134 135 28 22
a 135 154 88 87
a 135 134 46 50
a 135 155 19 19
a 135 156 39 8
a 135 136 72 40
a 136 155 23 63
a 136 135 76 55
a 136 156 29 23
a 136 157 5 16
a 136 137 50 54
a 137 156 34 33
a 137 136 96 41
a 137 157 89 24
a 137 158 14 70
a 137 138 86 23
a 138 157 25 83
a 138 137 52 35
a 138 158 35 1
a 138 159 18 13
a 138 139 33 55
a 139 158 24 30
a 139 138 85 41
a 139 159 57 41
a 139 160 41 13
a 139 140 37 23
a 140 159 90 53
a 140 139 64 2
a 140 160 93 91
a 141 161 6 43
a 141 162 96 3
a 141 142 6 11
a 142 161 38 35
a 142 141 30 97
a 142 162 100 97
a 142 163 45 50
a 142 143 87 41
a 143 162 99 50
a 143 142 91 98
a 143 163 74 75
a 143 164 31 8
a 143 144 34 52
a 144 163 52 92
a 144 143 32 48
a 144 164 81 27
a 144 165 8 77
a 144 145 51 12
a 145 164 84 32
a 145 144 53 90
a 145 165 26 43
a 145 166 40 38
a 145 146 38 71
a 146 165 1 11
a 146 145 89 83
a 146 166 73 72
a 146 167 66 29
a 146 147 74 63
a 147 166 54 16
a 147 146 43 36
a 147 167 28 68
a 147 168 14 17
a 147 148 63 11
a 148 167 50 85
a 148 147 64 12
a 148 168 84 70
a 148 169 12 26
a 148 149 47 64
a 149 168 22 38
a 149 148 91 93
a 149 169 39 82
a 149 170 85 48
a 149 150 39 60
a 150 169 45 34
a 150 149 15 67
a 150 170 76 72
a 150 171 36 4
a 150 151 18 55
a 151 170 80 96
a 151 150 99 98
a 151 171 6 18
a 151 172 58 18
a 151 152 61 1
a 152 171 38 95
a 152 151 28 61
a 152 172 17 82
a 152 173 88 87
a 152 153 92 7
a 153 172 71 6
a 153 152 14 50
a 153 173 45 4
a 153 174 22 87
a 153 154 50 90
a 154 173 43 3
a 154 153 18 81
a 154 174 42 46
a 154 175 81 50
a 154 155 34 63
a 155 174 48 29
a 155 154 57 39
a 155 175 66 55
a 155 176 91 66
a 155 156 64 9
a 156 175 60 87
a 156 155 78 13
a 156 176 72 30
a 156 177 62 16
a 156 157 82 49
a 157 176 92 5
a 157 156 27 1
a 157 177 21 90
a 157 178 92 19
a 157 158 11 9
a 158 177 42 51
a 158 157 37 18
a 158 178 3 28
a 158 179 46 64
a 158 159 58 94
a 159 178 7 37
a 159 158 49 89
a 159 179 50 72
a 159 180 86 91
a 159 160 68 34
a 160 179 12 73
a 160 159 23 5
a 160 180 60 96
a 161 181 30 26
a 161 182 48 27
a 161 162 45 69
a 162 181 73 53
a 162 161 92 95
a 162 182 33 25
a 162 183 17 28
a 162 163 60 93
a 163 182 30 7
a 163 162 74 13
a 163 183 37 67
a 163 184 2 20
a 163 164 98 35
a 164 183 71 21
a 164 163 39 98
a 164 184 36 96
a 164 185 52 54
a 164 165 35 56
a 165 184 66 8
a 165 164 71 42
a 165 185 74 77
a 165 186 30 20
a 165 166 11 55
a 166 185 70 63
a 166 165 56 90
a 166 186 100 74
a 166 187 61 2
a 166 167 11 26
a 167 186 41 79
a 167 166 23 39
a 167 187 72 56
a 167 188 94 86
a 167 168 27 65
a 168 187 93 92
a 168 167 25 68
a 168 188 64 29
a 168 189 58 20
a 168 169 11 35
a 169 188 80 49
a 169 168 60 85
a 169 189 5 7
a 169 190 62 50
a 169 170 23 37
a 170 189 17 64
a 170 169 79 18
a 170 190 89 49
a 170 191 86 24
a 170 171 50 93
a 171 190 83 25
a 171 170 49 68
a 171 191 21 15
a 171 192 40 71
a 171 172 72 7
a 172 191 87 23
a 172 171 63 39
a 172 192 86 38
a 172 193 45 45
a 172 173 77 64
a 173 192 50 1
a 173 172 68 70
a 173 193 46 87
a 173 194 37 53
a 173 174 96 65
a 174 193 63 13
a 174 173 45 96
a 174 194 55 20
a 174 195 7 4
a 174 175 74 67
a 175 194 45 71
a 175 174 75 24
a 175 195 29 8
a 175 196 61 43
a 175 176 53 66
a 176 195 64 39
a 176 175 25 92
a 176 196 92 84
a 176 197 85 55
a 176 177 2 48
a 177 196 71 42
a 177 176 51 79
a 177 197 96 94
a 177 198 32 76
a 177 178 75 27
a 178 197 52 85
a 178 177 88 12
a 178 198 98 10
a 178 199 62 23
a 178 179 95 19
a 179 198 28 4
a 179 178 28 17
a 179 199 51 52
a 179 200 49 40
a 179 180 45 61
a 180 199 100 70
a 180 179 35 45
a 180 200 33 6
a 181 201 68 81
a 181 202 92 4
a 181 182 41 25
a 182 201 25 38
a 182 181 97 85
a 182 202 93 57
a 182 203 18 30
a 182 183 17 7
a 183 202 27 55
a 183 182 24 4
a 183 203 65 96
a 183 204 67 23
a 183 184 65 78
a 184 203 17 75
a 184 183 43 57
a 184 204 13 11
a 184 205 1 26
a 184 185 74 84
a 185 204 40 68
a 185 184 77 77
a 185 205 97 59
a 185 206 20 81
a 185 186 16 29
a 186 205 28 58
a 186 185 48 24
a 186 206 61 13
a 186 207 75 40
a 186 187 30 67
a 187 206 61 38
a 187 186 42 67
a 187 207 93 55
a 187 208 71 61
a 187 188 32 56
a 188 207 3 55
a 188 187 69 26
a 188 208 84 83
a 188 209 46 58
a 188 189 1 14
a 189 208 14 78
a 189 188 62 44
a 189 209 81 95
a 189 210 83 28
a 189 190 96 8
a 190 209 22 95
a 190 189 41 88
a 190 210 41 98
a 190 211 27 61
a 190 191 63 57
a 191 210 44 41
a 191 190 50 71
a 191 211 32 82
a 191 212 2 91
a 191 192 98 97
a 192 211 43 92
a 192 191 58 78
a 192 212 57 78
a 192 213 17 8
a 192 193 61 53
a 193 212 22 73
a 193 192 23 16
a 193 213 66 85
a 193 214 2 27
a 193 194 78 77
a 194 213 85 94
a 194 193 50 42
a 194 214 80 34
a 194 215 17 36
a 194 195 84 93
a 195 214 97 13
a 195 194 12 34
a 195 215 81 22
a 195 216 11 95
a 195 196 1 22
a 196 215 55 48
a 196 195 75 85
a 196 216 29 21
a 196 217 51 29
a 196 197 76 4
a 197 216 22 1
a 197 196 65 52
a 197 217 84 71
a 197 218 4 98
a 197 198 4 28
a 198 217 56 90
a 198 197 1 61
a 198 218 4 38
a 198 219 50 45
a 198 199 6 31
a 199 218 32 78
a 199 198 10 81
a 199 219 60 78
a 199 220 12 11
a 199 200 4 16
a 200 219 60 95
a 200 199 98 55
a 200 220 99 4
a 201 221 36 83
a 201 222 55 33
a 201 202 96 78
a 202 221 59 9
a 202 201 48 18
a 202 222 29 50
a 202 223 39 67
a 202 203 28 19
a 203 222 26 47
a 203 202 14 96
a 203 223 37 15
a 203 224 52 100
a 203 204 14 73
a 204 223 50 98
a 204 203 60 34
a 204 224 19 21
a 204 225 29 63
a 204 205 20 24
a 205 224 22 99
a 205 204 89 79
a 205 225 65 12
a 205 226 56 64
a 205 206 86 60
a 206 225 79 99
a 206 205 75 35
a 206 226 74 13
a 206 227 49 12
a 206 207 21 31
a 207 226 75 52
a 207 206 44 43
a 207 227 26 98
a 207 228 13 51
a 207 208 56 26
a 208 227 12 24
a 208 207 10 33
a 208 228 22 75
a 208 229 97 91
a 208 209 71 50
a 209 228 76 92
a 209 208 61 61
a 209 229 48 3
a 209 230 75 19
a 209 210 34 97
a 210 229 24 30
a 210 209 45 23
a 210 230 29 39
a 210 231 21 68
a 210 211 69 63
a 211 230 44 57
a 211 210 34 87
a 211 231 8 54
a 211 232 34 1
a 211 212 86 26
a 212 231 6 9
a 212 211 17 40
a 212 232 88 80
a 212 233 60 22
a 212 213 8 36
a 213 232 54 66
a 213 212 43 13
a 213 233 56 60
a 213 234 91 98
a 213 214 20 86
a 214 233 19 41
a 214 213 85 84
a 214 234 27 18
a 214 235 95 93
a 214 215 30 14
a 215 234 42 66
a 215 214 80 41
a 215 235 28 2
a 215 236 27 37
a 215 216 35 26
a 216 235 2 62
a 216 215 49 96
a 216 236 63 92
a 216 237 58 35
a 216 217 90 8
a 217 236 69 50
a 217 216 19 88
a 217 237 3 19
a 217 238 75 40
a 217 218 53 42
a 218 237 100 29
a 218 217 32 2
a 218 238 54 50
a 218 239 34 60
a 218 219 57 98
a 219 238 1 48
a 219 218 8 15
a 219 239 93 14
a 219 240 69 72
a 219 220 5 2
a 220 239 27 33
a 220 219 18 51
a 220 240 21 80
a 221 241 18 1
a 221 242 41 91
a 221 222 36 73
a 222 241 89 7
a 222 221 9 96
a 222 242 3 36
a 222 243 15 49
a 222 223 68 19
a 223 242 83 67
a 223 222 83 89
a 223 243 9 43
a 223 244 35 57
a 223 224 40 91
a 224 243 2 69
a 224 223 88 81
a 224 244 22 77
a 224 245 71 38
a 224 225 1 70
a 225 244 32 23
a 225 224 50 87
a 225 245 8 25
a 225 246 16 79
a 225 226 15 17
a 226 245 79 86
a 226 225 48 28
a 226 246 94 9
a 226 247 64 33
a 226 227 94 33
a 227 246 52 90
a 227 226 98 68
a 227 247 31 60
a 227 248 76 80
a 227 228 13 76
a 228 247 72 72
a 228 227 47 58
a 228 248 93 94
a 228 249 77 36
a 228 229 72 38
a 229 248 2 4
a 229 228 26 86
a 229 249 20 19
a 229 250 54 3
a 229 230 59 72
a 230 249 43 34
a 230 229 44 89
a 230 250 15 65
a 230 251 42 72
a 230 231 68 57
a 231 250 41 89
a 231 230 22 43
a 231 251 95 16
a 231 252 40 82
a 231 232 92 55
a 232 251 88 51
a 232 231 35 71
a 232 252 92 60
a 232 253 12 32
a 232 233 42 63
a 233 252 86 30
a 233 232 76 20
a 233 253 32 58
a 233 254 27 86
a 233 234 59 70
a 234 253 51 50
a 234 233 78 62
a 234 254 34 85
a 234 255 54 40
a 234 235 57 78
a 235 254 82 71
a 235 234 87 17
a 235 255 100 8
a 235 256 59 2
a 235 236 91 34
a 236 255 95 97
a 236 235 56 96
a 236 256 7 14
a 236 257 80 93
a 236 237 75 53
a 237 256 96 40
a 237 236 47 22
a 237 257 88 2
a 237 258 57 4
a 237 238 98 82
a 238 257 6 83
a 238 237 50 15
a 238 258 38 3
a 238 259 31 33
a 238 239 22 68
a 239 258 85 1
a 239 238 36 96
a 239 259 86 43
a 239 260 18 8
a 239 240 93 95
a 240 259 21 16
a 240 239 58 88
a 240 260 25 10
a 241 261 23 18
a 241 262 2 14
a 241 242 99 74
a 242 261 21 96
a 242 241 68 24
a 242 262 89 42
a 242 263 9 9
a 242 243 97 36
a 243 262 70 31
a 243 242 34 42
a 243 263 85 14
a 243 264 95 35
a 243 244 81 56
a 244 263 89 77
a 244 243 92 89
a 244 264 22 36
a 244 265 71 2
a 244 245 26 60
a 245 264 71 68
a 245 244 36 82
a 245 265 41 94
a 245 266 95 74
a 245 246 97 92
a 246 265 12 9
a 246 245 95 70
a 246 266 29 58
a 246 267 74 25
a 246 247 96 54
a 247 266 71 96
a 247 246 54 61
a 247 267 92 47
a 247 268 84 20
a 247 248 93 21
a 248 267 12 74
a 248 247 8 57
a 248 268 69 59
a 248 269 63 8
a 248 249 36 4
a 249 268 52 46
a 249 248 91 4
a 249 269 87 51
a 249 270 64 63
a 249 250 4 64
a 250 269 55 94
a 250 249 72 42
a 250 270 57 72
a 250 271 44 26
a 250 251 49 89
a 251 270 20 4
a 251 250 93 84
a 251 271 39 51
a 251 272 30 2
a 251 252 93 76
a 252 271 61 98
a 252 251 23 11
a 252 272 54 91
a 252 273 42 9
a 252 253 63 51
a 253 272 50 95
a 253 252 67 66
a 253 273 10 15
a 253 274 5 22
a 253 254 17 43
a 254 273 43 63
a 254 253 89 51
a 254 274 60 2
a 254 275 60 52
a 254 255 54 88
a 255 274 60 19
a 255 254 2 28
a 255 275 24 15
a 255 276 73 22
a 255 256 57 69
a 256 275 27 52
a 256 255 95 98
a 256 276 91 54
a 256 277 68 63
a 256 257 67 19
a 257 276 47 24
a 257 256 92 62
a 257 277 23 25
a 257 278 26 31
a 257 258 95 59
a 258 277 92 28
a 258 257 50 4
a 258 278 98 92
a 258 279 3 91
a 258 259 4 32
a 259 278 83 27
a 259 258 16 19
a 259 279 4 30
a 259 280 73 91
a 259 260 10 89
a 260 279 99 87
a 260 259 5 35
a 260 280 54 4
a 261 281 66 27
a 261 282 66 45
a 261 262 75 92
a 262 281 90 79
a 262 261 13 93
a 262 282 18 49
a 262 283 66 62
a 262 263 51 25
a 263 282 80 34
a 263 262 5 20
a 263 283 41 77
a 263 284 60 25
a 263 264 4 90
a 264 283 55 22
a 264 263 37 59
a 264 284 11 66
a 264 285 14 53
a 264 265 17 27
a 265 284 1 92
a 265 264 23 100
a 265 285 16 42
a 265 286 37 87
a 265 266 15 44
a 266 285 62 46
a 266 265 40 23
a 266 286 87 31
a 266 287 5 93
a 266 267 79 42
a 267 286 27 25
a 267 266 82 31
a 267 287 9 60
a 267 288 74 94
a 267 268 87 18
a 268 287 55 36
a 268 267 25 81
a 268 288 6 75
a 268 289 48 89
a 268 269 51 13
a 269 288 83 93
a 269 268 37 46
a 269 289 4 65
a 269 290 25 36
a 269 270 86 61
a 270 289 72 88
a 270 269 66 59
a 270 290 18 80
a 270 291 34 46
a 270 271 98 75
a 271 290 2 39
a 271 270 18 97
a 271 291 3 13
a 271 292 81 5
a 271 272 27 16
a 272 291 2 81
a 272 271 42 17
a 272 292 81 5
a 272 293 63 82
a 272 273 20 47
a 273 292 66 57
a 273 272 46 39
a 273 293 54 36
a 273 294 43 99
a 273 274 60 57
a 274 293 33 50
a 274 273 94 56
a 274 294 89 51
a 274 295 38 70
a 274 275 11 93
a 275 294 76 67
a 275 274 27 29
a 275 295 91 81
a 275 296 12 8
a 275 276 41 100
a 276 295 27 12
a 276 275 54 22
a 276 296 21 58
a 276 297 54 60
a 276 277 54 5
a 277 296 26 6
a 277 276 2 46
a 277 297 88 88
a 277 298 86 80
a 277 278 36 54
a 278 297 60 3
a 278 277 71 88
a 278 298 1 98
a 278 299 32 7
a 278 279 71 14
a 279 298 62 43
a 279 278 75 90
a 279 299 13 46
a 279 300 41 61
a 279 280 81 14
a 280 299 47 51
a 280 279 53 3
a 280 300 33 43
a 281 301 94 12
a 281 302 82 53
a 281 282 31 32
a 282 301 72 76
a 282 281 85 53
a 282 302 25 89
a 282 303 19 49
a 282 283 34 20
a 283 302 55 73
a 283 282 47 43
a 283 303 21 15
a 283 304 98 32
a 283 284 18 11
a 284 303 1 7
a 284 283 29 26
a 284 304 73 78
a 284 305 50 76
a 284 285 88 90
a 285 304 12 72
a 285 284 59 100
a 285 305 33 86
a 285 306 10 72
a 285 286 97 50
a 286 305 26 97
a 286 285 43 16
a 286 306 60 17
a 286 307 76 100
a 286 287 48 77
a 287 306 6 42
a 287 286 93 42
a 287 307 30 66
a 287 308 92 3
a 287 288 95 95
a 288 307 100 95
a 288 287 90 23
a 288 308 5 50
a 288 309 31 29
a 288 289 74 96
a 289 308 70 10
a 289 288 29 2
a 289 309 11 44
a 289 310 5 89
a 289 290 19 25
a 290 309 7 77
a 290 289 7 76
a 290 310 98 88
a 290 311 4 43
a 290 291 25 100
a 291 310 54 18
a 291 290 75 4
a 291 311 71 39
a 291 312 94 82
a 291 292 43 4
a 292 311 57 60
a 292 291 93 9
a 292 312 56 41
a 292 313 17 34
a 292 293 87 28
a 293 312 82 78
a 293 292 87 50
a 293 313 76 77
a 293 314 24 89
a 293 294 30 17
a 294 313 60 15
a 294 293 18 96
a 294 314 53 68
a 294 315 33 70
a 294 295 22 40
a 295 314 98 75
a 295 294 80 66
a 295 315 55 23
a 295 316 20 13
a 295 296 31 42
a 296 315 70 92
a 296 295 77 99
a 296 316 48 51
a 296 317 42 24
a 296 297 49 100
a 297 316 37 41
a 297 296 53 64
a 297 317 7 55
a 297 318 21 41
a 297 298 85 15
a 298 317 1 25
a 298 297 95 91
a 298 318 10 85
a 298 319 45 5
a 298 299 95 60
a 299 318 12 40
a 299 298 29 14
a 299 319 19 100
a 299 320 58 69
a 299 300 19 50
a 300 319 6 63
a 300 299 97 53
a 300 320 48 74
a 301 321 61 68
a 301 322 24 89
a 301 302 11 6
a 302 321 63 65
a 302 301 18 52
a 302 322 96 25
a 302 323 80 5
a 302 303 95 38
a 303 322 69 75
a 303 302 12 62
a 303 323 97 74
a 303 324 61 71
a 303 304 21 55
a 304 323 10 77
a 304 303 86 3
a 304 324 69 1
a 304 325 37 50
a 304 305 9 30
a 305 324 70 11
a 305 304 8 7
a 305 325 16 90
a 305 326 50 45
a 305 306 99 9
a 306 325 46 59
a 306 305 5 12
a 306 326 96 32
a 306 327 11 84
a 306 307 93 10
a 307 326 7 31
a 307 306 10 1
a 307 327 68 86
a 307 328 16 42
a 307 308 94 91
a 308 327 73 26
a 308 307 96 50
a 308 328 4 67
a 308 329 56 48
a 308 309 75 79
a 309 328 48 12
a 309 308 62 40
a 309 329 96 50
a 309 330 1 84
a 309 310 77 37
a 310 329 78 4
a 310 309 22 41
a 310 330 85 56
a 310 331 34 86
a 310 311 41 92
a 311 330 32 4
a 311 310 95 14
a 311 331 87 100
a 311 332 19 33
a 311 312 66 47
a 312 331 36 89
a 312 311 81 6
a 312 332 69 80
a 312 333 58 26
a 312 313 22 37
a 313 332 42 47
a 313 312 8 92
a 313 333 17 85
a 313 334 21 7
a 313 314 85 47
a 314 333 72 20
a 314 313 31 76
a 314 334 60 47
a 314 335 64 51
a 314 315 14 38
a 315 334 50 86
a 315 314 52 52
a 315 335 24 23
a 315 336 89 40
a 315 316 44 4
a 316 335 87 81
a 316 315 8 22
a 316 336 48 60
a 316 337 88 29
a 316 317 74 84
a 317 336 5 46
a 317 316 9 45
a 317 337 32 25
a 317 338 84 95
a 317 318 62 97
a 318 337 63 34
a 318 317 81 75
a 318 338 43 12
a 318 339 17 16
a 318 319 61 47
a 319 338 29 16
a 319 318 62 26
a 319 339 73 88
a 319 340 88 32
a 319 320 19 19
a 320 339 37 92
a 320 319 78 93
a 320 340 88 3
a 321 341 58 60
a 321 342 14 87
a 321 322 91 93
a 322 341 95 80
a 322 321 78 64
a 322 342 39 21
a 322 343 14 55
a 322 323 88 74
a 323 342 73 45
a 323 322 60 38
a 323 343 78 50
a 323 344 65 60
a 323 324 99 7
a 324 343 5 19
a 324 323 3 86
a 324 344 1 43
a 324 345 5 60
a 324 325 50 58
a 325 344 69 39
a 325 324 2 48
a 325 345 45 45
a 325 346 9 39
a 325 326 69 78
a 326 345 56 68
a 326 325 80 96
a 326 346 8 47
a 326 347 34 93
a 326 327 24 53
a 327 346 54 71
a 327 326 67 9
a 327 347 45 36
a 327 348 33 4
a 327 328 94 79
a 328 347 73 18
a 328 327 81 71
a 328 348 13 83
a 328 349 19 71
a 328 329 76 78
a 329 348 7 24
a 329 328 80 5
a 329 349 83 68
a 329 350 19 94
a 329 330 35 48
a 330 349 11 55
a 330 329 43 33
a 330 350 7 58
a 330 351 96 7
a 330 331 66 7
a 331 350 64 98
a 331 330 99 94
a 331 351 79 98
a 331 352 54 64
a 331 332 11 62
a 332 351 45 58
a 332 331 80 49
a 332 352 83 14
a 332 353 13 54
a 332 333 12 63
a 333 352 11 55
a 333 332 3 76
a 333 353 67 73
a 333 354 4 57
a 333 334 56 27
a 334 353 97 99
a 334 333 19 92
a 334 354 43 33
a 334 355 79 26
a 334 335 59 39
a 335 354 97 5
a 335 334 3 95
a 335 355 80 17
a 335 356 47 62
a 335 336 58 14
a 336 355 100 90
a 336 335 19 62
a 336 356 13 70
a 336 357 52 17
a 336 337 6 68
a 337 356 81 88
a 337 336 18 4
a 337 357 7 30
a 337 358 61 49
a 337 338 56 41
a 338 357 74 21
a 338 337 89 42
a 338 358 8 20
a 338 359 78 13
a 338 339 91 58
a 339 358 3 99
a 339 338 70 99
a 339 359 23 5
a 339 360 35 5
a 339 340 89 75
a 340 359 71 46
a 340 339 58 10
a 340 360 6 71
a 341 361 21 24
a 341 362 54 48
a 341 342 59 30
a 342 361 52 33
a 342 341 68 26
a 342 362 28 59
a 342 363 100 43
a 342 343 27 17
a 343 362 59 15
a 343 342 24 86
a 343 363 54 9
a 343 364 67 88
a 343 344 94 83
a 344 363 88 34
a 344 343 40 58
a 344 364 95 87
a 344 365 16 21
a 344 345 78 20
a 345 364 96 1
a 345 344 6 68
a 345 365 61 56
a 345 366 84 58
a 345 346 12 1
a 346 365 91 11
a 346 345 62 79
a 346 366 70 71
a 346 367 22 44
a 346 347 19 35
a 347 366 44 15
a 347 346 51 25
a 347 367 7 35
a 347 368 83 77
a 347 348 4 26
a 348 367 96 59
a 348 347 43 54
a 348 368 91 73
a 348 369 32 34
a 348 349 79 10
a 349 368 18 26
a 349 348 99 57
a 349 369 32 78
a 349 370 89 86
a 349 350 1 56
a 350 369 57 35
a 350 349 50 36
a 350 370 8 20
a 350 371 87 41
a 350 351 84 32
a 351 370 22 95
a 351 350 73 86
a 351 371 87 29
a 351 372 90 9
a 351 352 25 85
a 352 371 42 48
a 352 351 68 26
a 352 372 91 94
a 352 373 94 2
a 352 353 13 2
a 353 372 8 72
a 353 352 27 71
a 353 373 28 33
a 353 374 50 25
a 353 354 55 32
a 354 373 71 68
a 354 353 9 32
a 354 374 4 65
a 354 375 90 83
a 354 355 9 70
a 355 374 53 44
a 355 354 53 54
a 355 375 52 81
a 355 376 35 23
a 355 356 39 43
a 356 375 9 77
a 356 355 26 52
a 356 376 11 28
a 356 377 70 24
a 356 357 86 85
a 357 376 48 16
a 357 356 97 54
a 357 377 77 84
a 357 378 54 16
a 357 358 26 82
a 358 377 82 63
a 358 357 43 40
a 358 378 35 61
a 358 379 79 83
a 358 359 71 55
a 359 378 31 75
a 359 358 25 45
a 359 379 97 20
a 359 380 67 57
a 359 360 29 70
a 360 379 43 56
a 360 359 46 45
a 360 380 72 37
a 361 381 38 95
a 361 382 62 11
a 361 362 40 56
a 362 381 67 37
a 362 361 44 57
a 362 382 32 73
a 362 383 37 37
a 362 363 23 27
a 363 382 31 64
a 363 362 78 31
a 363 383 27 33
a 363 384 53 35
a 363 364 24 95
a 364 383 34 22
a 364 363 73 84
a 364 384 18 22
a 364 385 53 31
a 364 365 69 85
a 365 384 3 96
a 365 364 95 99
a 365 385 66 94
a 365 386 85 53
a 365 366 78 57
a 366 385 47 97
a 366 365 70 58
a 366 386 56 7
a 366 387 57 69
a 366 367 36 68
a 367 386 67 42
a 367 366 67 82
a 367 387 77 88
a 367 388 10 60
a 367 368 9 26
a 368 387 15 76
a 368 367 1 2
a 368 388 89 46
a 368 389 59 4
a 368 369 14 63
a 369 388 98 29
a 369 368 47 48
a 369 389 100 27
a 369 390 70 18
a 369 370 35 22
a 370 389 72 51
a 370 369 91 40
a 370 390 80 54
a 370 391 5 100
a 370 371 15 87
a 371 390 22 28
a 371 370 34 11
a 371 391 48 63
a 371 392 31 68
a 371 372 42 23
a 372 391 2 38
a 372 371 72 96
a 372 392 67 93
a 372 393 29 29
a 372 373 17 2
a 373 392 60 7
a 373 372 92 17
a 373 393 59 68
a 373 394 40 89
a 373 374 26 6
a 374 393 23 64
a 374 373 1 51
a 374 394 1 93
a 374 395 37 53
a 374 375 60 96
a 375 394 52 78
a 375 374 6 81
a 375 395 65 98
a 375 396 71 30
a 375 376 46 52
a 376 395 40 79
a 376 375 50 20
a 376 396 98 36
a 376 397 75 63
a 376 377 81 94
a 377 396 4 18
a 377 376 4 82
a 377 397 41 89
a 377 398 58 31
a 377 378 36 62
a 378 397 64 67
a 378 377 28 6
a 378 398 97 98
a 378 399 73 43
a 378 379 43 31
a 379 398 66 6
a 379 378 51 99
a 379 399 39 13
a 379 400 5 20
a 379 380 79 29
a 380 399 35 31
a 380 379 43 98
a 380 400 64 54
