p sp 902 4236
n 0 s
n 901 t
a 0 1 88 93
a 0 2 75 25
a 0 3 7 6
a 0 4 55 92
a 0 5 23 22
a 0 6 32 4
a 0 7 48 61
a 0 8 29 91
a 0 9 79 16
a 0 10 18 18
a 0 11 9 66
a 0 12 9 57
a 0 13 62 3
a 0 14 81 48
a 0 15 16 21
a 0 16 90 93
a 0 17 58 30
a 0 18 8 31
a 0 19 47 44
a 0 20 70 34
a 0 21 85 52
a 0 22 71 58
a 0 23 42 99
a 0 24 53 43
a 0 25 54 96
a 0 26 26 6
a 0 27 13 38
a 0 28 4 13
a 0 29 60 1
a 0 30 48 32
a 871 901 100 52
a 872 901 8 27
a 873 901 99 66
a 874 901 34 98
a 875 901 45 19
a 876 901 50 37
a 877 901 59 31
a 878 901 56 58
a 879 901 70 61
a 880 901 14 100
a 881 901 66 74
a 882 901 85 64
a 883 901 57 92
a 884 901 89 7
a 885 901 92 38
a 886 901 44 12
a 887 901 1 2
a 888 901 1 86
a 889 901 28 70
a 890 901 55 61
a 891 901 76 54
a 892 901 41 69
a 893 901 45 50
a 894 901 24 71
a 895 901 65 80
a 896 901 67 56
a 897 901 64 29
a 898 901 99 5
a 899 901 89 12
a 900 901 44 41
a 1 31 54 25
a 1 32 25 71
a 2 31 39 19
a 2 32 24 92
a 2 33 52 93
a 3 32 77 41
a 3 33 6 48
a 3 34 9 86
a 4 33 17 6
a 4 34 6 45
a 4 35 75 100
a 5 34 74 66
a 5 35 7 97
a 5 36 90 93
a 6 35 65 10
a 6 36 78 42
a 6 37 63 62
a 7 36 30 6
a 7 37 18 35
a 7 38 83 86
a 8 37 20 100
a 8 38 100 25
a 8 39 57 86
a 9 38 29 72
a 9 39 84 50
a 9 40 47 10
a 10 39 48 4
a 10 40 22 78
a 10 41 44 78
a 11 40 23 71
a 11 41 97 29
a 11 42 9 78
a 12 41 6 86
a 12 42 36 49
a 12 43 62 49
a 13 42 74 89
a 13 43 83 1
a 13 44 17 6
a 14 43 82 88
a 14 44 5 19
a 14 45 72 62
a 15 44 87 51
a 15 45 60 26
a 15 46 24 20
a 16 45 50 73
a 16 46 53 76
a 16 47 28 26
a 17 46 35 9
a 17 47 84 23
a 17 48 71 46
a 18 47 95 59
a 18 48 79 11
a 18 49 33 54
a 19 48 28 64
a 19 49 89 81
a 19 50 81 75
a 20 49 48 22
a 20 50 61 38
a 20 51 23 48
a 21 50 18 52
a 21 51 70 41
a 21 52 54 95
a 22 51 4 17
a 22 52 3 87
a 22 53 80 99
a 23 52 26 88
a 23 53 73 3
a 23 54 7 26
a 24 53 91 74
a 24 54 69 22
a 24 55 34 27
a 25 54 34 44
a 25 55 81 63
a 25 56 42 19
a 26 55 32 47
a 26 56 98 82
a 26 57 71 71
a 27 56 79 21
a 27 57 95 70
a 27 58 53 65
a 28 57 66 90
a 28 58 94 29
a 28 59 19 62
a 29 58 87 68
a 29 59 36 94
a 29 60 79 36
a 30 59 17 76
a 30 60 46 50
a 31 61 58 36
a 31 62 30 65
a 31 32 9 3
a 32 61 46 6
a 32 31 81 33
a 32 62 4 93
a 32 63 59 41
a 32 33 1 73
a 33 62 55 42
a 33 32 22 57
a 33 63 15 11
a 33 64 22 19
a 33 34 64 45
a 34 63 59 63
a 34 33 18 13
a 34 64 15 49
a 34 65 8 89
a 34 35 1 89
a 35 64 64 67
a 35 34 92 40
a 35 65 17 57
a 35 66 92 32
a 35 36 46 69
a 36 65 71 68
a 36 35 18 81
a 36 66 59 86
a 36 67 71 84
a 36 37 88 9
a 37 66 64 87
a 37 36 24 7
a 37 67 33 42
a 37 68 100 13
a 37 38 53 11
a 38 67 94 23
a 38 37 79 53
a 38 68 19 100
a 38 69 10 66
a 38 39 4 17
a 39 68 5 71
a 39 38 64 14
a 39 69 56 86
a 39 70 33 93
a 39 40 81 91
a 40 69 81 4
a 40 39 60 16
a 40 70 100 43
a 40 71 62 98
a 40 41 93 6
a 41 70 76 88
a 41 40 57 45
a 41 71 48 55
a 41 72 63 58
a 41 42 8 1
a 42 71 75 61
a 42 41 85 31
a 42 72 86 59
a 42 73 48 6
a 42 43 28 72
a 43 72 43 37
a 43 42 85 18
a 43 73 50 57
a 43 74 56 36
a 43 44 100 67
a 44 73 82 41
a 44 43 23 94
a 44 74 32 86
a 44 75 20 74
a 44 45 97 94
a 45 74 8 5
a 45 44 30 23
a 45 75 68 93
a 45 76 59 63
a 45 46 38 95
a 46 75 31 27
a 46 45 62 66
a 46 76 21 85
a 46 77 5 85
a 46 47 43 9
a 47 76 13 75
a 47 46 51 60
a 47 77 66 25
a 47 78 49 32
a 47 48 35 69
a 48 77 99 40
a 48 47 54 82
a 48 78 25 52
a 48 79 63 4
a 48 49 98 67
a 49 78 99 31
a 49 48 35 57
a 49 79 82 29
a 49 80 63 48
a 49 50 34 96
a 50 79 15 31
a 50 49 19 70
a 50 80 45 60
a 50 81 93 47
a 50 51 16 39
a 51 80 85 26
a 51 50 79 4
a 51 81 89 80
a 51 82 28 56
a 51 52 37 58
a 52 81 7 57
a 52 51 94 5
a 52 82 59 99
a 52 83 31 47
a 52 53 1 22
a 53 82 7 94
a 53 52 53 49
a 53 83 96 98
a 53 84 99 50
a 53 54 33 98
a 54 83 59 28
a 54 53 22 43
a 54 84 28 50
a 54 85 65 47
a 54 55 66 18
a 55 84 92 33
a 55 54 94 78
a 55 85 20 98
a 55 86 77 20
a 55 56 57 100
a 56 85 50 85
a 56 55 20 84
a 56 86 64 76
a 56 87 70 10
a 56 57 12 32
a 57 86 78 97
a 57 56 52 7
a 57 87 62 41
a 57 88 66 43
a 57 58 42 8
a 58 87 71 98
a 58 57 83 49
a 58 88 24 87
a 58 89 20 33
a 58 59 2 5
a 59 88 28 40
a 59 58 86 48
a 59 89 79 69
a 59 90 53 31
a 59 60 86 5
a 60 89 6 23
a 60 59 46 29
a 60 90 67 39
a 61 91 5 84
a 61 92 73 61
a 61 62 9 10
a 62 91 85 45
a 62 61 85 92
a 62 92 19 58
a 62 93 67 2
a 62 63 53 29
a 63 92 19 39
a 63 62 97 51
a 63 93 19 21
a 63 94 52 99
a 63 64 64 68
a 64 93 57 12
a 64 63 27 37
a 64 94 6 96
a 64 95 66 31
a 64 65 73 17
a 65 94 98 90
a 65 64 66 75
a 65 95 12 24
a 65 96 49 29
a 65 66 35 77
a 66 95 60 69
a 66 65 60 84
a 66 96 72 37
a 66 97 13 53
a 66 67 73 75
a 67 96 84 91
a 67 66 15 89
a 67 97 21 41
a 67 98 83 44
a 67 68 39 40
a 68 97 91 52
a 68 67 99 27
a 68 98 15 15
a 68 99 6 67
a 68 69 29 46
a 69 98 59 43
a 69 68 44 60
a 69 99 82 81
a 69 100 17 48
a 69 70 71 36
a 70 99 39 24
a 70 69 10 37
a 70 100 29 20
a 70 101 23 17
a 70 71 66 60
a 71 100 34 57
a 71 70 17 80
a 71 101 55 49
a 71 102 79 74
a 71 72 53 3
a 72 101 7 99
a 72 71 28 67
a 72 102 4 43
a 72 103 60 48
a 72 73 94 3
a 73 102 93 62
a 73 72 10 5
a 73 103 73 27
a 73 104 8 47
a 73 74 77 30
a 74 103 12 6
a 74 73 25 67
a 74 104 93 66
a 74 105 63 20
a 74 75 47 23
a 75 104 71 12
a 75 74 95 10
a 75 105 57 33
a 75 106 21 90
a 75 76 67 98
a 76 105 90 94
a 76 75 29 79
a 76 106 4 75
a 76 107 83 34
a 76 77 67 24
a 77 106 48 10
a 77 76 53 62
a 77 107 74 9
a 77 108 6 3
a 77 78 85 100
a 78 107 67 87
a 78 77 49 24
a 78 108 57 9
a 78 109 7 26
a 78 79 71 36
a 79 108 19 90
a 79 78 65 77
a 79 109 42 8
a 79 110 11 22
a 79 80 15 99
a 80 109 26 29
a 80 79 63 16
a 80 110 73 59
a 80 111 46 73
a 80 81 12 1
a 81 110 13 30
a 81 80 94 73
a 81 111 35 57
a 81 112 78 58
a 81 82 32 16
a 82 111 93 5
a 82 81 69 81
a 82 112 27 72
a 82 113 37 60
a 82 83 44 89
a 83 112 76 53
a 83 82 49 24
a 83 113 43 37
a 83 114 51 6
a 83 84 5 97
a 84 113 47 10
a 84 83 30 77
a 84 114 77 46
a 84 115 61 20
a 84 85 44 83
a 85 114 15 2
a 85 84 37 86
a 85 115 15 28
a 85 116 80 91
a 85 86 4 15
a 86 115 2 12
a 86 85 72 51
a 86 116 24 36
a 86 117 27 39
a 86 87 88 82
a 87 116 67 62
a 87 86 96 84
a 87 117 40 66
a 87 118 68 33
a 87 88 19 93
a 88 117 57 71
a 88 87 77 53
a 88 118 48 63
a 88 119 1 53
a 88 89 52 58
a 89 118 91 70
a 89 88 94 52
a 89 119 85 12
a 89 120 19 20
a 89 90 11 49
a 90 119 96 40
a 90 89 24 64
a 90 120 69 25
a 91 121 27 20
a 91 122 10 39
a 91 92 80 96
a 92 121 56 49
a 92 91 53 3
a 92 122 93 31
a 92 123 69 24
a 92 93 12 85
a 93 122 73 72
a 93 92 48 93
a 93 123 48 49
a 93 124 23 18
a 93 94 64 35
a 94 123 18 64
a 94 93 60 2
a 94 124 56 31
a 94 125 61 35
a 94 95 20 39
a 95 124 10 4
a 95 94 29 87
a 95 125 56 10
a 95 126 70 75
a 95 96 6 71
a 96 125 43 44
a 96 95 58 41
a 96 126 63 38
a 96 127 41 26
a 96 97 26 77
a 97 126 6 73
a 97 96 75 4
a 97 127 15 46
a 97 128 44 72
a 97 98 43 67
a 98 127 38 26
a 98 97 68 74
a 98 128 13 40
a 98 129 77 49
a 98 99 47 38
a 99 128 8 28
a 99 98 53 51
a 99 129 43 77
a 99 130 60 64
a 99 100 28 2
a 100 129 74 32
a 100 99 75 56
a 100 130 86 55
a 100 131 20 98
a 100 101 33 11
a 101 130 83 52
a 101 100 55 36
a 101 131 21 18
a 101 132 10 59
a 101 102 76 29
a 102 131 62 92
a 102 101 74 68
a 102 132 26 82
a 102 133 51 45
a 102 103 22 22
a 103 132 21 27
a 103 102 18 97
a 103 133 1 39
a 103 134 100 55
a 103 104 45 7
a 104 133 95 55
a 104 103 56 31
a 104 134 44 79
a 104 135 34 8
a 104 105 38 34
a 105 134 46 92
a 105 104 73 59
a 105 135 30 51
a 105 136 78 26
a 105 106 18 60
a 106 135 27 61
a 106 105 80 7
a 106 136 86 47
a 106 137 24 83
a 106 107 81 96
a 107 136 12 21
a 107 106 66 18
a 107 137 79 67
a 107 138 37 58
a 107 108 68 71
a 108 137 67 24
a 108 107 74 41
a 108 138 84 68
a 108 139 66 28
a 108 109 6 41
a 109 138 69 26
a 109 108 25 36
a 109 139 93 71
a 109 140 7 82
a 109 110 3 35
a 110 139 29 43
a 110 109 54 83
a 110 140 91 87
a 110 141 27 17
a 110 111 17 23
a 111 140 57 41
a 111 110 27 49
a 111 141 84 88
a 111 142 29 38
a 111 112 7 9
a 112 141 4 60
a 112 111 83 7
a 112 142 100 36
a 112 143 87 22
a 112 113 31 78
a 113 142 82 98
a 113 112 11 16
a 113 143 24 22
a 113 144 36 66
a 113 114 24 35
a 114 143 69 83
a 114 113 2 44
a 114 144 89 21
a 114 145 61 46
a 114 115 2 18
a 115 144 18 56
a 115 114 78 15
a 115 145 5 76
a 115 146 58 8
a 115 116 72 22
a 116 145 88 67
a 116 115 53 51
a 116 146 100 70
a 116 147 24 38
a 116 117 19 30
a 117 146 63 55
a 117 116 17 45
a 117 147 87 1
a 117 148 5 64
a 117 118 17 34
a 118 147 87 79
a 118 117 69 86
a 118 148 3 87
a 118 149 90 4
a 118 119 97 93
a 119 148 70 65
a 119 118 29 5
a 119 149 10 39
a 119 150 31 66
a 119 120 35 31
a 120 149 59 85
a 120 119 52 72
a 120 150 92 1
a 121 151 60 79
a 121 152 44 42
a 121 122 31 20
a 122 151 50 99
a 122 121 89 27
a 122 152 39 70
a 122 153 59 88
a 122 123 41 6
a 123 152 74 44
a 123 122 34 60
a 123 153 58 32
a 123 154 1 23
a 123 124 81 29
a 124 153 24 62
a 124 123 97 67
a 124 154 39 64
a 124 155 85 84
a 124 125 56 19
a 125 154 95 80
a 125 124 85 42
a 125 155 29 62
a 125 156 62 1
a 125 126 10 42
a 126 155 7 88
a 126 125 89 47
a 126 156 83 4
a 126 157 67 97
a 126 127 22 97
a 127 156 82 43
a 127 126 62 41
a 127 157 8 47
a 127 158 85 86
a 127 128 69 54
a 128 157 23 79
a 128 127 73 59
a 128 158 100 53
a 128 159 87 20
a 128 129 20 17
a 129 158 18 12
a 129 128 63 91
a 129 159 53 2
a 129 160 84 61
a 129 130 24 87
a 130 159 17 18
a 130 129 1 90
a 130 160 38 90
a 130 161 37 60
a 130 131 60 74
a 131 160 58 70
a 131 130 56 74
a 131 161 14 32
a 131 162 20 79
a 131 132 54 82
a 132 161 26 24
a 132 131 81 77
a 132 162 81 38
a 132 163 99 92
a 132 133 53 23
a 133 162 82 88
a 133 132 83 31
a 133 163 16 42
a 133 164 90 57
a 133 134 35 70
a 134 163 29 45
a 134 133 34 84
a 134 164 27 40
a 134 165 78 15
a 134 135 57 9
a 135 164 90 17
a 135 134 14 80
a 135 165 47 30
a 135 166 88 77
a 135 136 31 30
a 136 165 63 58
a 136 135 4 2
a 136 166 72 67
a 136 167 94 75
a 136 137 48 86
a 137 166 66 18
a 137 136 27 78
a 137 167 19 39
a 137 168 80 33
a 137 138 20 37
a 138 167 79 99
a 138 137 90 16
a 138 168 94 99
a 138 169 44 62
a 138 139 57 45
a 139 168 65 4
a 139 138 45 42
a 139 169 23 76
a 139 170 4 47
a 139 140 42 65
a 140 169 63 53
a 140 139 7 55
a 140 170 92 6
a 140 171 7 49
a 140 141 87 33
a 141 170 4 65
a 141 140 5 56
a 141 171 52 41
a 141 172 57 55
a 141 142 93 45
a 142 171 83 30
a 142 141 5 66
a 142 172 98 87
a 142 173 13 99
a 142 143 6 78
a 143 172 17 67
a 143 142 11 38
a 143 173 21 29
a 143 174 73 100
a 143 144 3 56
a 144 173 65 76
a 144 143 86 19
a 144 174 8 97
a 144 175 38 14
a 144 145 79 26
a 145 174 69 91
a 145 144 71 91
a 145 175 2 7
a 145 176 16 33
a 145 146 53 78
a 146 175 22 34
a 146 145 92 2
a 146 176 8 53
a 146 177 25 76
a 146 147 65 97
a 147 176 96 81
a 147 146 16 99
a 147 177 59 15
a 147 178 19 57
a 147 148 97 81
a 148 177 4 98
a 148 147 1 65
a 148 178 41 40
a 148 179 58 33
a 148 149 63 97
a 149 178 49 65
a 149 148 90 11
a 149 179 41 86
a 149 180 35 94
a 149 150 66 93
a 150 179 86 65
a 150 149 40 63
a 150 180 38 56
a 151 181 7 82
a 151 182 12 76
a 151 152 89 70
a 152 181 29 86
a 152 151 60 98
a 152 182 61 75
a 152 183 23 94
a 152 153 53 29
a 153 182 81 56
a 153 152 64 2
a 153 183 97 83
a 153 184 86 41
a 153 154 92 23
a 154 183 21 67
a 154 153 20 72
a 154 184 66 16
a 154 185 61 7
a 154 155 85 8
a 155 184 50 67
a 155 154 48 13
a 155 185 43 26
a 155 186 82 97
a 155 156 87 51
a 156 185 67 78
a 156 155 29 16
a 156 186 32 50
a 156 187 52 32
a 156 157 23 94
a 157 186 92 78
a 157 156 1 15
a 157 187 59 90
a 157 188 56 63
a 157 158 93 22
a 158 187 58 58
a 158 157 68 22
a 158 188 7 49
a 158 189 53 25
a 158 159 1 81
a 159 188 84 31
a 159 158 86 17
a 159 189 22 95
a 159 190 88 60
a 159 160 38 98
a 160 189 9 98
a 160 159 25 63
a 160 190 24 70
a 160 191 87 30
a 160 161 92 26
a 161 190 76 92
a 161 160 40 33
a 161 191 3 8
a 161 192 33 1
a 161 162 58 12
a 162 191 53 40
a 162 161 91 8
a 162 192 25 68
a 162 193 96 84
a 162 163 58 28
a 163 192 67 21
a 163 162 36 3
a 163 193 20 49
a 163 194 39 76
a 163 164 83 20
a 164 193 3 87
a 164 163 97 60
a 164 194 47 34
a 164 195 63 81
a 164 165 2 88
a 165 194 3 2
a 165 164 39 53
a 165 195 12 88
a 165 196 92 92
a 165 166 89 76
a 166 195 50 61
a 166 165 34 65
a 166 196 84 78
a 166 197 56 84
a 166 167 21 36
a 167 196 26 60
a 167 166 51 96
a 167 197 4 54
a 167 198 82 100
a 167 168 76 1
a 168 197 74 40
a 168 167 7 31
a 168 198 59 49
a 168 199 75 24
a 168 169 27 42
a 169 198 15 89
a 169 168 50 31
a 169 199 29 98
a 169 200 45 43
a 169 170 25 60
a 170 199 23 98
a 170 169 46 73
a 170 200 58 11
a 170 201 78 26
a 170 171 91 93
a 171 200 21 3
a 171 170 18 36
a 171 201 11 84
a 171 202 40 35
a 171 172 88 20
a 172 201 42 8
a 172 171 82 22
a 172 202 16 84
a 172 203 71 31
a 172 173 55 19
a 173 202 72 26
a 173 172 69 11
a 173 203 41 52
a 173 204 79 17
a 173 174 2 65
a 174 203 11 49
a 174 173 52 89
a 174 204 52 100
a 174 205 42 76
a 174 175 88 41
a 175 204 7 59
a 175 174 74 44
a 175 205 65 95
a 175 206 8 1
a 175 176 47 93
a 176 205 87 24
a 176 175 12 93
a 176 206 2 39
a 176 207 29 9
a 176 177 22 3
a 177 206 53 10
a 177 176 5 5
a 177 207 75 5
a 177 208 66 92
a 177 178 68 7
a 178 207 60 59
a 178 177 96 11
a 178 208 81 68
a 178 209 84 1
a 178 179 100 20
a 179 208 22 48
a 179 178 76 8
a 179 209 82 97
a 179 210 99 5
a 179 180 12 80
a 180 209 63 16
a 180 179 46 45
a 180 210 75 40
a 181 211 75 43
a 181 212 75 52
a 181 182 78 69
a 182 211 55 58
a 182 181 7 62
a 182 212 77 62
a 182 213 64 19
a 182 183 97 49
a 183 212 5 64
a 183 182 38 37
a 183 213 65 87
a 183 214 32 94
a 183 184 51 72
a 184 213 6 79
a 184 183 42 34
a 184 214 70 15
a 184 215 1 45
a 184 185 39 52
a 185 214 75 59
a 185 184 15 18
a 185 215 67 49
a 185 216 45 44
a 185 186 48 97
a 186 215 58 31
a 186 185 90 16
a 186 216 25 96
a 186 217 49 90
a 186 187 85 73
a 187 216 78 19
a 187 186 52 2
a 187 217 63 22
a 187 218 85 2
a 187 188 95 53
a 188 217 30 52
a 188 187 40 100
a 188 218 8 58
a 188 219 70 31
a 188 189 73 24
a 189 218 69 55
a 189 188 45 47
a 189 219 90 37
a 189 220 25 10
a 189 190 55 98
a 190 219 77 39
a 190 189 13 23
a 190 220 87 71
a 190 221 32 72
a 190 191 89 16
a 191 220 70 32
a 191 190 56 36
a 191 221 8 44
a 191 222 20 34
a 191 192 14 34
a 192 221 5 44
a 192 191 6 38
a 192 222 3 48
a 192 223 61 23
a 192 193 98 57
a 193 222 66 63
a 193 192 56 67
a 193 223 16 17
a 193 224 97 60
a 193 194 86 25
a 194 223 38 97
a 194 193 46 30
a 194 224 26 80
a 194 225 16 100
a 194 195 61 27
a 195 224 28 100
a 195 194 38 2
a 195 225 92 13
a 195 226 68 23
a 195 196 67 10
a 196 225 5 91
a 196 195 3 94
a 196 226 20 94
a 196 227 82 8
a 196 197 61 16
a 197 226 8 39
a 197 196 31 2
a 197 227 34 19
a 197 228 30 48
a 197 198 6 95
a 198 227 47 49
a 198 197 8 66
a 198 228 30 13
a 198 229 25 40
a 198 199 23 16
a 199 228 71 18
a 199 198 17 71
a 199 229 65 34
a 199 230 63 4
a 199 200 45 38
a 200 229 95 90
a 200 199 51 72
a 200 230 9 11
a 200 231 72 15
a 200 201 22 4
a 201 230 69 41
a 201 200 56 87
a 201 231 63 32
a 201 232 31 37
a 201 202 72 12
a 202 231 25 5
a 202 201 83 70
a 202 232 33 8
a 202 233 68 59
a 202 203 29 39
a 203 232 8 21
a 203 202 88 92
a 203 233 41 3
a 203 234 68 23
a 203 204 7 33
a 204 233 37 68
a 204 203 66 6
a 204 234 30 22
a 204 235 23 5
a 204 205 100 13
a 205 234 14 8
a 205 204 57 57
a 205 235 82 23
a 205 236 71 92
a 205 206 81 42
a 206 235 60 86
a 206 205 82 10
a 206 236 42 1
a 206 237 77 37
a 206 207 39 23
a 207 236 78 70
a 207 206 87 28
a 207 237 19 47
a 207 238 21 85
a 207 208 32 15
a 208 237 97 59
a 208 207 9 100
a 208 238 44 58
a 208 239 75 77
a 208 209 63 93
a 209 238 35 98
a 209 208 54 3
a 209 239 64 93
a 209 240 59 49
a 209 210 44 37
a 210 239 27 66
a 210 209 19 62
a 210 240 92 52
a 211 241 8 11
a 211 242 91 84
a 211 212 92 68
a 212 241 82 62
a 212 211 81 56
a 212 242 6 52
a 212 243 68 36
a 212 213 67 85
a 213 242 19 3
a 213 212 35 2
a 213 243 67 41
a 213 244 9 36
a 213 214 45 15
a 214 243 12 37
a 214 213 24 52
a 214 244 69 1
a 214 245 40 70
a 214 215 78 25
a 215 244 6 37
a 215 214 15 94
a 215 245 69 21
a 215 246 35 100
a 215 216 39 11
a 216 245 52 63
a 216 215 84 17
a 216 246 16 8
a 216 247 69 23
a 216 217 66 5
a 217 246 29 47
a 217 216 65 31
a 217 247 67 94
a 217 248 64 41
a 217 218 91 56
a 218 247 38 82
a 218 217 86 5
a 218 248 77 79
a 218 249 73 94
a 218 219 82 78
a 219 248 29 16
a 219 218 47 3
a 219 249 55 9
a 219 250 33 73
a 219 220 99 95
a 220 249 73 94
a 220 219 95 6
a 220 250 63 73
a 220 251 6 82
a 220 221 63 73
a 221 250 2 66
a 221 220 4 43
a 221 251 67 14
a 221 252 34 61
a 221 222 90 51
a 222 251 40 13
a 222 221 14 17
a 222 252 87 9
a 222 253 95 14
a 222 223 70 76
a 223 252 29 65
a 223 222 62 2
a 223 253 39 26
a 223 254 94 86
a 223 224 10 29
a 224 253 69 33
a 224 223 52 99
a 224 254 8 41
a 224 255 31 90
a 224 225 24 96
a 225 254 11 5
a 225 224 80 2
a 225 255 50 3
a 225 256 52 44
a 225 226 72 60
a 226 255 50 66
a 226 225 87 81
a 226 256 18 29
a 226 257 82 10
a 226 227 85 11
a 227 256 27 99
a 227 226 62 86
a 227 257 41 48
a 227 258 74 99
a 227 228 80 26
a 228 257 2 92
a 228 227 4 54
a 228 258 79 80
a 228 259 33 33
a 228 229 50 14
a 229 258 87 71
a 229 228 78 2
a 229 259 88 6
a 229 260 83 91
a 229 230 87 39
a 230 259 81 72
a 230 229 37 3
a 230 260 98 22
a 230 261 2 51
a 230 231 29 30
a 231 260 23 18
a 231 230 72 45
a 231 261 54 68
a 231 262 13 99
a 231 232 23 41
a 232 261 25 18
a 232 231 87 28
a 232 262 38 24
a 232 263 2 50
a 232 233 27 92
a 233 262 55 87
a 233 232 54 84
a 233 263 95 90
a 233 264 57 59
a 233 234 51 98
a 234 263 42 85
a 234 233 16 30
a 234 264 66 67
a 234 265 36 35
a 234 235 22 25
a 235 264 28 69
a 235 234 78 68
a 235 265 12 74
a 235 266 97 38
a 235 236 12 91
a 236 265 89 88
a 236 235 13 45
a 236 266 47 31
a 236 267 79 16
a 236 237 8 43
a 237 266 90 5
a 237 236 5 69
a 237 267 67 57
a 237 268 45 30
a 237 238 59 13
a 238 267 61 31
a 238 237 4 14
a 238 268 47 64
a 238 269 67 70
a 238 239 16 57
a 239 268 65 13
a 239 238 25 3
a 239 269 29 29
a 239 270 65 18
a 239 240 84 89
a 240 269 2 47
a 240 239 1 86
a 240 270 13 94
a 241 271 88 16
a 241 272 87 6
a 241 242 38 68
a 242 271 10 80
a 242 241 6 48
a 242 272 10 50
a 242 273 64 38
a 242 243 18 84
a 243 272 87 30
a 243 242 67 66
a 243 273 84 24
a 243 274 87 33
a 243 244 13 41
a 244 273 54 36
a 244 243 20 51
a 244 274 91 3
a 244 275 59 83
a 244 245 6 35
a 245 274 70 56
a 245 244 75 81
a 245 275 92 98
a 245 276 10 54
a 245 246 69 12
a 246 275 56 88
a 246 245 16 68
a 246 276 95 31
a 246 277 93 41
a 246 247 35 11
a 247 276 92 11
a 247 246 90 57
a 247 277 62 51
a 247 278 2 93
a 247 248 4 2
a 248 277 9 73
a 248 247 62 35
a 248 278 50 89
a 248 279 80 9
a 248 249 63 28
a 249 278 92 35
a 249 248 90 60
a 249 279 49 41
a 249 280 46 11
a 249 250 93 16
a 250 279 55 36
a 250 249 99 17
a 250 280 17 17
a 250 281 35 30
a 250 251 11 91
a 251 280 15 8
a 251 250 92 36
a 251 281 50 39
a 251 282 55 2
a 251 252 71 69
a 252 281 29 24
a 252 251 45 96
a 252 282 72 78
a 252 283 22 86
a 252 253 30 78
a 253 282 3 33
a 253 252 11 57
a 253 283 31 89
a 253 284 48 26
a 253 254 56 5
a 254 283 26 77
a 254 253 87 59
a 254 284 99 53
a 254 285 23 67
a 254 255 64 12
a 255 284 62 90
a 255 254 56 10
a 255 285 91 66
a 255 286 33 6
a 255 256 3 86
a 256 285 25 44
a 256 255 27 73
a 256 286 100 82
a 256 287 96 27
a 256 257 13 70
a 257 286 76 31
a 257 256 7 44
a 257 287 14 29
a 257 288 42 26
a 257 258 92 39
a 258 287 79 36
a 258 257 71 36
a 258 288 9 14
a 258 289 2 33
a 258 259 74 93
a 259 288 92 12
a 259 258 42 94
a 259 289 22 91
a 259 290 2 90
a 259 260 18 85
a 260 289 42 67
a 260 259 96 92
a 260 290 37 68
a 260 291 90 23
a 260 261 90 16
a 261 290 97 16
a 261 260 57 89
a 261 291 83 90
a 261 292 58 73
a 261 262 35 45
a 262 291 22 90
a 262 261 21 35
a 262 292 57 66
a 262 293 83 23
a 262 263 29 82
a 263 292 41 89
a 263 262 81 88
a 263 293 27 52
a 263 294 21 60
a 263 264 60 92
a 264 293 82 3
a 264 263 39 85
a 264 294 45 36
a 264 295 58 66
a 264 265 49 17
a 265 294 77 74
a 265 264 82 50
a 265 295 90 80
a 265 296 26 25
a 265 266 87 78
a 266 295 4 33
a 266 265 29 92
a 266 296 32 16
a 266 297 25 56
a 266 267 90 29
a 267 296 45 18
a 267 266 97 84
a 267 297 18 66
a 267 298 92 33
a 267 268 51 22
a 268 297 49 87
a 268 267 93 53
a 268 298 94 33
a 268 299 95 83
a 268 269 54 32
a 269 298 33 94
a 269 268 20 92
a 269 299 30 46
a 269 300 30 81
a 269 270 95 95
a 270 299 33 74
a 270 269 51 63
a 270 300 49 65
a 271 301 12 31
a 271 302 89 7
a 271 272 48 94
a 272 301 54 91
a 272 271 26 93
a 272 302 10 22
a 272 303 71 43
a 272 273 3 9
a 273 302 66 89
a 273 272 56 22
a 273 303 20 27
a 273 304 20 62
a 273 274 12 29
a 274 303 2 56
a 274 273 59 72
a 274 304 46 68
a 274 305 76 33
a 274 275 30 67
a 275 304 4 16
a 275 274 77 66
a 275 305 96 7
a 275 306 53 30
a 275 276 52 82
a 276 305 55 93
a 276 275 89 15
a 276 306 53 68
a 276 307 70 70
a 276 277 4 19
a 277 306 49 35
a 277 276 16 11
a 277 307 57 9
a 277 308 14 31
a 277 278 51 63
a 278 307 53 52
a 278 277 62 82
a 278 308 20 50
a 278 309 24 26
a 278 279 7 44
a 279 308 44 2
a 279 278 61 5
a 279 309 6 78
a 279 310 55 30
a 279 280 54 4
a 280 309 20 12
a 280 279 29 32
a 280 310 100 14
a 280 311 81 21
a 280 281 90 44
a 281 310 11 5
a 281 280 90 78
a 281 311 32 97
a 281 312 1 24
a 281 282 69 14
a 282 311 90 16
a 282 281 36 88
a 282 312 45 83
a 282 313 5 100
a 282 283 9 70
a 283 312 50 45
a 283 282 42 89
a 283 313 4 96
a 283 314 90 69
a 283 284 18 6
a 284 313 95 9
a 284 283 23 36
a 284 314 67 42
a 284 315 12 41
a 284 285 2 25
a 285 314 28 31
a 285 284 56 48
a 285 315 13 15
a 285 316 55 1
a 285 286 68 33
a 286 315 29 55
a 286 285 4 57
a 286 316 20 45
a 286 317 23 71
a 286 287 97 85
a 287 316 22 6
a 287 286 88 88
a 287 317 88 55
a 287 318 50 48
a 287 288 7 2
a 288 317 29 47
a 288 287 24 41
a 288 318 26 5
a 288 319 97 65
a 288 289 51 86
a 289 318 76 79
a 289 288 68 43
a 289 319 98 96
a 289 320 77 70
a 289 290 49 98
a 290 319 7 5
a 290 289 60 42
a 290 320 76 35
a 290 321 41 10
a 290 291 43 87
a 291 320 81 23
a 291 290 89 48
a 291 321 57 13
a 291 322 47 50
a 291 292 13 12
a 292 321 46 77
a 292 291 95 28
a 292 322 65 30
a 292 323 49 81
a 292 293 5 63
a 293 322 63 80
a 293 292 17 6
a 293 323 55 41
a 293 324 86 12
a 293 294 95 65
a 294 323 87 76
a 294 293 47 78
a 294 324 79 22
a 294 325 64 34
a 294 295 48 28
a 295 324 53 9
a 295 294 90 48
a 295 325 48 67
a 295 326 30 37
a 295 296 33 25
a 296 325 72 80
a 296 295 8 45
a 296 326 82 88
a 296 327 100 93
a 296 297 71 81
a 297 326 37 13
a 297 296 46 22
a 297 327 42 13
a 297 328 93 87
a 297 298 72 97
a 298 327 53 50
a 298 297 93 16
a 298 328 13 89
a 298 329 68 24
a 298 299 19 92
a 299 328 46 92
a 299 298 23 5
a 299 329 32 86
a 299 330 48 78
a 299 300 56 48
a 300 329 60 80
a 300 299 12 65
a 300 330 64 78
a 301 331 49 45
a 301 332 41 37
a 301 302 62 57
a 302 331 37 49
a 302 301 96 81
a 302 332 86 26
a 302 333 50 100
a 302 303 50 26
a 303 332 64 94
a 303 302 37 50
a 303 333 20 22
a 303 334 55 41
a 303 304 89 55
a 304 333 50 52
a 304 303 66 97
a 304 334 48 20
a 304 335 55 49
a 304 305 93 54
a 305 334 85 70
a 305 304 69 4
a 305 335 64 31
a 305 336 13 2
a 305 306 67 6
a 306 335 81 100
a 306 305 62 78
a 306 336 33 28
a 306 337 11 69
a 306 307 37 76
a 307 336 76 38
a 307 306 99 69
a 307 337 78 30
a 307 338 75 91
a 307 308 88 2
a 308 337 67 88
a 308 307 34 40
a 308 338 73 33
a 308 339 83 95
a 308 309 95 25
a 309 338 86 50
a 309 308 73 45
a 309 339 90 22
a 309 340 93 13
a 309 310 6 79
a 310 339 44 95
a 310 309 5 100
a 310 340 37 74
a 310 341 1 39
a 310 311 24 39
a 311 340 59 97
a 311 310 6 5
a 311 341 15 51
a 311 342 24 96
a 311 312 59 49
a 312 341 90 94
a 312 311 75 89
a 312 342 33 38
a 312 343 71 88
a 312 313 60 54
a 313 342 40 17
a 313 312 80 40
a 313 343 8 27
a 313 344 95 45
a 313 314 81 36
a 314 343 25 41
a 314 313 74 72
a 314 344 6 44
a 314 345 35 4
a 314 315 31 78
a 315 344 66 85
a 315 314 39 3
a 315 345 79 73
a 315 346 46 38
a 315 316 40 33
a 316 345 19 51
a 316 315 10 22
a 316 346 22 100
a 316 347 61 25
a 316 317 17 81
a 317 346 6 53
a 317 316 95 8
a 317 347 7 27
a 317 348 60 32
a 317 318 19 98
a 318 347 42 75
a 318 317 58 11
a 318 348 27 35
a 318 349 85 96
a 318 319 52 61
a 319 348 2 20
a 319 318 4 20
a 319 349 23 50
a 319 350 82 6
a 319 320 35 95
a 320 349 64 78
a 320 319 11 47
a 320 350 93 81
a 320 351 80 84
a 320 321 70 35
a 321 350 17 66
a 321 320 28 14
a 321 351 57 66
a 321 352 77 10
a 321 322 41 2
a 322 351 38 65
a 322 321 6 99
a 322 352 33 14
a 322 353 75 18
a 322 323 64 95
a 323 352 20 41
a 323 322 42 4
a 323 353 68 77
a 323 354 89 16
a 323 324 67 81
a 324 353 26 44
a 324 323 29 94
a 324 354 66 67
a 324 355 68 79
a 324 325 57 92
a 325 354 28 37
a 325 324 1 68
a 325 355 14 24
a 325 356 72 47
a 325 326 71 4
a 326 355 19 26
a 326 325 79 70
a 326 356 17 75
a 326 357 58 39
a 326 327 28 84
a 327 356 61 83
a 327 326 95 51
a 327 357 54 48
a 327 358 27 11
a 327 328 91 74
a 328 357 91 5
a 328 327 2 71
a 328 358 12 78
a 328 359 31 48
a 328 329 67 24
a 329 358 38 54
a 329 328 88 49
a 329 359 87 87
a 329 360 24 95
a 329 330 36 66
a 330 359 1 54
a 330 329 94 14
a 330 360 76 20
a 331 361 96 91
a 331 362 13 78
a 331 332 30 83
a 332 361 36 89
a 332 331 90 3
a 332 362 45 72
a 332 363 73 10
a 332 333 21 65
a 333 362 28 24
a 333 332 31 72
a 333 363 9 12
a 333 364 42 60
a 333 334 54 53
a 334 363 53 97
a 334 333 74 98
a 334 364 24 38
a 334 365 12 12
a 334 335 69 99
a 335 364 4 5
a 335 334 86 60
a 335 365 96 82
a 335 366 26 5
a 335 336 40 88
a 336 365 78 83
a 336 335 18 84
a 336 366 71 56
a 336 367 98 1
a 336 337 18 50
a 337 366 77 40
a 337 336 48 89
a 337 367 49 86
a 337 368 40 71
a 337 338 65 70
a 338 367 70 35
a 338 337 27 65
a 338 368 59 2
a 338 369 76 27
a 338 339 75 98
a 339 368 100 92
a 339 338 59 16
a 339 369 43 84
a 339 370 57 28
a 339 340 28 34
a 340 369 9 5
a 340 339 96 7
a 340 370 82 56
a 340 371 15 27
a 340 341 9 34
a 341 370 52 81
a 341 340 50 5
a 341 371 26 27
a 341 372 70 71
a 341 342 11 58
a 342 371 86 47
a 342 341 4 39
a 342 372 42 58
a 342 373 80 40
a 342 343 84 97
a 343 372 24 14
a 343 342 32 89
a 343 373 44 7
a 343 374 46 83
a 343 344 47 89
a 344 373 84 75
a 344 343 43 1
a 344 374 6 10
a 344 375 4 99
a 344 345 31 75
a 345 374 5 7
a 345 344 40 43
a 345 375 74 9
a 345 376 61 47
a 345 346 64 2
a 346 375 2 71
a 346 345 2 94
a 346 376 24 22
a 346 377 100 23
a 346 347 36 85
a 347 376 51 72
a 347 346 4 86
a 347 377 33 59
a 347 378 26 41
a 347 348 39 97
a 348 377 6 26
a 348 347 17 22
a 348 378 12 90
a 348 379 76 78
a 348 349 91 97
a 349 378 4 68
a 349 348 17 25
a 349 379 54 30
a 349 380 43 16
a 349 350 57 95
a 350 379 26 36
a 350 349 61 55
a 350 380 48 55
a 350 381 88 86
a 350 351 61 87
a 351 380 53 8
a 351 350 51 52
a 351 381 91 84
a 351 382 56 73
a 351 352 52 41
a 352 381 48 86
a 352 351 39 73
a 352 382 93 91
a 352 383 15 98
a 352 353 11 71
a 353 382 66 55
a 353 352 2 20
a 353 383 11 4
a 353 384 94 6
a 353 354 40 78
a 354 383 68 75
a 354 353 39 45
a 354 384 75 93
a 354 385 19 48
a 354 355 77 76
a 355 384 48 55
a 355 354 32 48
a 355 385 25 65
a 355 386 87 34
a 355 356 63 66
a 356 385 31 27
a 356 355 99 88
a 356 386 5 30
a 356 387 27 9
a 356 357 98 35
a 357 386 57 43
a 357 356 34 18
a 357 387 17 64
a 357 388 56 62
a 357 358 18 39
a 358 387 7 78
a 358 357 49 72
a 358 388 75 65
a 358 389 87 21
a 358 359 31 94
a 359 388 89 81
a 359 358 44 29
a 359 389 45 97
a 359 390 66 81
a 359 360 66 23
a 360 389 26 74
a 360 359 48 90
a 360 390 36 91
a 361 391 15 69
a 361 392 8 69
a 361 362 24 44
a 362 391 37 88
a 362 361 8 52
a 362 392 57 3
a 362 393 28 88
a 362 363 56 74
a 363 392 68 84
a 363 362 60 35
a 363 393 63 90
a 363 394 26 46
a 363 364 32 45
a 364 393 80 8
a 364 363 81 70
a 364 394 82 7
a 364 395 49 31
a 364 365 30 27
a 365 394 96 6
a 365 364 24 37
a 365 395 31 11
a 365 396 43 69
a 365 366 73 10
a 366 395 16 47
a 366 365 98 11
a 366 396 88 14
a 366 397 77 88
a 366 367 89 84
a 367 396 1 97
a 367 366 98 63
a 367 397 38 27
a 367 398 72 30
a 367 368 51 91
a 368 397 70 28
a 368 367 22 80
a 368 398 47 50
a 368 399 15 84
a 368 369 48 90
a 369 398 57 7
a 369 368 96 52
a 369 399 77 74
a 369 400 45 6
a 369 370 76 34
a 370 399 42 48
a 370 369 5 77
a 370 400 6 56
a 370 401 70 14
a 370 371 97 39
a 371 400 85 82
a 371 370 20 25
a 371 401 51 35
a 371 402 31 42
a 371 372 23 44
a 372 401 52 32
a 372 371 100 12
a 372 402 67 6
a 372 403 14 4
a 372 373 30 40
a 373 402 100 88
a 373 372 38 30
a 373 403 84 98
a 373 404 67 15
a 373 374 86 42
a 374 403 29 78
a 374 373 15 29
a 374 404 65 56
a 374 405 14 13
a 374 375 80 34
a 375 404 37 79
a 375 374 3 82
a 375 405 87 4
a 375 406 35 64
a 375 376 69 54
a 376 405 63 62
a 376 375 83 15
a 376 406 33 5
a 376 407 58 68
a 376 377 89 49
a 377 406 72 47
a 377 376 74 44
a 377 407 72 23
a 377 408 75 18
a 377 378 23 85
a 378 407 78 5
a 378 377 80 73
a 378 408 37 64
a 378 409 65 39
a 378 379 85 87
a 379 408 66 12
a 379 378 32 66
a 379 409 96 65
a 379 410 14 90
a 379 380 46 62
a 380 409 20 96
a 380 379 44 77
a 380 410 58 85
a 380 411 42 26
a 380 381 48 80
a 381 410 79 24
a 381 380 96 40
a 381 411 8 45
a 381 412 2 29
a 381 382 63 42
a 382 411 8 22
a 382 381 17 78
a 382 412 89 42
a 382 413 80 36
a 382 383 78 4
a 383 412 18 54
a 383 382 37 81
a 383 413 64 61
a 383 414 10 60
a 383 384 79 35
a 384 413 43 44
a 384 383 25 60
a 384 414 63 38
a 384 415 8 92
a 384 385 15 23
a 385 414 20 52
a 385 384 89 18
a 385 415 90 7
a 385 416 75 68
a 385 386 77 44
a 386 415 16 15
a 386 385 84 10
a 386 416 58 41
a 386 417 63 30
a 386 387 5 78
a 387 416 96 50
a 387 386 8 12
a 387 417 74 67
a 387 418 98 16
a 387 388 77 46
a 388 417 90 37
a 388 387 92 37
a 388 418 68 19
a 388 419 41 17
a 388 389 76 78
a 389 418 23 11
a 389 388 86 61
a 389 419 90 19
a 389 420 73 2
a 389 390 62 84
a 390 419 4 50
a 390 389 54 27
a 390 420 67 74
a 391 421 53 72
a 391 422 6 49
a 391 392 20 15
a 392 421 21 15
a 392 391 8 61
a 392 422 12 40
a 392 423 57 90
a 392 393 62 18
a 393 422 64 67
a 393 392 98 15
a 393 423 18 20
a 393 424 33 85
a 393 394 47 60
a 394 423 15 1
a 394 393 35 50
a 394 424 44 16
a 394 425 79 92
a 394 395 35 74
a 395 424 91 75
a 395 394 47 17
a 395 425 59 13
a 395 426 14 73
a 395 396 56 23
a 396 425 28 82
a 396 395 51 27
a 396 426 88 43
a 396 427 9 27
a 396 397 6 27
a 397 426 2 89
a 397 396 33 6
a 397 427 88 38
a 397 428 24 65
a 397 398 35 62
a 398 427 36 39
a 398 397 35 57
a 398 428 92 87
a 398 429 98 96
a 398 399 2 23
a 399 428 28 51
a 399 398 78 80
a 399 429 93 68
a 399 430 1 29
a 399 400 7 82
a 400 429 56 46
a 400 399 49 11
a 400 430 71 2
a 400 431 89 20
a 400 401 81 72
a 401 430 13 66
a 401 400 62 39
a 401 431 84 58
a 401 432 93 53
a 401 402 48 30
a 402 431 27 66
a 402 401 7 12
a 402 432 44 94
a 402 433 8 84
a 402 403 57 61
a 403 432 88 26
a 403 402 24 92
a 403 433 79 78
a 403 434 13 44
a 403 404 65 80
a 404 433 89 3
a 404 403 14 80
a 404 434 37 23
a 404 435 98 94
a 404 405 84 59
a 405 434 41 52
a 405 404 98 49
a 405 435 35 56
a 405 436 3 14
a 405 406 72 57
a 406 435 44 25
a 406 405 44 43
a 406 436 24 59
a 406 437 1 55
a 406 407 54 53
a 407 436 50 89
a 407 406 27 17
a 407 437 13 13
a 407 438 32 22
a 407 408 21 13
a 408 437 43 65
a 408 407 18 89
a 408 438 71 16
a 408 439 37 36
a 408 409 81 3
a 409 438 99 83
a 409 408 21 16
a 409 439 83 9
a 409 440 82 45
a 409 410 41 77
a 410 439 59 16
a 410 409 99 13
a 410 440 95 37
a 410 441 66 40
a 410 411 12 56
a 411 440 13 26
a 411 410 69 87
a 411 441 38 77
a 411 442 61 9
a 411 412 57 88
a 412 441 12 48
a 412 411 4 24
a 412 442 21 8
a 412 443 41 83
a 412 413 93 97
a 413 442 91 40
a 413 412 72 62
a 413 443 87 18
a 413 444 53 33
a 413 414 18 17
a 414 443 81 10
a 414 413 13 19
a 414 444 37 1
a 414 445 18 12
a 414 415 65 45
a 415 444 39 44
a 415 414 7 55
a 415 445 76 78
a 415 446 100 21
a 415 416 17 38
a 416 445 33 58
a 416 415 62 97
a 416 446 80 46
a 416 447 4 1
a 416 417 34 80
a 417 446 17 64
a 417 416 7 80
a 417 447 31 6
a 417 448 34 76
a 417 418 69 31
a 418 447 15 98
a 418 417 39 95
a 418 448 70 3
a 418 449 77 48
a 418 419 25 84
a 419 448 49 94
a 419 418 70 34
a 419 449 2 51
a 419 450 88 61
a 419 420 44 94
a 420 449 28 70
a 420 419 85 86
a 420 450 37 9
a 421 451 97 99
a 421 452 13 86
a 421 422 27 81
a 422 451 42 24
a 422 421 65 30
a 422 452 41 60
a 422 453 23 51
a 422 423 45 64
a 423 452 31 83
a 423 422 88 16
a 423 453 56 94
a 423 454 96 63
a 423 424 4 80
a 424 453 29 26
a 424 423 72 14
a 424 454 99 22
a 424 455 65 80
a 424 425 95 60
a 425 454 25 70
a 425 424 59 94
a 425 455 93 65
a 425 456 84 98
a 425 426 65 65
a 426 455 15 51
a 426 425 72 20
a 426 456 32 79
a 426 457 83 90
a 426 427 75 55
a 427 456 97 65
a 427 426 24 2
a 427 457 86 80
a 427 458 90 10
a 427 428 13 23
a 428 457 17 82
a 428 427 47 55
a 428 458 58 1
a 428 459 90 64
a 428 429 92 81
a 429 458 75 80
a 429 428 12 58
a 429 459 81 62
a 429 460 12 41
a 429 430 75 8
a 430 459 18 6
a 430 429 89 79
a 430 460 69 33
a 430 461 70 73
a 430 431 46 62
a 431 460 50 90
a 431 430 37 40
a 431 461 79 66
a 431 462 34 37
a 431 432 34 46
a 432 461 91 45
a 432 431 30 15
a 432 462 64 83
a 432 463 56 66
a 432 433 30 77
a 433 462 49 59
a 433 432 21 19
a 433 463 13 63
a 433 464 80 79
a 433 434 100 52
a 434 463 67 53
a 434 433 12 59
a 434 464 1 7
a 434 465 15 61
a 434 435 24 100
a 435 464 51 76
a 435 434 67 45
a 435 465 21 99
a 435 466 18 34
a 435 436 50 73
a 436 465 17 7
a 436 435 56 7
a 436 466 91 86
a 436 467 41 8
a 436 437 2 12
a 437 466 33 81
a 437 436 48 16
a 437 467 27 34
a 437 468 44 9
a 437 438 35 68
a 438 467 8 9
a 438 437 7 99
a 438 468 83 67
a 438 469 4 83
a 438 439 60 2
a 439 468 83 18
a 439 438 33 3
a 439 469 85 64
a 439 470 1 84
a 439 440 84 52
a 440 469 29 56
a 440 439 88 93
a 440 470 82 23
a 440 471 15 97
a 440 441 7 80
a 441 470 78 53
a 441 440 33 2
a 441 471 44 56
a 441 472 31 78
a 441 442 48 87
a 442 471 83 12
a 442 441 83 99
a 442 472 87 45
a 442 473 83 91
a 442 443 50 21
a 443 472 60 65
a 443 442 39 19
a 443 473 98 14
a 443 474 69 69
a 443 444 44 58
a 444 473 100 82
a 444 443 68 98
a 444 474 64 7
a 444 475 51 94
a 444 445 11 99
a 445 474 28 59
a 445 444 66 27
a 445 475 29 22
a 445 476 13 100
a 445 446 19 79
a 446 475 24 12
a 446 445 24 40
a 446 476 39 65
a 446 477 66 54
a 446 447 36 38
a 447 476 89 38
a 447 446 32 60
a 447 477 74 23
a 447 478 32 17
a 447 448 16 59
a 448 477 48 84
a 448 447 21 44
a 448 478 79 16
a 448 479 19 57
a 448 449 85 22
a 449 478 12 9
a 449 448 28 14
a 449 479 31 93
a 449 480 89 38
a 449 450 88 33
a 450 479 28 87
a 450 449 96 77
a 450 480 16 19
a 451 481 11 34
a 451 482 19 4
a 451 452 51 29
a 452 481 96 54
a 452 451 94 73
a 452 482 59 74
a 452 483 92 72
a 452 453 57 50
a 453 482 46 15
a 453 452 61 42
a 453 483 15 39
a 453 484 57 82
a 453 454 93 21
a 454 483 41 64
a 454 453 36 83
a 454 484 55 17
a 454 485 28 29
a 454 455 54 11
a 455 484 60 33
a 455 454 65 41
a 455 485 52 70
a 455 486 25 22
a 455 456 7 89
a 456 485 11 84
a 456 455 62 43
a 456 486 97 21
a 456 487 66 8
a 456 457 23 50
a 457 486 20 28
a 457 456 46 32
a 457 487 60 95
a 457 488 53 24
a 457 458 55 43
a 458 487 32 26
a 458 457 83 62
a 458 488 98 45
a 458 489 10 20
a 458 459 2 43
a 459 488 65 30
a 459 458 82 72
a 459 489 35 64
a 459 490 25 2
a 459 460 25 58
a 460 489 32 64
a 460 459 74 1
a 460 490 44 87
a 460 491 33 46
a 460 461 14 46
a 461 490 23 88
a 461 460 83 34
a 461 491 27 55
a 461 492 19 82
a 461 462 48 5
a 462 491 26 6
a 462 461 59 32
a 462 492 86 3
a 462 493 66 11
a 462 463 100 98
a 463 492 92 94
a 463 462 86 21
a 463 493 50 65
a 463 494 10 87
a 463 464 68 4
a 464 493 58 41
a 464 463 78 73
a 464 494 92 99
a 464 495 74 47
a 464 465 12 8
a 465 494 23 11
a 465 464 20 26
a 465 495 99 79
a 465 496 72 79
a 465 466 70 99
a 466 495 32 29
a 466 465 99 39
a 466 496 39 89
a 466 497 84 30
a 466 467 25 1
a 467 496 11 29
a 467 466 6 8
a 467 497 52 89
a 467 498 2 76
a 467 468 27 75
a 468 497 53 48
a 468 467 70 90
a 468 498 97 56
a 468 499 78 91
a 468 469 74 89
a 469 498 79 56
a 469 468 58 42
a 469 499 22 47
a 469 500 94 60
a 469 470 57 90
a 470 499 45 99
a 470 469 47 33
a 470 500 24 38
a 470 501 9 16
a 470 471 62 54
a 471 500 33 95
a 471 470 55 72
a 471 501 57 92
a 471 502 41 76
a 471 472 48 11
a 472 501 62 53
a 472 471 38 82
a 472 502 41 49
a 472 503 85 72
a 472 473 71 79
a 473 502 73 85
a 473 472 54 49
a 473 503 68 99
a 473 504 54 25
a 473 474 82 86
a 474 503 28 76
a 474 473 93 27
a 474 504 5 41
a 474 505 41 75
a 474 475 7 1
a 475 504 61 72
a 475 474 7 75
a 475 505 62 29
a 475 506 91 75
a 475 476 68 87
a 476 505 10 36
a 476 475 18 1
a 476 506 3 38
a 476 507 38 12
a 476 477 55 12
a 477 506 75 36
a 477 476 40 43
a 477 507 43 38
a 477 508 34 56
a 477 478 14 6
a 478 507 92 91
a 478 477 41 74
a 478 508 9 23
a 478 509 39 46
a 478 479 97 32
a 479 508 47 56
a 479 478 32 5
a 479 509 30 4
a 479 510 49 87
a 479 480 8 36
a 480 509 55 99
a 480 479 70 1
a 480 510 5 46
a 481 511 92 9
a 481 512 32 15
a 481 482 90 58
a 482 511 96 91
a 482 481 39 37
a 482 512 12 2
a 482 513 58 17
a 482 483 42 51
a 483 512 89 95
a 483 482 75 4
a 483 513 13 33
a 483 514 11 55
a 483 484 96 51
a 484 513 90 5
a 484 483 10 93
a 484 514 20 74
a 484 515 58 4
a 484 485 70 80
a 485 514 24 42
a 485 484 82 5
a 485 515 81 69
a 485 516 48 62
a 485 486 7 32
a 486 515 99 40
a 486 485 84 95
a 486 516 9 34
a 486 517 22 40
a 486 487 74 59
a 487 516 45 48
a 487 486 4 24
a 487 517 100 1
a 487 518 88 58
a 487 488 66 59
a 488 517 37 97
a 488 487 29 26
a 488 518 91 8
a 488 519 50 9
a 488 489 78 12
a 489 518 9 33
a 489 488 68 12
a 489 519 78 89
a 489 520 57 40
a 489 490 69 50
a 490 519 82 19
a 490 489 94 84
a 490 520 50 91
a 490 521 14 48
a 490 491 30 47
a 491 520 63 70
a 491 490 31 79
a 491 521 87 18
a 491 522 51 48
a 491 492 73 26
a 492 521 80 97
a 492 491 36 31
a 492 522 68 59
a 492 523 52 77
a 492 493 51 24
a 493 522 15 98
a 493 492 15 30
a 493 523 9 35
a 493 524 99 34
a 493 494 32 6
a 494 523 78 49
a 494 493 71 60
a 494 524 18 99
a 494 525 22 55
a 494 495 89 27
a 495 524 63 56
a 495 494 8 31
a 495 525 52 30
a 495 526 1 24
a 495 496 82 35
a 496 525 3 56
a 496 495 43 4
a 496 526 96 52
a 496 527 44 13
a 496 497 86 57
a 497 526 33 71
a 497 496 79 71
a 497 527 61 2
a 497 528 33 36
a 497 498 100 11
a 498 527 42 18
a 498 497 45 83
a 498 528 13 24
a 498 529 30 7
a 498 499 36 20
a 499 528 65 46
a 499 498 49 26
a 499 529 85 61
a 499 530 97 30
a 499 500 76 30
a 500 529 85 40
a 500 499 61 52
a 500 530 30 21
a 500 531 84 48
a 500 501 7 25
a 501 530 96 33
a 501 500 57 84
a 501 531 21 70
a 501 532 91 26
a 501 502 58 64
a 502 531 4 66
a 502 501 19 56
a 502 532 14 4
a 502 533 2 15
a 502 503 76 87
a 503 532 17 85
a 503 502 52 67
a 503 533 52 12
a 503 534 11 64
a 503 504 2 34
a 504 533 98 76
a 504 503 99 18
a 504 534 72 6
a 504 535 68 74
a 504 505 22 42
a 505 534 59 67
a 505 504 87 55
a 505 535 41 59
a 505 536 96 69
a 505 506 37 13
a 506 535 99 25
a 506 505 3 87
a 506 536 49 46
a 506 537 39 75
a 506 507 53 24
a 507 536 81 35
a 507 506 18 99
a 507 537 71 88
a 507 538 92 75
a 507 508 42 19
a 508 537 3 57
a 508 507 13 32
a 508 538 13 26
a 508 539 62 55
a 508 509 77 64
a 509 538 71 88
a 509 508 99 81
a 509 539 10 52
a 509 540 17 29
a 509 510 2 86
a 510 539 69 52
a 510 509 42 92
a 510 540 37 24
a 511 541 88 98
a 511 542 28 96
a 511 512 87 97
a 512 541 16 62
a 512 511 25 6
a 512 542 24 4
a 512 543 76 30
a 512 513 48 27
a 513 542 79 70
a 513 512 79 25
a 513 543 34 48
a 513 544 81 80
a 513 514 12 96
a 514 543 55 92
a 514 513 14 45
a 514 544 85 94
a 514 545 4 32
a 514 515 82 100
a 515 544 82 68
a 515 514 43 72
a 515 545 18 57
a 515 546 18 72
a 515 516 46 66
a 516 545 61 77
a 516 515 82 69
a 516 546 96 1
a 516 547 71 90
a 516 517 80 15
a 517 546 69 25
a 517 516 94 5
a 517 547 51 34
a 517 548 20 16
a 517 518 94 11
a 518 547 19 73
a 518 517 21 67
a 518 548 67 37
a 518 549 48 45
a 518 519 87 35
a 519 548 71 21
a 519 518 100 81
a 519 549 7 48
a 519 550 78 80
a 519 520 96 11
a 520 549 42 66
a 520 519 66 77
a 520 550 59 43
a 520 551 2 11
a 520 521 44 52
a 521 550 99 61
a 521 520 55 31
a 521 551 75 35
a 521 552 8 75
a 521 522 56 2
a 522 551 69 29
a 522 521 25 89
a 522 552 22 49
a 522 553 58 8
a 522 523 40 55
a 523 552 47 16
a 523 522 55 17
a 523 553 26 77
a 523 554 2 85
a 523 524 91 59
a 524 553 40 93
a 524 523 69 48
a 524 554 85 35
a 524 555 67 8
a 524 525 58 12
a 525 554 5 53
a 525 524 46 73
a 525 555 22 38
a 525 556 77 76
a 525 526 12 19
a 526 555 19 77
a 526 525 98 14
a 526 556 3 80
a 526 557 37 92
a 526 527 30 80
a 527 556 97 87
a 527 526 56 19
a 527 557 64 84
a 527 558 14 81
a 527 528 55 46
a 528 557 5 51
a 528 527 20 41
a 528 558 50 63
a 528 559 39 66
a 528 529 83 78
a 529 558 40 16
a 529 528 71 55
a 529 559 95 36
a 529 560 42 40
a 529 530 24 42
a 530 559 96 27
a 530 529 6 71
a 530 560 65 34
a 530 561 83 40
a 530 531 29 36
a 531 560 29 97
a 531 530 90 36
a 531 561 96 27
a 531 562 38 56
a 531 532 25 75
a 532 561 87 35
a 532 531 43 83
a 532 562 75 92
a 532 563 44 32
a 532 533 41 15
a 533 562 82 48
a 533 532 60 83
a 533 563 53 23
a 533 564 57 98
a 533 534 54 88
a 534 563 95 48
a 534 533 26 24
a 534 564 55 54
a 534 565 94 29
a 534 535 50 44
a 535 564 58 50
a 535 534 49 11
a 535 565 31 57
a 535 566 52 77
a 535 536 38 100
a 536 565 59 74
a 536 535 4 48
a 536 566 97 59
a 536 567 29 10
a 536 537 70 66
a 537 566 30 96
a 537 536 12 18
a 537 567 50 60
a 537 568 46 19
a 537 538 4 61
a 538 567 90 34
a 538 537 47 75
a 538 568 33 46
a 538 569 35 17
a 538 539 98 73
a 539 568 49 37
a 539 538 96 46
a 539 569 17 24
a 539 570 20 84
a 539 540 100 46
a 540 569 50 56
a 540 539 6 44
a 540 570 56 70
a 541 571 17 9
a 541 572 78 62
a 541 542 57 10
a 542 571 57 51
a 542 541 75 2
a 542 572 76 56
a 542 573 61 43
a 542 543 28 49
a 543 572 57 54
a 543 542 24 29
a 543 573 46 96
a 543 574 61 54
a 543 544 80 89
a 544 573 59 87
a 544 543 62 57
a 544 574 94 87
a 544 575 3 98
a 544 545 75 35
a 545 574 82 21
a 545 544 80 98
a 545 575 100 30
a 545 576 88 21
a 545 546 53 19
a 546 575 23 68
a 546 545 46 70
a 546 576 95 68
a 546 577 66 42
a 546 547 27 67
a 547 576 50 59
a 547 546 89 11
a 547 577 91 2
a 547 578 30 74
a 547 548 64 73
a 548 577 13 86
a 548 547 94 69
a 548 578 63 3
a 548 579 25 29
a 548 549 7 73
a 549 578 95 94
a 549 548 55 27
a 549 579 84 36
a 549 580 21 16
a 549 550 61 80
a 550 579 31 26
a 550 549 11 6
a 550 580 34 88
a 550 581 20 4
a 550 551 10 6
a 551 580 8 72
a 551 550 89 91
a 551 581 98 38
a 551 582 29 8
a 551 552 90 1
a 552 581 40 84
a 552 551 84 83
a 552 582 59 30
a 552 583 63 17
a 552 553 43 3
a 553 582 12 10
a 553 552 68 33
a 553 583 53 56
a 553 584 39 11
a 553 554 94 69
a 554 583 56 64
a 554 553 99 16
a 554 584 45 50
a 554 585 28 44
a 554 555 79 50
a 555 584 94 62
a 555 554 59 42
a 555 585 88 2
a 555 586 28 68
a 555 556 98 5
a 556 585 7 59
a 556 555 30 2
a 556 586 43 4
a 556 587 81 7
a 556 557 33 6
a 557 586 36 83
a 557 556 41 3
a 557 587 100 81
a 557 588 15 11
a 557 558 83 96
a 558 587 48 40
a 558 557 62 18
a 558 588 88 15
a 558 589 10 64
a 558 559 17 13
a 559 588 55 20
a 559 558 3 46
a 559 589 31 14
a 559 590 36 24
a 559 560 54 93
a 560 589 90 78
a 560 559 83 25
a 560 590 60 8
a 560 591 5 62
a 560 561 38 82
a 561 590 52 17
a 561 560 70 23
a 561 591 19 75
a 561 592 43 91
a 561 562 58 72
a 562 591 43 82
a 562 561 56 41
a 562 592 42 14
a 562 593 4 53
a 562 563 3 65
a 563 592 14 62
a 563 562 76 23
a 563 593 90 92
a 563 594 54 46
a 563 564 60 36
a 564 593 70 39
a 564 563 66 59
a 564 594 98 98
a 564 595 79 78
a 564 565 9 18
a 565 594 81 74
a 565 564 86 67
a 565 595 11 21
a 565 596 28 53
a 565 566 21 59
a 566 595 87 6
a 566 565 96 68
a 566 596 94 85
a 566 597 57 35
a 566 567 91 86
a 567 596 26 20
a 567 566 87 14
a 567 597 34 6
a 567 598 35 55
a 567 568 75 71
a 568 597 72 88
a 568 567 10 62
a 568 598 50 63
a 568 599 18 24
a 568 569 77 45
a 569 598 76 25
a 569 568 5 68
a 569 599 15 13
a 569 600 85 40
a 569 570 37 26
a 570 599 14 67
a 570 569 71 67
a 570 600 29 83
a 571 601 43 35
a 571 602 11 82
a 571 572 39 34
a 572 601 38 26
a 572 571 57 33
a 572 602 82 47
a 572 603 58 50
a 572 573 66 68
a 573 602 96 66
a 573 572 44 26
a 573 603 1 26
a 573 604 43 21
a 573 574 49 81
a 574 603 96 50
a 574 573 8 12
a 574 604 81 38
a 574 605 69 69
a 574 575 75 96
a 575 604 99 90
a 575 574 10 46
a 575 605 47 46
a 575 606 75 90
a 575 576 39 46
a 576 605 65 12
a 576 575 6 54
a 576 606 85 69
a 576 607 40 75
a 576 577 37 10
a 577 606 93 45
a 577 576 85 63
a 577 607 71 58
a 577 608 42 95
a 577 578 25 28
a 578 607 82 72
a 578 577 75 1
a 578 608 48 5
a 578 609 63 33
a 578 579 44 85
a 579 608 45 90
a 579 578 48 76
a 579 609 8 45
a 579 610 32 64
a 579 580 82 20
a 580 609 44 32
a 580 579 98 52
a 580 610 32 61
a 580 611 73 8
a 580 581 31 98
a 581 610 74 25
a 581 580 49 67
a 581 611 99 69
a 581 612 44 36
a 581 582 62 27
a 582 611 15 67
a 582 581 32 12
a 582 612 22 35
a 582 613 5 52
a 582 583 77 80
a 583 612 89 4
a 583 582 83 72
a 583 613 88 93
a 583 614 14 96
a 583 584 17 87
a 584 613 62 4
a 584 583 49 15
a 584 614 56 77
a 584 615 6 31
a 584 585 67 85
a 585 614 95 67
a 585 584 65 85
a 585 615 76 41
a 585 616 43 59
a 585 586 54 22
a 586 615 15 12
a 586 585 62 28
a 586 616 66 20
a 586 617 25 57
a 586 587 55 13
a 587 616 29 71
a 587 586 55 19
a 587 617 61 34
a 587 618 59 53
a 587 588 98 18
a 588 617 75 9
a 588 587 30 33
a 588 618 37 54
a 588 619 76 88
a 588 589 3 11
a 589 618 10 87
a 589 588 86 61
a 589 619 5 72
a 589 620 57 65
a 589 590 20 82
a 590 619 78 28
a 590 589 88 39
a 590 620 92 56
a 590 621 38 90
a 590 591 1 40
a 591 620 62 92
a 591 590 70 37
a 591 621 56 65
a 591 622 9 95
a 591 592 6 63
a 592 621 7 27
a 592 591 74 72
a 592 622 40 66
a 592 623 10 92
a 592 593 88 56
a 593 622 26 27
a 593 592 52 96
a 593 623 41 32
a 593 624 22 8
a 593 594 89 96
a 594 623 86 21
a 594 593 33 59
a 594 624 99 3
a 594 625 16 48
a 594 595 82 31
a 595 624 60 68
a 595 594 1 31
a 595 625 25 92
a 595 626 11 52
a 595 596 93 68
a 596 625 80 51
a 596 595 85 100
a 596 626 25 25
a 596 627 66 63
a 596 597 94 25
a 597 626 45 59
a 597 596 16 56
a 597 627 48 8
a 597 628 82 17
a 597 598 39 97
a 598 627 15 59
a 598 597 12 64
a 598 628 15 47
a 598 629 40 87
a 598 599 12 14
a 599 628 82 19
a 599 598 75 56
a 599 629 29 18
a 599 630 24 53
a 599 600 53 49
a 600 629 31 72
a 600 599 87 51
a 600 630 5 99
a 601 631 7 26
a 601 632 27 29
a 601 602 44 84
a 602 631 45 55
a 602 601 16 99
a 602 632 40 83
a 602 633 65 1
a 602 603 50 81
a 603 632 36 42
a 603 602 39 85
a 603 633 12 64
a 603 634 46 85
a 603 604 51 65
a 604 633 97 34
a 604 603 90 1
a 604 634 82 19
a 604 635 3 31
a 604 605 98 37
a 605 634 36 41
a 605 604 48 42
a 605 635 9 73
a 605 636 36 42
a 605 606 71 27
a 606 635 58 9
a 606 605 33 37
a 606 636 99 16
a 606 637 13 26
a 606 607 86 4
a 607 636 28 10
a 607 606 68 97
a 607 637 14 52
a 607 638 86 11
a 607 608 26 37
a 608 637 56 47
a 608 607 86 41
a 608 638 15 96
a 608 639 75 29
a 608 609 99 10
a 609 638 99 100
a 609 608 100 93
a 609 639 99 80
a 609 640 15 16
a 609 610 9 44
a 610 639 98 67
a 610 609 84 47
a 610 640 100 87
a 610 641 12 100
a 610 611 2 52
a 611 640 40 45
a 611 610 87 25
a 611 641 46 7
a 611 642 64 6
a 611 612 94 88
a 612 641 85 62
a 612 611 55 64
a 612 642 27 33
a 612 643 28 22
a 612 613 39 12
a 613 642 82 23
a 613 612 16 93
a 613 643 3 17
a 613 644 53 26
a 613 614 15 97
a 614 643 86 37
a 614 613 23 55
a 614 644 89 42
a 614 645 53 48
a 614 615 20 24
a 615 644 50 98
a 615 614 87 66
a 615 645 91 88
a 615 646 80 10
a 615 616 66 28
a 616 645 100 90
a 616 615 32 58
a 616 646 52 84
a 616 647 29 8
a 616 617 36 60
a 617 646 4 80
a 617 616 9 75
a 617 647 78 7
a 617 648 21 65
a 617 618 58 74
a 618 647 2 29
a 618 617 43 87
a 618 648 91 43
a 618 649 30 7
a 618 619 31 96
a 619 648 90 74
a 619 618 32 21
a 619 649 21 41
a 619 650 31 80
a 619 620 2 7
a 620 649 95 27
a 620 619 58 72
a 620 650 36 69
a 620 651 13 92
a 620 621 95 60
a 621 650 53 99
a 621 620 36 21
a 621 651 97 14
a 621 652 31 7
a 621 622 28 41
a 622 651 15 42
a 622 621 12 40
a 622 652 29 24
a 622 653 52 61
a 622 623 85 10
a 623 652 66 16
a 623 622 60 69
a 623 653 77 5
a 623 654 95 29
a 623 624 3 43
a 624 653 79 50
a 624 623 83 50
a 624 654 62 86
a 624 655 72 48
a 624 625 98 47
a 625 654 33 66
a 625 624 65 69
a 625 655 80 34
a 625 656 90 29
a 625 626 86 89
a 626 655 30 9
a 626 625 20 81
a 626 656 46 41
a 626 657 50 60
a 626 627 49 95
a 627 656 98 52
a 627 626 62 19
a 627 657 72 76
a 627 658 70 81
a 627 628 23 25
a 628 657 88 19
a 628 627 91 59
a 628 658 77 36
a 628 659 30 71
a 628 629 87 35
a 629 658 89 13
a 629 628 57 50
a 629 659 10 95
a 629 660 89 34
a 629 630 69 40
a 630 659 39 44
a 630 629 28 51
a 630 660 58 22
a 631 661 66 76
a 631 662 74 48
a 631 632 16 37
a 632 661 21 23
a 632 631 19 19
a 632 662 30 12
a 632 663 14 72
a 632 633 32 90
a 633 662 33 5
a 633 632 71 81
a 633 663 6 29
a 633 664 78 70
a 633 634 16 5
a 634 663 73 36
a 634 633 98 92
a 634 664 65 69
a 634 665 40 6
a 634 635 86 59
a 635 664 85 12
a 635 634 2 43
a 635 665 55 46
a 635 666 93 44
a 635 636 64 9
a 636 665 13 78
a 636 635 25 94
a 636 666 75 25
a 636 667 74 9
a 636 637 11 56
a 637 666 41 79
a 637 636 66 58
a 637 667 36 70
a 637 668 10 71
a 637 638 95 62
a 638 667 8 53
a 638 637 59 1
a 638 668 33 48
a 638 669 18 33
a 638 639 74 37
a 639 668 79 30
a 639 638 27 55
a 639 669 37 3
a 639 670 98 94
a 639 640 24 37
a 640 669 22 7
a 640 639 40 47
a 640 670 91 2
a 640 671 30 6
a 640 641 1 72
a 641 670 45 49
a 641 640 22 43
a 641 671 62 85
a 641 672 88 24
a 641 642 33 98
a 642 671 16 98
a 642 641 65 90
a 642 672 80 56
a 642 673 2 56
a 642 643 44 61
a 643 672 57 18
a 643 642 2 77
a 643 673 4 36
a 643 674 43 53
a 643 644 56 20
a 644 673 14 44
a 644 643 29 69
a 644 674 60 61
a 644 675 94 24
a 644 645 74 68
a 645 674 31 59
a 645 644 88 4
a 645 675 20 95
a 645 676 94 47
a 645 646 99 2
a 646 675 57 98
a 646 645 5 4
a 646 676 19 1
a 646 677 5 18
a 646 647 96 99
a 647 676 62 12
a 647 646 86 43
a 647 677 24 97
a 647 678 76 34
a 647 648 87 14
a 648 677 67 45
a 648 647 100 88
a 648 678 57 18
a 648 679 2 51
a 648 649 24 47
a 649 678 48 3
a 649 648 68 56
a 649 679 92 59
a 649 680 9 23
a 649 650 96 85
a 650 679 20 43
a 650 649 32 89
a 650 680 47 57
a 650 681 85 70
a 650 651 88 98
a 651 680 81 7
a 651 650 27 73
a 651 681 25 39
a 651 682 77 13
a 651 652 77 99
a 652 681 26 40
a 652 651 90 89
a 652 682 69 96
a 652 683 46 2
a 652 653 32 7
a 653 682 12 46
a 653 652 3 14
a 653 683 14 96
a 653 684 59 2
a 653 654 5 78
a 654 683 8 74
a 654 653 36 86
a 654 684 26 29
a 654 685 18 86
a 654 655 33 49
a 655 684 42 26
a 655 654 48 22
a 655 685 72 20
a 655 686 6 33
a 655 656 51 58
a 656 685 92 85
a 656 655 29 88
a 656 686 42 51
a 656 687 71 45
a 656 657 33 54
a 657 686 95 56
a 657 656 25 9
a 657 687 64 92
a 657 688 97 50
a 657 658 41 17
a 658 687 28 13
a 658 657 1 34
a 658 688 15 82
a 658 689 27 82
a 658 659 45 84
a 659 688 78 79
a 659 658 22 65
a 659 689 12 76
a 659 690 13 3
a 659 660 45 88
a 660 689 61 41
a 660 659 15 28
a 660 690 7 16
a 661 691 36 61
a 661 692 34 82
a 661 662 25 82
a 662 691 16 45
a 662 661 90 21
a 662 692 85 50
a 662 693 54 81
a 662 663 15 40
a 663 692 17 41
a 663 662 85 47
a 663 693 45 8
a 663 694 20 53
a 663 664 50 5
a 664 693 31 19
a 664 663 18 15
a 664 694 46 59
a 664 695 70 68
a 664 665 15 91
a 665 694 67 19
a 665 664 58 38
a 665 695 21 24
a 665 696 48 55
a 665 666 46 17
a 666 695 79 82
a 666 665 34 52
a 666 696 85 51
a 666 697 82 98
a 666 667 42 42
a 667 696 80 75
a 667 666 3 100
a 667 697 51 28
a 667 698 49 85
a 667 668 88 71
a 668 697 11 15
a 668 667 41 63
a 668 698 10 88
a 668 699 30 82
a 668 669 63 41
a 669 698 62 52
a 669 668 74 81
a 669 699 27 79
a 669 700 58 29
a 669 670 86 97
a 670 699 80 89
a 670 669 29 15
a 670 700 62 21
a 670 701 19 79
a 670 671 45 11
a 671 700 4 72
a 671 670 46 72
a 671 701 26 42
a 671 702 55 86
a 671 672 24 5
a 672 701 10 36
a 672 671 98 80
a 672 702 28 34
a 672 703 10 11
a 672 673 52 13
a 673 702 86 98
a 673 672 65 43
a 673 703 54 1
a 673 704 30 64
a 673 674 69 92
a 674 703 57 52
a 674 673 40 80
a 674 704 29 24
a 674 705 43 13
a 674 675 82 37
a 675 704 53 3
a 675 674 1 80
a 675 705 67 72
a 675 706 100 84
a 675 676 4 60
a 676 705 3 51
a 676 675 76 60
a 676 706 30 87
a 676 707 31 1
a 676 677 77 58
a 677 706 58 64
a 677 676 83 8
a 677 707 61 71
a 677 708 6 33
a 677 678 71 15
a 678 707 98 16
a 678 677 7 81
a 678 708 100 22
a 678 709 56 72
a 678 679 95 28
a 679 708 93 61
a 679 678 100 95
a 679 709 31 7
a 679 710 19 78
a 679 680 40 58
a 680 709 66 3
a 680 679 16 82
a 680 710 81 85
a 680 711 39 68
a 680 681 59 34
a 681 710 27 80
a 681 680 52 83
a 681 711 72 11
a 681 712 100 52
a 681 682 97 29
a 682 711 53 62
a 682 681 33 20
a 682 712 81 1
a 682 713 12 99
a 682 683 64 92
a 683 712 33 69
a 683 682 53 60
a 683 713 38 42
a 683 714 87 24
a 683 684 50 29
a 684 713 2 82
a 684 683 98 8
a 684 714 80 64
a 684 715 30 81
a 684 685 64 67
a 685 714 79 22
a 685 684 69 61
a 685 715 48 95
a 685 716 32 10
a 685 686 94 24
a 686 715 68 28
a 686 685 50 10
a 686 716 86 55
a 686 717 9 73
a 686 687 22 87
a 687 716 82 20
a 687 686 93 95
a 687 717 60 40
a 687 718 9 16
a 687 688 70 50
a 688 717 11 80
a 688 687 18 27
a 688 718 72 45
a 688 719 14 35
a 688 689 20 68
a 689 718 26 7
a 689 688 88 10
a 689 719 74 29
a 689 720 90 21
a 689 690 27 17
a 690 719 26 74
a 690 689 35 22
a 690 720 79 100
a 691 721 6 11
a 691 722 49 70
a 691 692 80 80
a 692 721 35 33
a 692 691 1 16
a 692 722 46 35
a 692 723 27 48
a 692 693 13 80
a 693 722 19 100
a 693 692 83 23
a 693 723 91 62
a 693 724 7 91
a 693 694 36 96
a 694 723 94 89
a 694 693 84 74
a 694 724 17 65
a 694 725 83 33
a 694 695 25 56
a 695 724 96 1
a 695 694 51 39
a 695 725 8 70
a 695 726 58 87
a 695 696 14 29
a 696 725 44 78
a 696 695 53 89
a 696 726 98 31
a 696 727 23 28
a 696 697 27 27
a 697 726 79 62
a 697 696 36 30
a 697 727 31 86
a 697 728 25 66
a 697 698 56 27
a 698 727 8 6
a 698 697 18 33
a 698 728 40 51
a 698 729 7 96
a 698 699 33 12
a 699 728 33 12
a 699 698 63 39
a 699 729 49 28
a 699 730 33 17
a 699 700 96 100
a 700 729 73 59
a 700 699 4 22
a 700 730 33 96
a 700 731 14 44
a 700 701 52 70
a 701 730 28 16
a 701 700 84 93
a 701 731 78 26
a 701 732 100 71
a 701 702 19 22
a 702 731 27 55
a 702 701 54 91
a 702 732 92 25
a 702 733 10 76
a 702 703 91 30
a 703 732 52 94
a 703 702 21 1
a 703 733 80 27
a 703 734 68 17
a 703 704 67 41
a 704 733 47 51
a 704 703 91 76
a 704 734 74 84
a 704 735 12 38
a 704 705 17 45
a 705 734 8 5
a 705 704 99 15
a 705 735 43 7
a 705 736 85 93
a 705 706 9 97
a 706 735 97 9
a 706 705 48 46
a 706 736 23 39
a 706 737 22 76
a 706 707 15 57
a 707 736 32 41
a 707 706 65 68
a 707 737 86 63
a 707 738 33 48
a 707 708 52 22
a 708 737 33 19
a 708 707 32 4
a 708 738 86 8
a 708 739 18 56
a 708 709 76 64
a 709 738 45 80
a 709 708 59 63
a 709 739 80 96
a 709 740 79 23
a 709 710 90 46
a 710 739 39 53
a 710 709 62 75
a 710 740 54 1
a 710 741 72 62
a 710 711 14 65
a 711 740 1 74
a 711 710 90 71
a 711 741 94 15
a 711 742 16 64
a 711 712 56 17
a 712 741 24 100
a 712 711 22 23
a 712 742 64 87
a 712 743 100 67
a 712 713 50 59
a 713 742 77 59
a 713 712 51 5
a 713 743 2 69
a 713 744 70 82
a 713 714 70 96
a 714 743 41 38
a 714 713 1 38
a 714 744 3 72
a 714 745 35 26
a 714 715 92 88
a 715 744 29 47
a 715 714 78 11
a 715 745 85 20
a 715 746 33 14
a 715 716 36 4
a 716 745 70 90
a 716 715 22 18
a 716 746 100 60
a 716 747 18 45
a 716 717 5 67
a 717 746 79 97
a 717 716 73 75
a 717 747 14 89
a 717 748 73 73
a 717 718 21 98
a 718 747 7 7
a 718 717 89 46
a 718 748 64 59
a 718 749 94 23
a 718 719 30 27
a 719 748 4 3
a 719 718 49 19
a 719 749 82 79
a 719 750 34 18
a 719 720 2 72
a 720 749 72 84
a 720 719 43 70
a 720 750 11 5
a 721 751 5 57
a 721 752 42 60
a 721 722 48 78
a 722 751 60 95
a 722 721 80 38
a 722 752 71 38
a 722 753 67 19
a 722 723 38 47
a 723 752 64 87
a 723 722 82 4
a 723 753 8 47
a 723 754 24 92
a 723 724 4 78
a 724 753 73 61
a 724 723 55 46
a 724 754 35 12
a 724 755 50 36
a 724 725 60 36
a 725 754 7 74
a 725 724 84 80
a 725 755 98 27
a 725 756 76 11
a 725 726 22 100
a 726 755 26 65
a 726 725 68 54
a 726 756 97 92
a 726 757 85 97
a 726 727 99 18
a 727 756 67 54
a 727 726 98 66
a 727 757 55 61
a 727 758 16 15
a 727 728 10 82
a 728 757 13 40
a 728 727 94 63
a 728 758 55 7
a 728 759 82 60
a 728 729 54 21
a 729 758 67 34
a 729 728 30 30
a 729 759 7 46
a 729 760 50 22
a 729 730 88 89
a 730 759 91 63
a 730 729 83 93
a 730 760 6 51
a 730 761 61 79
a 730 731 27 19
a 731 760 75 9
a 731 730 7 62
a 731 761 25 72
a 731 762 21 11
a 731 732 50 86
a 732 761 85 2
a 732 731 53 69
a 732 762 33 61
a 732 763 59 88
a 732 733 22 8
a 733 762 89 88
a 733 732 47 40
a 733 763 23 3
a 733 764 57 37
a 733 734 11 37
a 734 763 44 3
a 734 733 93 99
a 734 764 57 65
a 734 765 85 77
a 734 735 61 49
a 735 764 73 45
a 735 734 93 68
a 735 765 84 46
a 735 766 16 71
a 735 736 58 24
a 736 765 51 17
a 736 735 73 28
a 736 766 96 100
a 736 767 85 48
a 736 737 19 10
a 737 766 73 38
a 737 736 50 20
a 737 767 30 69
a 737 768 99 65
a 737 738 86 78
a 738 767 4 53
a 738 737 74 5
a 738 768 35 61
a 738 769 61 60
a 738 739 39 56
a 739 768 37 45
a 739 738 71 93
a 739 769 83 3
a 739 770 38 100
a 739 740 43 36
a 740 769 49 19
a 740 739 14 70
a 740 770 58 1
a 740 771 65 31
a 740 741 98 30
a 741 770 71 68
a 741 740 53 22
a 741 771 42 57
a 741 772 73 4
a 741 742 11 64
a 742 771 61 11
a 742 741 96 81
a 742 772 45 40
a 742 773 100 37
a 742 743 72 99
a 743 772 38 70
a 743 742 45 72
a 743 773 6 14
a 743 774 67 75
a 743 744 54 9
a 744 773 56 15
a 744 743 60 38
a 744 774 89 12
a 744 775 2 91
a 744 745 85 89
a 745 774 34 12
a 745 744 27 56
a 745 775 27 22
a 745 776 89 78
a 745 746 99 16
a 746 775 79 58
a 746 745 23 95
a 746 776 97 30
a 746 777 22 32
a 746 747 63 65
a 747 776 8 31
a 747 746 63 82
a 747 777 50 84
a 747 778 100 48
a 747 748 56 61
a 748 777 77 7
a 748 747 43 70
a 748 778 49 85
a 748 779 22 69
a 748 749 47 14
a 749 778 60 82
a 749 748 63 100
a 749 779 20 71
a 749 780 36 11
a 749 750 65 42
a 750 779 56 80
a 750 749 61 84
a 750 780 69 54
a 751 781 68 39
a 751 782 78 66
a 751 752 37 59
a 752 781 11 8
a 752 751 25 5
a 752 782 58 15
a 752 783 81 53
a 752 753 68 2
a 753 782 100 58
a 753 752 3 98
a 753 783 58 74
a 753 784 90 96
a 753 754 59 32
a 754 783 82 67
a 754 753 55 17
a 754 784 36 39
a 754 785 98 62
a 754 755 50 25
a 755 784 17 27
a 755 754 10 23
a 755 785 73 26
a 755 786 47 36
a 755 756 24 36
a 756 785 58 33
a 756 755 42 13
a 756 786 24 27
a 756 787 76 75
a 756 757 39 74
a 757 786 17 100
a 757 756 18 63
a 757 787 35 22
a 757 788 91 65
a 757 758 93 61
a 758 787 37 10
a 758 757 92 4
a 758 788 11 84
a 758 789 18 76
a 758 759 31 48
a 759 788 79 72
a 759 758 7 55
a 759 789 23 34
a 759 790 74 64
a 759 760 32 28
a 760 789 32 7
a 760 759 51 84
a 760 790 16 4
a 760 791 49 74
a 760 761 91 64
a 761 790 96 48
a 761 760 62 56
a 761 791 13 77
a 761 792 96 35
a 761 762 17 23
a 762 791 52 66
a 762 761 29 70
a 762 792 90 57
a 762 793 86 89
a 762 763 20 77
a 763 792 41 43
a 763 762 35 28
a 763 793 23 76
a 763 794 60 89
a 763 764 45 27
a 764 793 46 68
a 764 763 96 52
a 764 794 66 88
a 764 795 62 27
a 764 765 83 88
a 765 794 45 35
a 765 764 48 27
a 765 795 56 10
a 765 796 27 57
a 765 766 51 30
a 766 795 39 21
a 766 765 35 85
a 766 796 10 62
a 766 797 7 70
a 766 767 37 6
a 767 796 95 79
a 767 766 6 66
a 767 797 40 12
a 767 798 73 65
a 767 768 45 61
a 768 797 82 99
a 768 767 38 69
a 768 798 79 62
a 768 799 54 87
a 768 769 82 48
a 769 798 87 45
a 769 768 50 80
a 769 799 69 21
a 769 800 23 75
a 769 770 3 96
a 770 799 76 44
a 770 769 59 51
a 770 800 85 12
a 770 801 93 8
a 770 771 90 88
a 771 800 96 97
a 771 770 19 4
a 771 801 89 96
a 771 802 46 84
a 771 772 85 39
a 772 801 11 22
a 772 771 5 67
a 772 802 23 64
a 772 803 21 29
a 772 773 72 45
a 773 802 34 85
a 773 772 12 83
a 773 803 61 71
a 773 804 37 3
a 773 774 94 92
a 774 803 38 60
a 774 773 5 81
a 774 804 13 79
a 774 805 5 72
a 774 775 29 12
a 775 804 71 96
a 775 774 7 99
a 775 805 90 87
a 775 806 28 86
a 775 776 97 55
a 776 805 49 71
a 776 775 12 21
a 776 806 7 66
a 776 807 29 82
a 776 777 37 95
a 777 806 3 57
a 777 776 37 82
a 777 807 98 58
a 777 808 45 60
a 777 778 66 69
a 778 807 32 27
a 778 777 81 99
a 778 808 40 55
a 778 809 65 26
a 778 779 33 8
a 779 808 42 32
a 779 778 20 96
a 779 809 98 29
a 779 810 42 1
a 779 780 82 97
a 780 809 61 52
a 780 779 17 42
a 780 810 90 25
a 781 811 33 40
a 781 812 57 19
a 781 782 33 88
a 782 811 10 37
a 782 781 35 55
a 782 812 48 83
a 782 813 10 47
a 782 783 19 30
a 783 812 44 60
a 783 782 58 18
a 783 813 3 44
a 783 814 44 94
a 783 784 82 93
a 784 813 18 83
a 784 783 99 27
a 784 814 70 98
a 784 815 11 55
a 784 785 42 12
a 785 814 58 76
a 785 784 40 65
a 785 815 9 54
a 785 816 14 61
a 785 786 30 74
a 786 815 46 67
a 786 785 95 22
a 786 816 12 11
a 786 817 48 66
a 786 787 47 2
a 787 816 43 23
a 787 786 18 42
a 787 817 97 37
a 787 818 49 97
a 787 788 60 94
a 788 817 45 100
a 788 787 68 41
a 788 818 65 3
a 788 819 87 74
a 788 789 46 58
a 789 818 48 83
a 789 788 54 96
a 789 819 99 96
a 789 820 97 53
a 789 790 28 55
a 790 819 12 83
a 790 789 86 2
a 790 820 27 98
a 790 821 76 3
a 790 791 86 41
a 791 820 8 67
a 791 790 69 57
a 791 821 71 60
a 791 822 6 40
a 791 792 5 4
a 792 821 8 98
a 792 791 5 18
a 792 822 90 68
a 792 823 28 72
a 792 793 72 91
a 793 822 15 100
a 793 792 78 13
a 793 823 20 88
a 793 824 68 44
a 793 794 12 1
a 794 823 50 46
a 794 793 51 28
a 794 824 46 32
a 794 825 99 92
a 794 795 31 40
a 795 824 94 88
a 795 794 89 46
a 795 825 56 28
a 795 826 91 16
a 795 796 94 27
a 796 825 44 21
a 796 795 10 76
a 796 826 58 80
a 796 827 11 43
a 796 797 77 26
a 797 826 84 8
a 797 796 69 33
a 797 827 96 61
a 797 828 44 29
a 797 798 81 21
a 798 827 31 50
a 798 797 12 9
a 798 828 19 16
a 798 829 1 52
a 798 799 88 59
a 799 828 1 60
a 799 798 82 62
a 799 829 64 51
a 799 830 88 26
a 799 800 28 93
a 800 829 74 29
a 800 799 72 2
a 800 830 38 22
a 800 831 69 16
a 800 801 11 97
a 801 830 33 75
a 801 800 91 30
a 801 831 77 85
a 801 832 88 58
a 801 802 53 11
a 802 831 50 2
a 802 801 16 73
a 802 832 83 88
a 802 833 30 50
a 802 803 48 50
a 803 832 71 2
a 803 802 99 18
a 803 833 72 5
a 803 834 70 64
a 803 804 77 7
a 804 833 8 94
a 804 803 41 7
a 804 834 87 93
a 804 835 35 38
a 804 805 51 94
a 805 834 36 95
a 805 804 25 96
a 805 835 25 80
a 805 836 4 6
a 805 806 59 20
a 806 835 9 98
a 806 805 84 84
a 806 836 37 87
a 806 837 57 81
a 806 807 13 60
a 807 836 87 99
a 807 806 29 53
a 807 837 16 56
a 807 838 7 99
a 807 808 84 5
a 808 837 44 2
a 808 807 72 18
a 808 838 4 26
a 808 839 62 86
a 808 809 19 36
a 809 838 79 37
a 809 808 83 86
a 809 839 6 21
a 809 840 70 22
a 809 810 87 92
a 810 839 86 5
a 810 809 76 44
a 810 840 24 75
a 811 841 31 78
a 811 842 14 55
a 811 812 41 6
a 812 841 79 40
a 812 811 59 55
a 812 842 29 80
a 812 843 56 19
a 812 813 6 98
a 813 842 87 77
a 813 812 4 51
a 813 843 87 18
a 813 844 36 61
a 813 814 4 32
a 814 843 50 44
a 814 813 85 54
a 814 844 100 14
a 814 845 32 94
a 814 815 88 82
a 815 844 38 44
a 815 814 96 30
a 815 845 17 7
a 815 846 85 69
a 815 816 20 22
a 816 845 12 100
a 816 815 6 93
a 816 846 74 20
a 816 847 58 99
a 816 817 34 22
a 817 846 47 72
a 817 816 1 32
a 817 847 40 24
a 817 848 61 64
a 817 818 43 19
a 818 847 39 99
a 818 817 39 44
a 818 848 64 14
a 818 849 89 93
a 818 819 43 5
a 819 848 96 49
a 819 818 5 18
a 819 849 9 52
a 819 850 69 90
a 819 820 6 24
a 820 849 100 84
a 820 819 45 17
a 820 850 78 6
a 820 851 82 92
a 820 821 55 19
a 821 850 67 5
a 821 820 9 79
a 821 851 32 83
a 821 852 17 74
a 821 822 67 25
a 822 851 5 25
a 822 821 97 58
a 822 852 30 40
a 822 853 7 86
a 822 823 31 93
a 823 852 20 72
a 823 822 42 30
a 823 853 72 85
a 823 854 58 69
a 823 824 27 8
a 824 853 31 77
a 824 823 64 68
a 824 854 2 13
a 824 855 21 30
a 824 825 45 97
a 825 854 52 59
a 825 824 35 93
a 825 855 59 30
a 825 856 65 10
a 825 826 8 56
a 826 855 54 88
a 826 825 29 29
a 826 856 25 42
a 826 857 84 2
a 826 827 64 98
a 827 856 15 16
a 827 826 19 88
a 827 857 11 17
a 827 858 52 10
a 827 828 58 100
a 828 857 79 18
a 828 827 59 64
a 828 858 31 36
a 828 859 77 80
a 828 829 96 60
a 829 858 45 1
a 829 828 15 44
a 829 859 91 97
a 829 860 67 7
a 829 830 72 56
a 830 859 14 84
a 830 829 37 30
a 830 860 29 90
a 830 861 31 75
a 830 831 5 33
a 831 860 42 23
a 831 830 75 87
a 831 861 96 91
a 831 862 63 99
a 831 832 17 26
a 832 861 21 18
a 832 831 57 89
a 832 862 97 76
a 832 863 75 5
a 832 833 58 88
a 833 862 52 65
a 833 832 21 16
a 833 863 31 40
a 833 864 96 77
a 833 834 12 58
a 834 863 45 39
a 834 833 79 93
a 834 864 85 51
a 834 865 32 48
a 834 835 36 69
a 835 864 38 70
a 835 834 26 44
a 835 865 5 28
a 835 866 53 4
a 835 836 1 96
a 836 865 65 35
a 836 835 56 83
a 836 866 92 5
a 836 867 28 24
a 836 837 64 19
a 837 866 43 91
a 837 836 54 60
a 837 867 7 60
a 837 868 38 6
a 837 838 7 19
a 838 867 89 74
a 838 837 23 29
a 838 868 98 82
a 838 869 92 39
a 838 839 66 94
a 839 868 29 19
a 839 838 8 27
a 839 869 13 41
a 839 870 73 68
a 839 840 63 59
a 840 869 61 51
a 840 839 99 77
a 840 870 38 59
a 841 871 20 64
a 841 872 100 75
a 841 842 67 5
a 842 871 43 12
a 842 841 6 31
a 842 872 6 5
a 842 873 55 37
a 842 843 6 19
a 843 872 79 27
a 843 842 3 4
a 843 873 51 76
a 843 874 9 93
a 843 844 62 56
a 844 873 67 80
a 844 843 81 100
a 844 874 41 8
a 844 875 68 79
a 844 845 57 56
a 845 874 47 41
a 845 844 70 52
a 845 875 37 4
a 845 876 16 27
a 845 846 12 66
a 846 875 19 18
a 846 845 22 54
a 846 876 94 10
a 846 877 5 10
a 846 847 79 43
a 847 876 79 62
a 847 846 15 56
a 847 877 8 56
a 847 878 49 80
a 847 848 76 51
a 848 877 8 80
a 848 847 68 44
a 848 878 57 45
a 848 879 69 87
a 848 849 34 45
a 849 878 10 7
a 849 848 69 16
a 849 879 24 92
a 849 880 58 8
a 849 850 75 69
a 850 879 1 34
a 850 849 55 28
a 850 880 39 94
a 850 881 8 42
a 850 851 7 55
a 851 880 80 37
a 851 850 41 7
a 851 881 96 44
a 851 882 61 28
a 851 852 79 37
a 852 881 18 99
a 852 851 82 30
a 852 882 22 36
a 852 883 92 87
a 852 853 21 84
a 853 882 42 33
a 853 852 76 71
a 853 883 34 15
a 853 884 57 30
a 853 854 34 21
a 854 883 86 48
a 854 853 80 5
a 854 884 76 73
a 854 885 70 87
a 854 855 38 96
a 855 884 5 94
a 855 854 86 78
a 855 885 31 65
a 855 886 11 88
a 855 856 85 89
a 856 885 17 69
a 856 855 45 28
a 856 886 83 42
a 856 887 48 87
a 856 857 96 76
a 857 886 6 17
a 857 856 100 52
a 857 887 84 7
a 857 888 26 78
a 857 858 15 68
a 858 887 75 83
a 858 857 20 54
a 858 888 73 80
a 858 889 38 36
a 858 859 79 88
a 859 888 84 27
a 859 858 25 71
a 859 889 4 36
a 859 890 28 74
a 859 860 9 100
a 860 889 12 99
a 860 859 78 18
a 860 890 54 6
a 860 891 32 90
a 860 861 81 78
a 861 890 98 36
a 861 860 45 41
a 861 891 60 4
a 861 892 91 18
a 861 862 61 89
a 862 891 52 53
a 862 861 6 45
a 862 892 97 2
a 862 893 60 44
a 862 863 88 12
a 863 892 77 49
a 863 862 37 5
a 863 893 48 77
a 863 894 64 10
a 863 864 84 19
a 864 893 23 49
a 864 863 12 97
a 864 894 7 23
a 864 895 16 50
a 864 865 61 41
a 865 894 79 50
a 865 864 83 78
a 865 895 41 78
a 865 896 9 38
a 865 866 69 40
a 866 895 98 83
a 866 865 72 31
a 866 896 32 1
a 866 897 80 93
a 866 867 57 38
a 867 896 87 34
a 867 866 47 43
a 867 897 56 21
a 867 898 91 44
a 867 868 10 10
a 868 897 9 79
a 868 867 85 27
a 868 898 72 52
a 868 899 82 88
a 868 869 18 3
a 869 898 41 5
a 869 868 59 4
a 869 899 70 90
a 869 900 63 3
a 869 870 73 63
a 870 899 66 83
a 870 869 3 83
a 870 900 57 24
