p sp 27 86
n 0 s
n 26 t
a 0 1 61 49
a 0 2 30 48
a 0 3 16 54
a 0 4 92 62
a 0 5 20 55
a 21 26 78 78
a 22 26 74 63
a 23 26 96 45
a 24 26 85 76
a 25 26 42 21
a 1 6 44 89
a 1 7 25 48
a 2 6 53 61
a 2 7 4 83
a 2 8 93 24
a 3 7 46 46
a 3 8 38 88
a 3 9 3 63
a 4 8 26 54
a 4 9 39 36
a 4 10 61 76
a 5 9 56 31
a 5 10 99 92
a 6 11 75 37
a 6 12 13 63
a 6 7 20 78
a 7 11 17 47
a 7 6 8 17
a 7 12 9 38
a 7 13 44 48
a 7 8 88 89
a 8 12 6 59
a 8 7 9 18
a 8 13 52 19
a 8 14 59 19
a 8 9 39 73
a 9 13 58 52
a 9 8 27 81
a 9 14 98 63
a 9 15 36 21
a 9 10 68 74
a 10 14 18 70
a 10 9 6 53
a 10 15 90 44
a 11 16 2 42
a 11 17 24 81
a 11 12 69 15
a 12 16 17 24
a 12 11 58 23
a 12 17 6 72
a 12 18 37 66
a 12 13 20 54
a 13 17 68 68
a 13 12 32 98
a 13 18 89 64
a 13 19 31 26
a 13 14 99 22
a 14 18 98 58
a 14 13 87 42
a 14 19 91 52
a 14 20 72 35
a 14 15 31 66
a 15 19 87 5
a 15 14 85 63
a 15 20 93 51
a 16 21 29 54
a 16 22 50 46
a 16 17 42 11
a 17 21 26 63
a 17 16 95 60
a 17 22 18 12
a 17 23 72 24
a 17 18 78 79
a 18 22 17 72
a 18 17 36 42
a 18 23 87 94
a 18 24 14 58
a 18 19 59 79
a 19 23 17 59
a 19 18 41 76
a 19 24 56 46
a 19 25 9 30
a 19 20 16 76
a 20 24 34 91
a 20 19 42 7
a 20 25 99 33
