p sp 27 86
n 0 s
n 26 t
a 0 1 88 93
a 0 2 75 25
a 0 3 7 6
a 0 4 55 92
a 0 5 23 22
a 21 26 32 4
a 22 26 48 61
a 23 26 29 91
a 24 26 79 16
a 25 26 18 18
a 1 6 9 66
a 1 7 9 57
a 2 6 62 3
a 2 7 81 48
a 2 8 16 21
a 3 7 90 93
a 3 8 58 30
a 3 9 8 31
a 4 8 47 44
a 4 9 70 34
a 4 10 85 52
a 5 9 71 58
a 5 10 42 99
a 6 11 53 43
a 6 12 54 96
a 6 7 26 6
a 7 11 13 38
a 7 6 4 13
a 7 12 60 1
a 7 13 48 32
a 7 8 100 52
a 8 12 8 27
a 8 7 99 66
a 8 13 34 98
a 8 14 45 19
a 8 9 50 37
a 9 13 59 31
a 9 8 56 58
a 9 14 70 61
a 9 15 14 100
a 9 10 66 74
a 10 14 85 64
a 10 9 57 92
a 10 15 89 7
a 11 16 92 38
a 11 17 44 12
a 11 12 1 2
a 12 16 1 86
a 12 11 28 70
a 12 17 55 61
a 12 18 76 54
a 12 13 41 69
a 13 17 45 50
a 13 12 24 71
a 13 18 65 80
a 13 19 67 56
a 13 14 64 29
a 14 18 99 5
a 14 13 89 12
a 14 19 44 41
a 14 20 54 25
a 14 15 25 71
a 15 19 39 19
a 15 14 24 92
a 15 20 52 93
a 16 21 77 41
a 16 22 6 48
a 16 17 9 86
a 17 21 17 6
a 17 16 6 45
a 17 22 75 100
a 17 23 74 66
a 17 18 7 97
a 18 22 90 93
a 18 17 65 10
a 18 23 78 42
a 18 24 63 62
a 18 19 30 6
a 19 23 18 35
a 19 18 83 86
a 19 24 20 100
a 19 25 100 25
a 19 20 57 86
a 20 24 29 72
a 20 19 84 50
a 20 25 47 10
