p sp 27 86
n 0 s
n 26 t
a 0 1 90 97
a 0 2 49 36
a 0 3 60 58
a 0 4 74 77
a 0 5 14 94
a 21 26 47 87
a 22 26 27 59
a 23 26 96 99
a 24 26 12 69
a 25 26 40 45
a 1 6 92 47
a 1 7 7 13
a 2 6 2 95
a 2 7 63 89
a 2 8 94 38
a 3 7 27 31
a 3 8 67 53
a 3 9 51 7
a 4 8 4 16
a 4 9 16 32
a 4 10 53 43
a 5 9 11 31
a 5 10 5 52
a 6 11 85 48
a 6 12 6 34
a 6 7 99 29
a 7 11 49 20
a 7 6 19 27
a 7 12 61 73
a 7 13 43 79
a 7 8 47 4
a 8 12 77 71
a 8 7 100 84
a 8 13 60 33
a 8 14 71 10
a 8 9 39 9
a 9 13 1 56
a 9 8 40 80
a 9 14 47 90
a 9 15 77 3
a 9 10 43 84
a 10 14 79 19
a 10 9 80 66
a 10 15 99 67
a 11 16 72 17
a 11 17 22 49
a 11 12 79 31
a 12 16 47 98
a 12 11 54 86
a 12 17 73 72
a 12 18 26 74
a 12 13 36 61
a 13 17 48 76
a 13 12 86 50
a 13 18 78 12
a 13 19 67 79
a 13 14 24 75
a 14 18 40 43
a 14 13 48 78
a 14 19 90 61
a 14 20 99 98
a 14 15 59 13
a 15 19 14 41
a 15 14 27 84
a 15 20 70 67
a 16 21 72 62
a 16 22 60 38
a 16 17 22 66
a 17 21 20 20
a 17 16 43 53
a 17 22 9 70
a 17 23 88 17
a 17 18 3 3
a 18 22 99 90
a 18 17 37 55
a 18 23 9 42
a 18 24 50 74
a 18 19 5 88
a 19 23 31 5
a 19 18 6 15
a 19 24 42 91
a 19 25 43 53
a 19 20 82 25
a 20 24 15 48
a 20 19 27 64
a 20 25 64 10
