p sp 102 416
n 0 s
n 101 t
a 0 1 9 73
a 0 2 41 68
a 0 3 90 51
a 0 4 7 20
a 0 5 48 69
a 0 6 95 87
a 0 7 35 15
a 0 8 15 17
a 0 9 68 100
a 0 10 31 32
a 91 101 79 48
a 92 101 100 43
a 93 101 57 15
a 94 101 63 36
a 95 101 54 63
a 96 101 80 27
a 97 101 8 51
a 98 101 31 25
a 99 101 98 16
a 100 101 68 89
a 1 11 3 56
a 1 12 59 20
a 2 11 43 41
a 2 12 35 84
a 2 13 37 68
a 3 12 60 67
a 3 13 99 32
a 3 14 100 10
a 4 13 59 3
a 4 14 71 74
a 4 15 15 63
a 5 14 95 14
a 5 15 35 57
a 5 16 39 27
a 6 15 95 48
a 6 16 92 37
a 6 17 36 89
a 7 16 34 72
a 7 17 9 24
a 7 18 6 20
a 8 17 32 94
a 8 18 73 93
a 8 19 47 66
a 9 18 9 38
a 9 19 36 3
a 9 20 87 36
a 10 19 4 50
a 10 20 44 68
a 11 21 71 65
a 11 22 97 67
a 11 12 10 80
a 12 21 23 58
a 12 11 19 5
a 12 22 25 58
a 12 23 58 48
a 12 13 57 12
a 13 22 46 1
a 13 12 29 39
a 13 23 58 33
a 13 24 18 16
a 13 14 1 98
a 14 23 64 95
a 14 13 25 68
a 14 24 10 40
a 14 25 8 14
a 14 15 82 68
a 15 24 98 75
a 15 14 36 71
a 15 25 100 6
a 15 26 2 6
a 15 16 25 77
a 16 25 39 98
a 16 15 54 50
a 16 26 86 72
a 16 27 76 93
a 16 17 72 44
a 17 26 46 27
a 17 16 71 38
a 17 27 87 100
a 17 28 53 12
a 17 18 69 25
a 18 27 64 42
a 18 17 28 30
a 18 28 15 27
a 18 29 94 50
a 18 19 39 33
a 19 28 3 58
a 19 18 5 1
a 19 29 78 18
a 19 30 15 77
a 19 20 2 12
a 20 29 66 42
a 20 19 7 15
a 20 30 10 70
a 21 31 81 23
a 21 32 30 79
a 21 22 16 8
a 22 31 48 90
a 22 21 31 73
a 22 32 37 4
a 22 33 2 80
a 22 23 42 67
a 23 32 10 36
a 23 22 66 16
a 23 33 32 50
a 23 34 76 53
a 23 24 67 32
a 24 33 33 18
a 24 23 60 95
a 24 34 79 18
a 24 35 23 53
a 24 25 61 8
a 25 34 11 1
a 25 24 59 75
a 25 35 87 23
a 25 36 18 76
a 25 26 4 96
a 26 35 25 2
a 26 25 52 30
a 26 36 31 37
a 26 37 9 76
a 26 27 1 40
a 27 36 67 86
a 27 26 1 44
a 27 37 100 60
a 27 38 52 78
a 27 28 14 97
a 28 37 17 92
a 28 27 15 51
a 28 38 87 30
a 28 39 64 5
a 28 29 41 28
a 29 38 80 82
a 29 28 78 92
a 29 39 89 25
a 29 40 60 2
a 29 30 97 86
a 30 39 10 3
a 30 29 90 57
a 30 40 49 91
a 31 41 76 41
a 31 42 15 31
a 31 32 1 48
a 32 41 11 36
a 32 31 87 45
a 32 42 77 38
a 32 43 50 19
a 32 33 83 100
a 33 42 53 18
a 33 32 91 21
a 33 43 59 17
a 33 44 84 68
a 33 34 19 47
a 34 43 99 17
a 34 33 21 30
a 34 44 69 65
a 34 45 88 90
a 34 35 6 60
a 35 44 76 86
a 35 34 62 86
a 35 45 69 70
a 35 46 42 47
a 35 36 34 21
a 36 45 23 32
a 36 35 13 9
a 36 46 66 68
a 36 47 4 73
a 36 37 75 3
a 37 46 69 27
a 37 36 20 67
a 37 47 99 85
a 37 48 74 8
a 37 38 92 27
a 38 47 71 78
a 38 37 79 10
a 38 48 7 87
a 38 49 75 11
a 38 39 20 58
a 39 48 35 94
a 39 38 70 16
a 39 49 50 73
a 39 50 69 5
a 39 40 87 18
a 40 49 54 83
a 40 39 53 23
a 40 50 9 40
a 41 51 32 29
a 41 52 84 54
a 41 42 87 72
a 42 51 17 36
a 42 41 15 57
a 42 52 33 51
a 42 53 6 1
a 42 43 37 50
a 43 52 26 90
a 43 42 39 20
a 43 53 93 72
a 43 54 39 77
a 43 44 44 56
a 44 53 13 60
a 44 43 52 89
a 44 54 26 72
a 44 55 77 35
a 44 45 82 85
a 45 54 83 29
a 45 44 83 50
a 45 55 91 22
a 45 56 69 86
a 45 46 90 53
a 46 55 79 32
a 46 45 2 31
a 46 56 23 32
a 46 57 85 1
a 46 47 83 67
a 47 56 96 74
a 47 46 11 22
a 47 57 69 23
a 47 58 43 72
a 47 48 69 15
a 48 57 12 2
a 48 47 10 27
a 48 58 67 5
a 48 59 71 31
a 48 49 30 87
a 49 58 27 81
a 49 48 36 63
a 49 59 54 91
a 49 60 50 19
a 49 50 20 92
a 50 59 83 4
a 50 49 6 9
a 50 60 100 73
a 51 61 54 39
a 51 62 20 43
a 51 52 72 72
a 52 61 55 9
a 52 51 32 16
a 52 62 52 64
a 52 63 36 49
a 52 53 85 96
a 53 62 60 23
a 53 52 3 15
a 53 63 93 62
a 53 64 82 23
a 53 54 80 14
a 54 63 14 46
a 54 53 98 5
a 54 64 26 80
a 54 65 17 19
a 54 55 13 6
a 55 64 90 35
a 55 54 23 86
a 55 65 63 46
a 55 66 54 92
a 55 56 29 11
a 56 65 86 76
a 56 55 22 74
a 56 66 99 69
a 56 67 92 14
a 56 57 82 42
a 57 66 6 57
a 57 56 100 60
a 57 67 81 10
a 57 68 82 61
a 57 58 11 38
a 58 67 46 36
a 58 57 68 40
a 58 68 51 37
a 58 69 53 4
a 58 59 64 44
a 59 68 90 35
a 59 58 36 82
a 59 69 93 54
a 59 70 10 65
a 59 60 65 48
a 60 69 20 26
a 60 59 46 79
a 60 70 36 20
a 61 71 17 63
a 61 72 26 86
a 61 62 68 17
a 62 71 75 25
a 62 61 81 86
a 62 72 100 78
a 62 73 51 78
a 62 63 72 81
a 63 72 87 86
a 63 62 51 24
a 63 73 25 28
a 63 74 67 57
a 63 64 15 83
a 64 73 36 49
a 64 63 75 34
a 64 74 20 10
a 64 75 44 4
a 64 65 22 13
a 65 74 32 58
a 65 64 64 14
a 65 75 1 22
a 65 76 9 61
a 65 66 97 9
a 66 75 53 17
a 66 65 33 96
a 66 76 64 68
a 66 77 37 30
a 66 67 29 39
a 67 76 47 69
a 67 66 87 92
a 67 77 46 16
a 67 78 63 54
a 67 68 66 50
a 68 77 5 40
a 68 67 66 3
a 68 78 46 75
a 68 79 60 36
a 68 69 63 61
a 69 78 63 67
a 69 68 71 27
a 69 79 39 76
a 69 80 35 15
a 69 70 43 30
a 70 79 42 43
a 70 69 3 79
a 70 80 81 51
a 71 81 4 20
a 71 82 77 25
a 71 72 25 65
a 72 81 24 100
a 72 71 95 18
a 72 82 63 70
a 72 83 91 67
a 72 73 41 72
a 73 82 29 78
a 73 72 38 32
a 73 83 77 42
a 73 84 35 33
a 73 74 73 39
a 74 83 41 24
a 74 73 85 41
a 74 84 69 58
a 74 85 86 26
a 74 75 18 99
a 75 84 43 61
a 75 74 95 9
a 75 85 31 57
a 75 86 20 93
a 75 76 41 88
a 76 85 8 64
a 76 75 42 9
a 76 86 66 62
a 76 87 12 16
a 76 77 92 22
a 77 86 35 45
a 77 76 94 26
a 77 87 76 34
a 77 88 64 89
a 77 78 51 71
a 78 87 6 38
a 78 77 59 97
a 78 88 53 15
a 78 89 70 63
a 78 79 90 36
a 79 88 47 10
a 79 78 68 79
a 79 89 23 20
a 79 90 55 33
a 79 80 83 100
a 80 89 84 58
a 80 79 39 12
a 80 90 85 66
a 81 91 1 87
a 81 92 61 68
a 81 82 10 5
a 82 91 29 65
a 82 81 78 6
a 82 92 46 46
a 82 93 83 72
a 82 83 11 18
a 83 92 67 95
a 83 82 56 11
a 83 93 48 15
a 83 94 57 48
a 83 84 26 35
a 84 93 4 41
a 84 83 83 36
a 84 94 78 59
a 84 95 51 36
a 84 85 44 10
a 85 94 14 66
a 85 84 91 65
a 85 95 51 16
a 85 96 35 62
a 85 86 88 77
a 86 95 48 99
a 86 85 71 85
a 86 96 72 69
a 86 97 72 10
a 86 87 80 35
a 87 96 97 64
a 87 86 86 75
a 87 97 65 21
a 87 98 80 61
a 87 88 38 76
a 88 97 47 21
a 88 87 44 33
a 88 98 100 80
a 88 99 94 90
a 88 89 83 59
a 89 98 83 40
a 89 88 50 36
a 89 99 42 72
a 89 100 13 21
a 89 90 5 49
a 90 99 72 87
a 90 89 13 48
a 90 100 42 80
