p sp 27 86
n 0 s
n 26 t
a 0 1 63 53
a 0 2 4 59
a 0 3 68 6
a 0 4 12 47
a 0 5 63 28
a 21 26 93 9
a 22 26 53 61
a 23 26 63 53
a 24 26 70 77
a 25 26 63 49
a 1 6 76 70
a 1 7 23 4
a 2 6 40 4
a 2 7 34 24
a 2 8 70 42
a 3 7 83 84
a 3 8 95 11
a 3 9 46 38
a 4 8 83 26
a 4 9 85 34
a 4 10 29 67
a 5 9 96 3
a 5 10 62 97
a 6 11 7 42
a 6 12 65 49
a 6 7 45 50
a 7 11 54 81
a 7 6 74 83
a 7 12 59 10
a 7 13 87 95
a 7 8 87 89
a 8 12 27 3
a 8 7 10 36
a 8 13 78 2
a 8 14 37 10
a 8 9 28 45
a 9 13 48 76
a 9 8 60 3
a 9 14 76 92
a 9 15 99 24
a 9 10 46 84
a 10 14 12 25
a 10 9 77 75
a 10 15 99 55
a 11 16 83 68
a 11 17 2 66
a 11 12 95 44
a 12 16 64 84
a 12 11 85 91
a 12 17 24 83
a 12 18 87 87
a 12 13 67 47
a 13 17 71 93
a 13 12 94 77
a 13 18 50 96
a 13 19 30 49
a 13 14 11 68
a 14 18 39 96
a 14 13 98 8
a 14 19 84 23
a 14 20 17 57
a 14 15 17 60
a 15 19 9 27
a 15 14 87 7
a 15 20 10 25
a 16 21 77 24
a 16 22 4 36
a 16 17 56 92
a 17 21 30 77
a 17 16 84 68
a 17 22 53 82
a 17 23 34 27
a 17 18 21 32
a 18 22 26 69
a 18 17 9 35
a 18 23 70 93
a 18 24 53 70
a 18 19 86 62
a 19 23 29 29
a 19 18 64 4
a 19 24 78 89
a 19 25 52 58
a 19 20 89 15
a 20 24 20 16
a 20 19 84 21
a 20 25 17 34
