p sp 102 416
n 0 s
n 101 t
a 0 1 35 61
a 0 2 11 82
a 0 3 29 3
a 0 4 50 65
a 0 5 60 62
a 0 6 86 83
a 0 7 78 15
a 0 8 82 7
a 0 9 77 38
a 0 10 87 100
a 91 101 12 93
a 92 101 86 96
a 93 101 79 14
a 94 101 58 60
a 95 101 47 94
a 96 101 39 36
a 97 101 23 69
a 98 101 93 18
a 99 101 62 35
a 100 101 54 88
a 1 11 58 90
a 1 12 33 75
a 2 11 71 43
a 2 12 29 36
a 2 13 25 15
a 3 12 40 22
a 3 13 58 90
a 3 14 30 39
a 4 13 8 47
a 4 14 31 11
a 4 15 27 26
a 5 14 76 87
a 5 15 72 88
a 5 16 96 23
a 6 15 51 10
a 6 16 66 81
a 6 17 47 96
a 7 16 31 27
a 7 17 4 94
a 7 18 21 96
a 8 17 100 84
a 8 18 45 32
a 8 19 27 83
a 9 18 99 91
a 9 19 93 72
a 9 20 81 83
a 10 19 10 57
a 10 20 80 70
a 11 21 15 44
a 11 22 28 45
a 11 12 100 47
a 12 21 97 80
a 12 11 94 62
a 12 22 2 4
a 12 23 74 32
a 12 13 94 19
a 13 22 47 61
a 13 12 90 48
a 13 23 49 37
a 13 24 78 34
a 13 14 87 67
a 14 23 24 7
a 14 13 56 13
a 14 24 47 77
a 14 25 50 83
a 14 15 29 85
a 15 24 100 87
a 15 14 89 17
a 15 25 39 35
a 15 26 25 83
a 15 16 48 94
a 16 25 79 37
a 16 15 40 14
a 16 26 2 48
a 16 27 80 68
a 16 17 80 45
a 17 26 56 67
a 17 16 15 35
a 17 27 76 54
a 17 28 21 94
a 17 18 63 35
a 18 27 12 62
a 18 17 96 53
a 18 28 25 35
a 18 29 94 79
a 18 19 69 9
a 19 28 67 100
a 19 18 86 41
a 19 29 9 55
a 19 30 9 3
a 19 20 66 23
a 20 29 23 48
a 20 19 22 39
a 20 30 50 15
a 21 31 71 49
a 21 32 2 23
a 21 22 41 50
a 22 31 1 20
a 22 21 80 54
a 22 32 60 91
a 22 33 35 57
a 22 23 56 58
a 23 32 75 13
a 23 22 38 17
a 23 33 77 32
a 23 34 15 50
a 23 24 41 31
a 24 33 12 46
a 24 23 84 85
a 24 34 78 28
a 24 35 85 81
a 24 25 65 30
a 25 34 72 87
a 25 24 39 60
a 25 35 51 89
a 25 36 36 77
a 25 26 3 71
a 26 35 65 8
a 26 25 47 90
a 26 36 78 55
a 26 37 52 66
a 26 27 94 83
a 27 36 93 91
a 27 26 87 1
a 27 37 26 72
a 27 38 98 73
a 27 28 81 99
a 28 37 44 41
a 28 27 96 17
a 28 38 42 29
a 28 39 82 15
a 28 29 83 9
a 29 38 88 44
a 29 28 1 17
a 29 39 88 50
a 29 40 8 100
a 29 30 22 91
a 30 39 91 4
a 30 29 12 24
a 30 40 63 87
a 31 41 4 12
a 31 42 82 95
a 31 32 4 51
a 32 41 85 84
a 32 31 37 18
a 32 42 99 95
a 32 43 89 56
a 32 33 34 7
a 33 42 12 92
a 33 32 83 92
a 33 43 38 14
a 33 44 70 79
a 33 34 36 16
a 34 43 56 36
a 34 33 12 25
a 34 44 94 1
a 34 45 18 5
a 34 35 59 61
a 35 44 53 96
a 35 34 50 25
a 35 45 68 73
a 35 46 45 42
a 35 36 11 99
a 36 45 22 34
a 36 35 62 55
a 36 46 28 21
a 36 47 40 73
a 36 37 70 66
a 37 46 68 53
a 37 36 36 76
a 37 47 85 83
a 37 48 75 39
a 37 38 33 34
a 38 47 76 6
a 38 37 93 26
a 38 48 89 46
a 38 49 87 14
a 38 39 64 71
a 39 48 93 28
a 39 38 17 23
a 39 49 22 56
a 39 50 15 57
a 39 40 79 24
a 40 49 94 15
a 40 39 4 23
a 40 50 28 95
a 41 51 8 77
a 41 52 17 76
a 41 42 47 25
a 42 51 42 53
a 42 41 68 90
a 42 52 91 16
a 42 53 64 52
a 42 43 25 57
a 43 52 66 21
a 43 42 76 18
a 43 53 40 17
a 43 54 84 59
a 43 44 67 34
a 44 53 27 31
a 44 43 3 56
a 44 54 63 5
a 44 55 77 72
a 44 45 26 81
a 45 54 90 53
a 45 44 76 75
a 45 55 21 32
a 45 56 20 3
a 45 46 34 81
a 46 55 40 32
a 46 45 52 7
a 46 56 66 55
a 46 57 4 21
a 46 47 20 63
a 47 56 51 32
a 47 46 45 89
a 47 57 89 49
a 47 58 33 30
a 47 48 60 11
a 48 57 32 10
a 48 47 21 30
a 48 58 98 58
a 48 59 6 99
a 48 49 92 51
a 49 58 37 4
a 49 48 7 40
a 49 59 49 52
a 49 60 5 97
a 49 50 55 12
a 50 59 78 1
a 50 49 32 61
a 50 60 16 3
a 51 61 74 11
a 51 62 71 31
a 51 52 56 27
a 52 61 40 3
a 52 51 20 12
a 52 62 77 49
a 52 63 100 4
a 52 53 47 11
a 53 62 33 5
a 53 52 32 18
a 53 63 53 8
a 53 64 20 69
a 53 54 4 46
a 54 63 35 74
a 54 53 89 66
a 54 64 91 55
a 54 65 6 20
a 54 55 57 7
a 55 64 90 4
a 55 54 15 4
a 55 65 67 11
a 55 66 61 36
a 55 56 22 38
a 56 65 36 12
a 56 55 27 56
a 56 66 71 89
a 56 67 5 62
a 56 57 27 99
a 57 66 30 91
a 57 56 38 69
a 57 67 80 51
a 57 68 24 82
a 57 58 34 89
a 58 67 21 90
a 58 57 58 24
a 58 68 43 72
a 58 69 7 75
a 58 59 72 40
a 59 68 86 74
a 59 58 45 82
a 59 69 61 73
a 59 70 67 38
a 59 60 65 43
a 60 69 33 39
a 60 59 7 60
a 60 70 67 46
a 61 71 31 59
a 61 72 62 16
a 61 62 72 15
a 62 71 46 8
a 62 61 59 66
a 62 72 53 36
a 62 73 82 100
a 62 63 40 20
a 63 72 73 43
a 63 62 85 57
a 63 73 17 48
a 63 74 100 3
a 63 64 25 50
a 64 73 11 17
a 64 63 78 99
a 64 74 19 6
a 64 75 10 30
a 64 65 44 41
a 65 74 22 44
a 65 64 45 54
a 65 75 78 96
a 65 76 24 88
a 65 66 78 87
a 66 75 81 48
a 66 65 30 58
a 66 76 55 36
a 66 77 98 29
a 66 67 83 98
a 67 76 48 84
a 67 66 26 8
a 67 77 80 77
a 67 78 85 96
a 67 68 2 77
a 68 77 24 36
a 68 67 35 86
a 68 78 56 67
a 68 79 46 27
a 68 69 74 100
a 69 78 66 18
a 69 68 34 97
a 69 79 98 70
a 69 80 61 33
a 69 70 52 84
a 70 79 11 82
a 70 69 95 16
a 70 80 8 85
a 71 81 63 2
a 71 82 42 20
a 71 72 47 32
a 72 81 4 50
a 72 71 39 76
a 72 82 90 20
a 72 83 72 74
a 72 73 82 40
a 73 82 10 30
a 73 72 39 2
a 73 83 57 56
a 73 84 97 14
a 73 74 87 9
a 74 83 77 96
a 74 73 61 11
a 74 84 70 88
a 74 85 57 54
a 74 75 25 58
a 75 84 93 38
a 75 74 61 55
a 75 85 63 41
a 75 86 20 19
a 75 76 28 69
a 76 85 43 83
a 76 75 46 51
a 76 86 57 67
a 76 87 90 99
a 76 77 100 40
a 77 86 24 76
a 77 76 76 66
a 77 87 27 25
a 77 88 20 77
a 77 78 33 93
a 78 87 22 83
a 78 77 99 28
a 78 88 43 87
a 78 89 13 71
a 78 79 13 62
a 79 88 22 34
a 79 78 7 90
a 79 89 43 50
a 79 90 7 20
a 79 80 94 56
a 80 89 98 98
a 80 79 89 13
a 80 90 72 83
a 81 91 5 57
a 81 92 62 3
a 81 82 59 84
a 82 91 18 86
a 82 81 70 65
a 82 92 27 62
a 82 93 99 32
a 82 83 34 56
a 83 92 73 90
a 83 82 92 89
a 83 93 91 81
a 83 94 74 46
a 83 84 41 7
a 84 93 55 18
a 84 83 56 81
a 84 94 26 4
a 84 95 47 95
a 84 85 48 11
a 85 94 7 45
a 85 84 72 99
a 85 95 41 74
a 85 96 30 75
a 85 86 27 50
a 86 95 34 46
a 86 85 10 59
a 86 96 44 39
a 86 97 4 45
a 86 87 89 23
a 87 96 22 31
a 87 86 35 54
a 87 97 60 34
a 87 98 97 22
a 87 88 100 36
a 88 97 82 13
a 88 87 1 61
a 88 98 21 27
a 88 99 73 26
a 88 89 79 39
a 89 98 75 16
a 89 88 81 2
a 89 99 96 21
a 89 100 61 38
a 89 90 56 70
a 90 99 44 94
a 90 89 26 96
a 90 100 26 31
