p sp 27 86
n 0 s
n 26 t
a 0 1 35 61
a 0 2 11 82
a 0 3 29 3
a 0 4 50 65
a 0 5 60 62
a 21 26 86 83
a 22 26 78 15
a 23 26 82 7
a 24 26 77 38
a 25 26 87 100
a 1 6 12 93
a 1 7 86 96
a 2 6 79 14
a 2 7 58 60
a 2 8 47 94
a 3 7 39 36
a 3 8 23 69
a 3 9 93 18
a 4 8 62 35
a 4 9 54 88
a 4 10 58 90
a 5 9 33 75
a 5 10 71 43
a 6 11 29 36
a 6 12 25 15
a 6 7 40 22
a 7 11 58 90
a 7 6 30 39
a 7 12 8 47
a 7 13 31 11
a 7 8 27 26
a 8 12 76 87
a 8 7 72 88
a 8 13 96 23
a 8 14 51 10
a 8 9 66 81
a 9 13 47 96
a 9 8 31 27
a 9 14 4 94
a 9 15 21 96
a 9 10 100 84
a 10 14 45 32
a 10 9 27 83
a 10 15 99 91
a 11 16 93 72
a 11 17 81 83
a 11 12 10 57
a 12 16 80 70
a 12 11 15 44
a 12 17 28 45
a 12 18 100 47
a 12 13 97 80
a 13 17 94 62
a 13 12 2 4
a 13 18 74 32
a 13 19 94 19
a 13 14 47 61
a 14 18 90 48
a 14 13 49 37
a 14 19 78 34
a 14 20 87 67
a 14 15 24 7
a 15 19 56 13
a 15 14 47 77
a 15 20 50 83
a 16 21 29 85
a 16 22 100 87
a 16 17 89 17
a 17 21 39 35
a 17 16 25 83
a 17 22 48 94
a 17 23 79 37
a 17 18 40 14
a 18 22 2 48
a 18 17 80 68
a 18 23 80 45
a 18 24 56 67
a 18 19 15 35
a 19 23 76 54
a 19 18 21 94
a 19 24 63 35
a 19 25 12 62
a 19 20 96 53
a 20 24 25 35
a 20 19 94 79
a 20 25 69 9
