p sp 102 416
n 0 s
n 101 t
a 0 1 86 89
a 0 2 48 14
a 0 3 55 5
a 0 4 35 7
a 0 5 79 49
a 0 6 70 74
a 0 7 18 64
a 0 8 63 35
a 0 9 93 63
a 0 10 97 90
a 91 101 77 33
a 92 101 11 100
a 93 101 75 60
a 94 101 99 54
a 95 101 38 3
a 96 101 6 55
a 97 101 1 7
a 98 101 64 56
a 99 101 90 21
a 100 101 76 35
a 1 11 16 61
a 1 12 78 38
a 2 11 78 93
a 2 12 21 89
a 2 13 1 58
a 3 12 53 34
a 3 13 77 56
a 3 14 37 46
a 4 13 59 30
a 4 14 5 85
a 4 15 1 52
a 5 14 87 84
a 5 15 99 97
a 5 16 9 15
a 6 15 66 29
a 6 16 60 17
a 6 17 16 59
a 7 16 23 88
a 7 17 93 32
a 7 18 2 98
a 8 17 89 63
a 8 18 42 9
a 8 19 86 70
a 9 18 80 96
a 9 19 60 11
a 9 20 18 27
a 10 19 75 21
a 10 20 54 26
a 11 21 2 2
a 11 22 37 51
a 11 12 75 33
a 12 21 95 76
a 12 11 95 25
a 12 22 9 44
a 12 23 4 48
a 12 13 68 81
a 13 22 52 34
a 13 12 58 67
a 13 23 78 46
a 13 24 51 70
a 13 14 9 4
a 14 23 91 77
a 14 13 17 97
a 14 24 22 100
a 14 25 35 20
a 14 15 29 72
a 15 24 51 6
a 15 14 96 57
a 15 25 65 92
a 15 26 17 37
a 15 16 89 29
a 16 25 12 63
a 16 15 64 91
a 16 26 80 96
a 16 27 93 64
a 16 17 95 43
a 17 26 24 98
a 17 16 2 76
a 17 27 58 65
a 17 28 8 58
a 17 18 50 57
a 18 27 58 50
a 18 17 84 47
a 18 28 92 47
a 18 29 89 36
a 18 19 78 9
a 19 28 43 36
a 19 18 97 71
a 19 29 71 30
a 19 30 96 9
a 19 20 41 41
a 20 29 36 7
a 20 19 99 88
a 20 30 29 10
a 21 31 3 100
a 21 32 92 61
a 21 22 39 34
a 22 31 6 33
a 22 21 82 16
a 22 32 10 67
a 22 33 97 8
a 22 23 84 39
a 23 32 3 68
a 23 22 33 18
a 23 33 19 46
a 23 34 95 92
a 23 24 37 80
a 24 33 69 99
a 24 23 84 64
a 24 34 75 1
a 24 35 55 90
a 24 25 70 73
a 25 34 41 59
a 25 24 51 77
a 25 35 32 69
a 25 36 67 76
a 25 26 51 21
a 26 35 47 20
a 26 25 40 9
a 26 36 25 87
a 26 37 42 40
a 26 27 79 70
a 27 36 98 49
a 27 26 59 63
a 27 37 77 48
a 27 38 40 12
a 27 28 10 99
a 28 37 49 85
a 28 27 62 3
a 28 38 100 26
a 28 39 66 35
a 28 29 67 71
a 29 38 52 16
a 29 28 99 18
a 29 39 87 100
a 29 40 4 43
a 29 30 21 52
a 30 39 54 11
a 30 29 6 4
a 30 40 93 30
a 31 41 7 54
a 31 42 69 22
a 31 32 9 4
a 32 41 86 30
a 32 31 37 59
a 32 42 42 9
a 32 43 65 29
a 32 33 37 72
a 33 42 77 90
a 33 32 64 82
a 33 43 95 11
a 33 44 96 5
a 33 34 68 6
a 34 43 22 71
a 34 33 45 14
a 34 44 96 25
a 34 45 30 34
a 34 35 64 9
a 35 44 7 67
a 35 34 24 7
a 35 45 17 79
a 35 46 99 32
a 35 36 64 4
a 36 45 70 90
a 36 35 60 50
a 36 46 3 28
a 36 47 64 20
a 36 37 10 90
a 37 46 67 53
a 37 36 21 95
a 37 47 6 78
a 37 48 24 99
a 37 38 11 50
a 38 47 87 15
a 38 37 69 63
a 38 48 4 68
a 38 49 64 71
a 38 39 100 100
a 39 48 56 98
a 39 38 10 85
a 39 49 66 74
a 39 50 58 12
a 39 40 63 83
a 40 49 69 26
a 40 39 6 70
a 40 50 70 1
a 41 51 57 76
a 41 52 33 73
a 41 42 16 28
a 42 51 88 82
a 42 41 22 57
a 42 52 54 95
a 42 53 80 7
a 42 43 50 69
a 43 52 48 29
a 43 42 48 14
a 43 53 35 8
a 43 54 75 70
a 43 44 11 90
a 44 53 55 24
a 44 43 5 37
a 44 54 34 74
a 44 55 30 41
a 44 45 62 74
a 45 54 9 5
a 45 44 9 25
a 45 55 78 51
a 45 56 26 41
a 45 46 74 90
a 46 55 12 84
a 46 45 52 60
a 46 56 5 49
a 46 57 94 62
a 46 47 41 55
a 47 56 57 95
a 47 46 13 24
a 47 57 79 50
a 47 58 15 95
a 47 48 46 56
a 48 57 76 79
a 48 47 44 85
a 48 58 9 64
a 48 59 74 88
a 48 49 19 29
a 49 58 10 98
a 49 48 54 47
a 49 59 37 76
a 49 60 21 1
a 49 50 25 48
a 50 59 68 45
a 50 49 32 13
a 50 60 42 15
a 51 61 18 1
a 51 62 23 6
a 51 52 25 37
a 52 61 10 91
a 52 51 96 52
a 52 62 81 18
a 52 63 77 12
a 52 53 70 41
a 53 62 84 69
a 53 52 44 72
a 53 63 26 95
a 53 64 95 66
a 53 54 51 64
a 54 63 29 29
a 54 53 72 85
a 54 64 19 5
a 54 65 84 73
a 54 55 48 56
a 55 64 90 88
a 55 54 45 39
a 55 65 76 93
a 55 66 27 73
a 55 56 8 92
a 56 65 42 81
a 56 55 88 19
a 56 66 66 25
a 56 67 35 7
a 56 57 68 17
a 57 66 31 60
a 57 56 10 39
a 57 67 78 82
a 57 68 60 21
a 57 58 27 91
a 58 67 20 50
a 58 57 85 94
a 58 68 77 90
a 58 69 10 66
a 58 59 40 84
a 59 68 26 51
a 59 58 64 34
a 59 69 46 10
a 59 70 33 84
a 59 60 17 32
a 60 69 60 70
a 60 59 31 22
a 60 70 29 100
a 61 71 57 4
a 61 72 28 76
a 61 62 29 63
a 62 71 38 70
a 62 61 67 78
a 62 72 10 53
a 62 73 96 45
a 62 63 77 47
a 63 72 91 9
a 63 62 52 19
a 63 73 54 88
a 63 74 19 47
a 63 64 96 84
a 64 73 10 52
a 64 63 85 75
a 64 74 68 50
a 64 75 42 31
a 64 65 37 49
a 65 74 51 17
a 65 64 58 34
a 65 75 31 44
a 65 76 7 44
a 65 66 92 42
a 66 75 89 58
a 66 65 76 86
a 66 76 85 25
a 66 77 72 26
a 66 67 38 64
a 67 76 55 61
a 67 66 3 92
a 67 77 94 46
a 67 78 25 79
a 67 68 24 27
a 68 77 56 81
a 68 67 73 5
a 68 78 77 53
a 68 79 17 9
a 68 69 48 26
a 69 78 72 71
a 69 68 60 89
a 69 79 20 59
a 69 80 64 68
a 69 70 23 40
a 70 79 49 13
a 70 69 74 90
a 70 80 10 53
a 71 81 82 66
a 71 82 71 61
a 71 72 95 69
a 72 81 68 51
a 72 71 27 94
a 72 82 49 18
a 72 83 82 87
a 72 73 15 75
a 73 82 77 34
a 73 72 90 88
a 73 83 16 31
a 73 84 21 27
a 73 74 65 2
a 74 83 48 40
a 74 73 9 4
a 74 84 25 48
a 74 85 46 58
a 74 75 39 26
a 75 84 40 44
a 75 74 47 48
a 75 85 77 61
a 75 86 24 71
a 75 76 54 80
a 76 85 14 72
a 76 75 7 40
a 76 86 39 27
a 76 87 47 66
a 76 77 15 78
a 77 86 96 39
a 77 76 87 47
a 77 87 25 10
a 77 88 81 100
a 77 78 48 39
a 78 87 51 24
a 78 77 74 41
a 78 88 77 31
a 78 89 95 86
a 78 79 57 66
a 79 88 71 76
a 79 78 86 13
a 79 89 30 61
a 79 90 12 94
a 79 80 69 21
a 80 89 79 30
a 80 79 85 69
a 80 90 51 12
a 81 91 14 100
a 81 92 13 26
a 81 82 4 93
a 82 91 97 77
a 82 81 54 78
a 82 92 36 93
a 82 93 77 56
a 82 83 28 33
a 83 92 31 85
a 83 82 14 45
a 83 93 30 13
a 83 94 55 93
a 83 84 67 50
a 84 93 9 71
a 84 83 100 74
a 84 94 70 94
a 84 95 35 62
a 84 85 7 17
a 85 94 92 51
a 85 84 39 19
a 85 95 27 89
a 85 96 74 1
a 85 86 6 93
a 86 95 5 39
a 86 85 34 9
a 86 96 39 28
a 86 97 62 20
a 86 87 6 100
a 87 96 20 64
a 87 86 32 60
a 87 97 53 58
a 87 98 30 45
a 87 88 24 8
a 88 97 4 50
a 88 87 15 71
a 88 98 15 20
a 88 99 85 50
a 88 89 19 96
a 89 98 60 71
a 89 88 48 84
a 89 99 51 71
a 89 100 5 20
a 89 90 60 65
a 90 99 92 59
a 90 89 57 40
a 90 100 93 34
