p sp 27 86
n 0 s
n 26 t
a 0 1 86 89
a 0 2 48 14
a 0 3 55 5
a 0 4 35 7
a 0 5 79 49
a 21 26 70 74
a 22 26 18 64
a 23 26 63 35
a 24 26 93 63
a 25 26 97 90
a 1 6 77 33
a 1 7 11 100
a 2 6 75 60
a 2 7 99 54
a 2 8 38 3
a 3 7 6 55
a 3 8 1 7
a 3 9 64 56
a 4 8 90 21
a 4 9 76 35
a 4 10 16 61
a 5 9 78 38
a 5 10 78 93
a 6 11 21 89
a 6 12 1 58
a 6 7 53 34
a 7 11 77 56
a 7 6 37 46
a 7 12 59 30
a 7 13 5 85
a 7 8 1 52
a 8 12 87 84
a 8 7 99 97
a 8 13 9 15
a 8 14 66 29
a 8 9 60 17
a 9 13 16 59
a 9 8 23 88
a 9 14 93 32
a 9 15 2 98
a 9 10 89 63
a 10 14 42 9
a 10 9 86 70
a 10 15 80 96
a 11 16 60 11
a 11 17 18 27
a 11 12 75 21
a 12 16 54 26
a 12 11 2 2
a 12 17 37 51
a 12 18 75 33
a 12 13 95 76
a 13 17 95 25
a 13 12 9 44
a 13 18 4 48
a 13 19 68 81
a 13 14 52 34
a 14 18 58 67
a 14 13 78 46
a 14 19 51 70
a 14 20 9 4
a 14 15 91 77
a 15 19 17 97
a 15 14 22 100
a 15 20 35 20
a 16 21 29 72
a 16 22 51 6
a 16 17 96 57
a 17 21 65 92
a 17 16 17 37
a 17 22 89 29
a 17 23 12 63
a 17 18 64 91
a 18 22 80 96
a 18 17 93 64
a 18 23 95 43
a 18 24 24 98
a 18 19 2 76
a 19 23 58 65
a 19 18 8 58
a 19 24 50 57
a 19 25 58 50
a 19 20 84 47
a 20 24 92 47
a 20 19 89 36
a 20 25 78 9
