p sp 102 416
n 0 s
n 101 t
a 0 1 90 97
a 0 2 49 36
a 0 3 60 58
a 0 4 74 77
a 0 5 14 94
a 0 6 47 87
a 0 7 27 59
a 0 8 96 99
a 0 9 12 69
a 0 10 40 45
a 91 101 92 47
a 92 101 7 13
a 93 101 2 95
a 94 101 63 89
a 95 101 94 38
a 96 101 27 31
a 97 101 67 53
a 98 101 51 7
a 99 101 4 16
a 100 101 16 32
a 1 11 53 43
a 1 12 11 31
a 2 11 5 52
a 2 12 85 48
a 2 13 6 34
a 3 12 99 29
a 3 13 49 20
a 3 14 19 27
a 4 13 61 73
a 4 14 43 79
a 4 15 47 4
a 5 14 77 71
a 5 15 100 84
a 5 16 60 33
a 6 15 71 10
a 6 16 39 9
a 6 17 1 56
a 7 16 40 80
a 7 17 47 90
a 7 18 77 3
a 8 17 43 84
a 8 18 79 19
a 8 19 80 66
a 9 18 99 67
a 9 19 72 17
a 9 20 22 49
a 10 19 79 31
a 10 20 47 98
a 11 21 54 86
a 11 22 73 72
a 11 12 26 74
a 12 21 36 61
a 12 11 48 76
a 12 22 86 50
a 12 23 78 12
a 12 13 67 79
a 13 22 24 75
a 13 12 40 43
a 13 23 48 78
a 13 24 90 61
a 13 14 99 98
a 14 23 59 13
a 14 13 14 41
a 14 24 27 84
a 14 25 70 67
a 14 15 72 62
a 15 24 60 38
a 15 14 22 66
a 15 25 20 20
a 15 26 43 53
a 15 16 9 70
a 16 25 88 17
a 16 15 3 3
a 16 26 99 90
a 16 27 37 55
a 16 17 9 42
a 17 26 50 74
a 17 16 5 88
a 17 27 31 5
a 17 28 6 15
a 17 18 42 91
a 18 27 43 53
a 18 17 82 25
a 18 28 15 48
a 18 29 27 64
a 18 19 64 10
a 19 28 1 25
a 19 18 48 37
a 19 29 17 75
a 19 30 50 34
a 19 20 52 17
a 20 29 83 49
a 20 19 13 83
a 20 30 95 87
a 21 31 74 51
a 21 32 7 64
a 21 22 79 17
a 22 31 81 32
a 22 21 83 60
a 22 32 100 70
a 22 33 99 16
a 22 23 90 63
a 23 32 65 36
a 23 22 66 74
a 23 33 34 52
a 23 34 59 60
a 23 24 20 73
a 24 33 53 67
a 24 23 84 82
a 24 34 66 44
a 24 35 36 28
a 24 25 40 2
a 25 34 24 50
a 25 24 53 3
a 25 35 99 41
a 25 36 44 25
a 25 26 45 71
a 26 35 76 9
a 26 25 57 35
a 26 36 11 16
a 26 37 98 42
a 26 27 77 68
a 27 36 62 86
a 27 26 47 12
a 27 37 34 51
a 27 38 59 64
a 27 28 84 6
a 28 37 66 66
a 28 27 71 46
a 28 38 37 17
a 28 39 55 66
a 28 29 1 68
a 29 38 9 10
a 29 28 86 21
a 29 39 30 46
a 29 40 91 20
a 29 30 20 89
a 30 39 4 82
a 30 29 37 84
a 30 40 12 51
a 31 41 77 26
a 31 42 67 84
a 31 32 82 67
a 32 41 88 59
a 32 31 35 29
a 32 42 65 16
a 32 43 18 23
a 32 33 4 28
a 33 42 39 81
a 33 32 96 97
a 33 43 23 46
a 33 44 97 6
a 33 34 46 61
a 34 43 85 15
a 34 33 73 67
a 34 44 5 20
a 34 45 79 2
a 34 35 80 6
a 35 44 23 3
a 35 34 71 31
a 35 45 12 58
a 35 46 19 95
a 35 36 25 22
a 36 45 60 8
a 36 35 55 80
a 36 46 98 3
a 36 47 13 14
a 36 37 22 89
a 37 46 14 9
a 37 36 62 17
a 37 47 87 60
a 37 48 70 89
a 37 38 74 12
a 38 47 32 4
a 38 37 74 4
a 38 48 19 2
a 38 49 17 50
a 38 39 49 14
a 39 48 11 33
a 39 38 38 89
a 39 49 89 95
a 39 50 81 81
a 39 40 47 22
a 40 49 70 26
a 40 39 66 62
a 40 50 89 81
a 41 51 54 66
a 41 52 47 55
a 41 42 44 92
a 42 51 78 52
a 42 41 40 24
a 42 52 8 65
a 42 53 39 25
a 42 43 1 69
a 43 52 76 15
a 43 42 38 51
a 43 53 17 69
a 43 54 87 21
a 43 44 85 19
a 44 53 72 44
a 44 43 12 16
a 44 54 17 100
a 44 55 91 69
a 44 45 59 44
a 45 54 86 58
a 45 44 46 20
a 45 55 56 23
a 45 56 93 43
a 45 46 27 23
a 46 55 49 88
a 46 45 1 25
a 46 56 59 33
a 46 57 3 27
a 46 47 22 69
a 47 56 84 52
a 47 46 81 64
a 47 57 37 59
a 47 58 93 52
a 47 48 89 30
a 48 57 94 48
a 48 47 32 57
a 48 58 5 90
a 48 59 99 91
a 48 49 23 41
a 49 58 99 72
a 49 48 32 70
a 49 59 37 21
a 49 60 30 19
a 49 50 54 49
a 50 59 29 19
a 50 49 39 25
a 50 60 4 13
a 51 61 38 62
a 51 62 27 51
a 51 52 100 72
a 52 61 38 94
a 52 51 50 63
a 52 62 41 44
a 52 63 87 46
a 52 53 57 7
a 53 62 84 23
a 53 52 86 89
a 53 63 13 45
a 53 64 95 54
a 53 54 88 83
a 54 63 4 49
a 54 53 99 66
a 54 64 39 4
a 54 65 45 34
a 54 55 59 55
a 55 64 85 75
a 55 54 69 75
a 55 65 64 18
a 55 66 92 24
a 55 56 55 55
a 56 65 8 64
a 56 55 78 21
a 56 66 40 72
a 56 67 56 89
a 56 57 29 34
a 57 66 35 36
a 57 56 55 17
a 57 67 19 56
a 57 68 96 28
a 57 58 3 3
a 58 67 63 38
a 58 57 99 71
a 58 68 11 66
a 58 69 78 30
a 58 59 61 8
a 59 68 88 2
a 59 58 88 36
a 59 69 41 6
a 59 70 96 15
a 59 60 74 87
a 60 69 65 42
a 60 59 24 73
a 60 70 75 14
a 61 71 67 78
a 61 72 51 62
a 61 62 8 53
a 62 71 5 26
a 62 61 99 21
a 62 72 38 68
a 62 73 96 21
a 62 63 76 11
a 63 72 17 20
a 63 62 20 24
a 63 73 53 50
a 63 74 88 67
a 63 64 76 73
a 64 73 51 42
a 64 63 60 30
a 64 74 66 27
a 64 75 68 88
a 64 65 57 25
a 65 74 67 4
a 65 64 11 57
a 65 75 92 40
a 65 76 32 21
a 65 66 42 61
a 66 75 17 52
a 66 65 11 44
a 66 76 61 28
a 66 77 14 68
a 66 67 14 82
a 67 76 25 22
a 67 66 10 80
a 67 77 61 27
a 67 78 86 14
a 67 68 61 83
a 68 77 90 6
a 68 67 22 75
a 68 78 7 45
a 68 79 55 40
a 68 69 97 32
a 69 78 99 32
a 69 68 12 1
a 69 79 100 62
a 69 80 31 59
a 69 70 3 65
a 70 79 48 85
a 70 69 46 91
a 70 80 71 25
a 71 81 60 68
a 71 82 42 74
a 71 72 83 62
a 72 81 66 52
a 72 71 24 11
a 72 82 80 12
a 72 83 78 46
a 72 73 43 17
a 73 82 41 4
a 73 72 97 33
a 73 83 47 83
a 73 84 65 22
a 73 74 30 21
a 74 83 81 60
a 74 73 58 70
a 74 84 34 91
a 74 85 52 76
a 74 75 42 95
a 75 84 29 69
a 75 74 88 64
a 75 85 32 36
a 75 86 86 29
a 75 76 4 25
a 76 85 48 77
a 76 75 50 93
a 76 86 69 12
a 76 87 73 29
a 76 77 72 76
a 77 86 89 36
a 77 76 86 15
a 77 87 22 93
a 77 88 82 46
a 77 78 7 20
a 78 87 22 89
a 78 77 75 92
a 78 88 9 54
a 78 89 32 2
a 78 79 38 80
a 79 88 22 97
a 79 78 4 7
a 79 89 31 57
a 79 90 83 38
a 79 80 17 74
a 80 89 100 6
a 80 79 74 90
a 80 90 9 38
a 81 91 52 67
a 81 92 20 69
a 81 82 92 28
a 82 91 58 95
a 82 81 94 88
a 82 92 76 13
a 82 93 42 45
a 82 83 6 92
a 83 92 18 62
a 83 82 1 21
a 83 93 36 90
a 83 94 87 30
a 83 84 72 30
a 84 93 20 35
a 84 83 83 42
a 84 94 52 2
a 84 95 43 37
a 84 85 92 89
a 85 94 35 32
a 85 84 55 47
a 85 95 13 4
a 85 96 98 1
a 85 86 71 68
a 86 95 84 59
a 86 85 36 57
a 86 96 69 88
a 86 97 1 65
a 86 87 81 58
a 87 96 65 47
a 87 86 21 84
a 87 97 21 9
a 87 98 9 85
a 87 88 76 98
a 88 97 93 98
a 88 87 19 55
a 88 98 87 92
a 88 99 77 96
a 88 89 27 75
a 89 98 99 36
a 89 88 59 60
a 89 99 71 17
a 89 100 32 46
a 89 90 70 38
a 90 99 81 65
a 90 89 24 15
a 90 100 15 48
