p sp 102 416
n 0 s
n 101 t
a 0 1 12 77
a 0 2 67 79
a 0 3 42 4
a 0 4 78 5
a 0 5 91 42
a 0 6 9 69
a 0 7 13 12
a 0 8 30 25
a 0 9 54 1
a 0 10 52 59
a 91 101 10 29
a 92 101 98 100
a 93 101 97 59
a 94 101 93 78
a 95 101 32 33
a 96 101 65 65
a 97 101 17 74
a 98 101 74 100
a 99 101 55 40
a 100 101 62 35
a 1 11 71 47
a 1 12 52 93
a 2 11 6 95
a 2 12 67 89
a 2 13 89 6
a 3 12 33 90
a 3 13 36 14
a 3 14 67 76
a 4 13 60 74
a 4 14 66 21
a 4 15 14 15
a 5 14 16 57
a 5 15 36 27
a 5 16 65 10
a 6 15 22 38
a 6 16 34 9
a 6 17 27 14
a 7 16 19 42
a 7 17 87 53
a 7 18 17 22
a 8 17 57 5
a 8 18 15 48
a 8 19 18 88
a 9 18 18 49
a 9 19 17 81
a 9 20 13 73
a 10 19 82 79
a 10 20 90 28
a 11 21 97 81
a 11 22 15 77
a 11 12 12 100
a 12 21 69 50
a 12 11 70 30
a 12 22 87 37
a 12 23 19 80
a 12 13 56 88
a 13 22 5 95
a 13 12 18 77
a 13 23 69 51
a 13 24 11 88
a 13 14 94 72
a 14 23 98 89
a 14 13 48 90
a 14 24 12 85
a 14 25 25 88
a 14 15 77 89
a 15 24 53 17
a 15 14 49 51
a 15 25 4 20
a 15 26 39 14
a 15 16 12 47
a 16 25 53 1
a 16 15 50 56
a 16 26 96 21
a 16 27 97 39
a 16 17 3 44
a 17 26 34 90
a 17 16 46 21
a 17 27 47 70
a 17 28 28 40
a 17 18 91 68
a 18 27 6 70
a 18 17 53 70
a 18 28 1 3
a 18 29 89 64
a 18 19 8 34
a 19 28 7 78
a 19 18 78 60
a 19 29 50 67
a 19 30 90 87
a 19 20 5 100
a 20 29 40 13
a 20 19 14 12
a 20 30 69 56
a 21 31 93 73
a 21 32 64 6
a 21 22 12 76
a 22 31 59 63
a 22 21 31 97
a 22 32 33 55
a 22 33 77 34
a 22 23 97 30
a 23 32 67 45
a 23 22 57 18
a 23 33 63 29
a 23 34 34 37
a 23 24 59 79
a 24 33 99 28
a 24 23 60 54
a 24 34 74 63
a 24 35 64 70
a 24 25 22 46
a 25 34 2 45
a 25 24 84 62
a 25 35 96 35
a 25 36 33 26
a 25 26 1 97
a 26 35 39 73
a 26 25 35 69
a 26 36 24 53
a 26 37 37 77
a 26 27 24 65
a 27 36 25 54
a 27 26 45 20
a 27 37 3 12
a 27 38 38 55
a 27 28 77 1
a 28 37 76 33
a 28 27 43 22
a 28 38 55 25
a 28 39 32 45
a 28 29 8 52
a 29 38 8 77
a 29 28 22 94
a 29 39 86 24
a 29 40 53 41
a 29 30 46 57
a 30 39 35 12
a 30 29 80 71
a 30 40 8 26
a 31 41 35 77
a 31 42 88 86
a 31 32 11 6
a 32 41 12 26
a 32 31 87 80
a 32 42 63 65
a 32 43 3 66
a 32 33 40 78
a 33 42 35 64
a 33 32 57 53
a 33 43 73 8
a 33 44 34 16
a 33 34 84 75
a 34 43 80 39
a 34 33 35 57
a 34 44 74 13
a 34 45 13 49
a 34 35 65 9
a 35 44 84 77
a 35 34 12 98
a 35 45 16 83
a 35 46 2 79
a 35 36 41 82
a 36 45 68 92
a 36 35 9 48
a 36 46 64 29
a 36 47 52 20
a 36 37 5 53
a 37 46 66 79
a 37 36 38 4
a 37 47 40 76
a 37 48 73 29
a 37 38 99 58
a 38 47 92 96
a 38 37 82 31
a 38 48 38 28
a 38 49 76 26
a 38 39 44 65
a 39 48 13 85
a 39 38 8 92
a 39 49 38 58
a 39 50 4 16
a 39 40 55 88
a 40 49 56 57
a 40 39 57 18
a 40 50 42 56
a 41 51 81 24
a 41 52 15 95
a 41 42 76 30
a 42 51 62 47
a 42 41 74 91
a 42 52 60 60
a 42 53 86 10
a 42 43 38 76
a 43 52 40 59
a 43 42 84 12
a 43 53 82 53
a 43 54 21 52
a 43 44 81 20
a 44 53 21 94
a 44 43 56 4
a 44 54 19 59
a 44 55 31 25
a 44 45 6 70
a 45 54 69 29
a 45 44 2 98
a 45 55 56 8
a 45 56 77 11
a 45 46 18 19
a 46 55 24 84
a 46 45 2 37
a 46 56 100 72
a 46 57 13 34
a 46 47 26 50
a 47 56 60 53
a 47 46 47 92
a 47 57 99 77
a 47 58 6 1
a 47 48 90 52
a 48 57 96 87
a 48 47 4 37
a 48 58 41 68
a 48 59 8 56
a 48 49 32 44
a 49 58 21 20
a 49 48 25 25
a 49 59 31 89
a 49 60 28 78
a 49 50 60 69
a 50 59 63 91
a 50 49 58 65
a 50 60 57 97
a 51 61 38 20
a 51 62 22 42
a 51 52 9 40
a 52 61 43 85
a 52 51 84 48
a 52 62 6 3
a 52 63 41 66
a 52 53 79 55
a 53 62 10 50
a 53 52 74 74
a 53 63 86 89
a 53 64 32 65
a 53 54 74 97
a 54 63 2 57
a 54 53 11 46
a 54 64 85 80
a 54 65 73 26
a 54 55 92 57
a 55 64 38 5
a 55 54 85 56
a 55 65 81 58
a 55 66 86 18
a 55 56 52 19
a 56 65 45 17
a 56 55 93 49
a 56 66 38 93
a 56 67 100 56
a 56 57 13 74
a 57 66 8 95
a 57 56 48 49
a 57 67 77 71
a 57 68 2 90
a 57 58 49 94
a 58 67 44 4
a 58 57 75 79
a 58 68 68 25
a 58 69 63 37
a 58 59 48 80
a 59 68 21 37
a 59 58 74 34
a 59 69 14 28
a 59 70 42 57
a 59 60 18 26
a 60 69 73 35
a 60 59 92 54
a 60 70 59 27
a 61 71 70 100
a 61 72 64 5
a 61 62 33 62
a 62 71 8 53
a 62 61 45 58
a 62 72 14 12
a 62 73 27 67
a 62 63 45 86
a 63 72 24 66
a 63 62 85 52
a 63 73 98 8
a 63 74 53 93
a 63 64 5 51
a 64 73 33 20
a 64 63 88 88
a 64 74 19 98
a 64 75 7 57
a 64 65 59 77
a 65 74 42 51
a 65 64 91 26
a 65 75 8 70
a 65 76 22 23
a 65 66 72 20
a 66 75 17 89
a 66 65 25 48
a 66 76 76 93
a 66 77 32 25
a 66 67 92 22
a 67 76 56 76
a 67 66 41 60
a 67 77 28 7
a 67 78 95 72
a 67 68 60 54
a 68 77 22 77
a 68 67 90 88
a 68 78 87 45
a 68 79 3 100
a 68 69 12 64
a 69 78 27 74
a 69 68 23 59
a 69 79 79 53
a 69 80 42 85
a 69 70 33 42
a 70 79 18 53
a 70 69 13 79
a 70 80 37 87
a 71 81 42 47
a 71 82 36 56
a 71 72 69 36
a 72 81 47 1
a 72 71 19 51
a 72 82 29 67
a 72 83 63 46
a 72 73 55 43
a 73 82 10 86
a 73 72 92 5
a 73 83 43 92
a 73 84 83 7
a 73 74 79 72
a 74 83 32 60
a 74 73 85 74
a 74 84 26 78
a 74 85 16 86
a 74 75 45 33
a 75 84 38 73
a 75 74 65 94
a 75 85 9 45
a 75 86 76 96
a 75 76 40 10
a 76 85 49 91
a 76 75 63 35
a 76 86 31 31
a 76 87 25 98
a 76 77 71 47
a 77 86 32 19
a 77 76 69 36
a 77 87 24 100
a 77 88 38 36
a 77 78 81 61
a 78 87 67 21
a 78 77 62 23
a 78 88 68 51
a 78 89 38 45
a 78 79 80 93
a 79 88 46 47
a 79 78 77 76
a 79 89 50 91
a 79 90 64 29
a 79 80 81 77
a 80 89 94 70
a 80 79 83 22
a 80 90 38 29
a 81 91 70 21
a 81 92 14 13
a 81 82 53 23
a 82 91 86 98
a 82 81 98 37
a 82 92 16 8
a 82 93 92 16
a 82 83 50 71
a 83 92 37 33
a 83 82 99 23
a 83 93 25 27
a 83 94 72 91
a 83 84 30 74
a 84 93 60 47
a 84 83 73 70
a 84 94 18 87
a 84 95 31 21
a 84 85 11 70
a 85 94 85 30
a 85 84 73 53
a 85 95 70 47
a 85 96 21 14
a 85 86 46 14
a 86 95 90 85
a 86 85 72 84
a 86 96 11 99
a 86 97 42 7
a 86 87 67 40
a 87 96 45 30
a 87 86 81 87
a 87 97 48 71
a 87 98 46 6
a 87 88 38 21
a 88 97 91 95
a 88 87 72 99
a 88 98 36 66
a 88 99 65 37
a 88 89 63 24
a 89 98 52 47
a 89 88 79 98
a 89 99 52 21
a 89 100 53 84
a 89 90 60 86
a 90 99 16 66
a 90 89 70 36
a 90 100 77 37
