p sp 27 86
n 0 s
n 26 t
a 0 1 65 57
a 0 2 31 22
a 0 3 73 59
a 0 4 32 32
a 0 5 54 1
a 21 26 55 91
a 22 26 83 58
a 23 26 29 9
a 24 26 3 30
a 25 26 84 76
a 1 6 59 2
a 1 7 69 61
a 2 6 80 48
a 2 7 16 66
a 2 8 100 60
a 3 7 68 22
a 3 8 52 34
a 3 9 89 14
a 4 8 40 97
a 4 9 79 33
a 4 10 98 57
a 5 9 89 24
a 5 10 25 51
a 6 11 91 48
a 6 12 18 87
a 6 7 19 73
a 7 11 90 62
a 7 6 41 97
a 7 12 60 29
a 7 13 82 43
a 7 8 87 41
a 8 12 48 98
a 8 7 63 6
a 8 13 4 37
a 8 14 16 48
a 8 9 18 17
a 9 13 91 1
a 9 8 44 73
a 9 14 53 21
a 9 15 10 26
a 9 10 23 95
a 10 14 54 81
a 10 9 48 97
a 10 15 60 14
a 11 16 15 47
a 11 17 27 2
a 11 12 21 25
a 12 16 11 44
a 12 11 11 7
a 12 17 42 45
a 12 18 89 7
a 12 13 13 39
a 13 17 73 19
a 13 12 8 56
a 13 18 63 80
a 13 19 30 73
a 13 14 71 62
a 14 18 80 34
a 14 13 57 74
a 14 19 77 43
a 14 20 62 30
a 14 15 51 54
a 15 19 31 96
a 15 14 89 99
a 15 20 27 99
a 16 21 24 45
a 16 22 59 79
a 16 17 69 20
a 17 21 81 92
a 17 16 21 76
a 17 22 39 53
a 17 23 48 30
a 17 18 17 38
a 18 22 35 65
a 18 17 81 81
a 18 23 1 93
a 18 24 40 34
a 18 19 62 92
a 19 23 90 51
a 19 18 39 33
a 19 24 48 32
a 19 25 46 33
a 19 20 14 2
a 20 24 5 92
a 20 19 79 35
a 20 25 86 34
