p sp 402 1826
n 0 s
n 401 t
a 0 1 12 77
a 0 2 67 79
a 0 3 42 4
a 0 4 78 5
a 0 5 91 42
a 0 6 9 69
a 0 7 13 12
a 0 8 30 25
a 0 9 54 1
a 0 10 52 59
a 0 11 10 29
a 0 12 98 100
a 0 13 97 59
a 0 14 93 78
a 0 15 32 33
a 0 16 65 65
a 0 17 17 74
a 0 18 74 100
a 0 19 55 40
a 0 20 62 35
a 381 401 71 47
a 382 401 52 93
a 383 401 6 95
a 384 401 67 89
a 385 401 89 6
a 386 401 33 90
a 387 401 36 14
a 388 401 67 76
a 389 401 60 74
a 390 401 66 21
a 391 401 14 15
a 392 401 16 57
a 393 401 36 27
a 394 401 65 10
a 395 401 22 38
a 396 401 34 9
a 397 401 27 14
a 398 401 19 42
a 399 401 87 53
a 400 401 17 22
a 1 21 57 5
a 1 22 15 48
a 2 21 18 88
a 2 22 18 49
a 2 23 17 81
a 3 22 13 73
a 3 23 82 79
a 3 24 90 28
a 4 23 97 81
a 4 24 15 77
a 4 25 12 100
a 5 24 69 50
a 5 25 70 30
a 5 26 87 37
a 6 25 19 80
a 6 26 56 88
a 6 27 5 95
a 7 26 18 77
a 7 27 69 51
a 7 28 11 88
a 8 27 94 72
a 8 28 98 89
a 8 29 48 90
a 9 28 12 85
a 9 29 25 88
a 9 30 77 89
a 10 29 53 17
a 10 30 49 51
a 10 31 4 20
a 11 30 39 14
a 11 31 12 47
a 11 32 53 1
a 12 31 50 56
a 12 32 96 21
a 12 33 97 39
a 13 32 3 44
a 13 33 34 90
a 13 34 46 21
a 14 33 47 70
a 14 34 28 40
a 14 35 91 68
a 15 34 6 70
a 15 35 53 70
a 15 36 1 3
a 16 35 89 64
a 16 36 8 34
a 16 37 7 78
a 17 36 78 60
a 17 37 50 67
a 17 38 90 87
a 18 37 5 100
a 18 38 40 13
a 18 39 14 12
a 19 38 69 56
a 19 39 93 73
a 19 40 64 6
a 20 39 12 76
a 20 40 59 63
a 21 41 31 97
a 21 42 33 55
a 21 22 77 34
a 22 41 97 30
a 22 21 67 45
a 22 42 57 18
a 22 43 63 29
a 22 23 34 37
a 23 42 59 79
a 23 22 99 28
a 23 43 60 54
a 23 44 74 63
a 23 24 64 70
a 24 43 22 46
a 24 23 2 45
a 24 44 84 62
a 24 45 96 35
a 24 25 33 26
a 25 44 1 97
a 25 24 39 73
a 25 45 35 69
a 25 46 24 53
a 25 26 37 77
a 26 45 24 65
a 26 25 25 54
a 26 46 45 20
a 26 47 3 12
a 26 27 38 55
a 27 46 77 1
a 27 26 76 33
a 27 47 43 22
a 27 48 55 25
a 27 28 32 45
a 28 47 8 52
a 28 27 8 77
a 28 48 22 94
a 28 49 86 24
a 28 29 53 41
a 29 48 46 57
a 29 28 35 12
a 29 49 80 71
a 29 50 8 26
a 29 30 35 77
a 30 49 88 86
a 30 29 11 6
a 30 50 12 26
a 30 51 87 80
a 30 31 63 65
a 31 50 3 66
a 31 30 40 78
a 31 51 35 64
a 31 52 57 53
a 31 32 73 8
a 32 51 34 16
a 32 31 84 75
a 32 52 80 39
a 32 53 35 57
a 32 33 74 13
a 33 52 13 49
a 33 32 65 9
a 33 53 84 77
a 33 54 12 98
a 33 34 16 83
a 34 53 2 79
a 34 33 41 82
a 34 54 68 92
a 34 55 9 48
a 34 35 64 29
a 35 54 52 20
a 35 34 5 53
a 35 55 66 79
a 35 56 38 4
a 35 36 40 76
a 36 55 73 29
a 36 35 99 58
a 36 56 92 96
a 36 57 82 31
a 36 37 38 28
a 37 56 76 26
a 37 36 44 65
a 37 57 13 85
a 37 58 8 92
a 37 38 38 58
a 38 57 4 16
a 38 37 55 88
a 38 58 56 57
a 38 59 57 18
a 38 39 42 56
a 39 58 81 24
a 39 38 15 95
a 39 59 76 30
a 39 60 62 47
a 39 40 74 91
a 40 59 60 60
a 40 39 86 10
a 40 60 38 76
a 41 61 40 59
a 41 62 84 12
a 41 42 82 53
a 42 61 21 52
a 42 41 81 20
a 42 62 21 94
a 42 63 56 4
a 42 43 19 59
a 43 62 31 25
a 43 42 6 70
a 43 63 69 29
a 43 64 2 98
a 43 44 56 8
a 44 63 77 11
a 44 43 18 19
a 44 64 24 84
a 44 65 2 37
a 44 45 100 72
a 45 64 13 34
a 45 44 26 50
a 45 65 60 53
a 45 66 47 92
a 45 46 99 77
a 46 65 6 1
a 46 45 90 52
a 46 66 96 87
a 46 67 4 37
a 46 47 41 68
a 47 66 8 56
a 47 46 32 44
a 47 67 21 20
a 47 68 25 25
a 47 48 31 89
a 48 67 28 78
a 48 47 60 69
a 48 68 63 91
a 48 69 58 65
a 48 49 57 97
a 49 68 38 20
a 49 48 22 42
a 49 69 9 40
a 49 70 43 85
a 49 50 84 48
a 50 69 6 3
a 50 49 41 66
a 50 70 79 55
a 50 71 10 50
a 50 51 74 74
a 51 70 86 89
a 51 50 32 65
a 51 71 74 97
a 51 72 2 57
a 51 52 11 46
a 52 71 85 80
a 52 51 73 26
a 52 72 92 57
a 52 73 38 5
a 52 53 85 56
a 53 72 81 58
a 53 52 86 18
a 53 73 52 19
a 53 74 45 17
a 53 54 93 49
a 54 73 38 93
a 54 53 100 56
a 54 74 13 74
a 54 75 8 95
a 54 55 48 49
a 55 74 77 71
a 55 54 2 90
a 55 75 49 94
a 55 76 44 4
a 55 56 75 79
a 56 75 68 25
a 56 55 63 37
a 56 76 48 80
a 56 77 21 37
a 56 57 74 34
a 57 76 14 28
a 57 56 42 57
a 57 77 18 26
a 57 78 73 35
a 57 58 92 54
a 58 77 59 27
a 58 57 70 100
a 58 78 64 5
a 58 79 33 62
a 58 59 8 53
a 59 78 45 58
a 59 58 14 12
a 59 79 27 67
a 59 80 45 86
a 59 60 24 66
a 60 79 85 52
a 60 59 98 8
a 60 80 53 93
a 61 81 5 51
a 61 82 33 20
a 61 62 88 88
a 62 81 19 98
a 62 61 7 57
a 62 82 59 77
a 62 83 42 51
a 62 63 91 26
a 63 82 8 70
a 63 62 22 23
a 63 83 72 20
a 63 84 17 89
a 63 64 25 48
a 64 83 76 93
a 64 63 32 25
a 64 84 92 22
a 64 85 56 76
a 64 65 41 60
a 65 84 28 7
a 65 64 95 72
a 65 85 60 54
a 65 86 22 77
a 65 66 90 88
a 66 85 87 45
a 66 65 3 100
a 66 86 12 64
a 66 87 27 74
a 66 67 23 59
a 67 86 79 53
a 67 66 42 85
a 67 87 33 42
a 67 88 18 53
a 67 68 13 79
a 68 87 37 87
a 68 67 42 47
a 68 88 36 56
a 68 89 69 36
a 68 69 47 1
a 69 88 19 51
a 69 68 29 67
a 69 89 63 46
a 69 90 55 43
a 69 70 10 86
a 70 89 92 5
a 70 69 43 92
a 70 90 83 7
a 70 91 79 72
a 70 71 32 60
a 71 90 85 74
a 71 70 26 78
a 71 91 16 86
a 71 92 45 33
a 71 72 38 73
a 72 91 65 94
a 72 71 9 45
a 72 92 76 96
a 72 93 40 10
a 72 73 49 91
a 73 92 63 35
a 73 72 31 31
a 73 93 25 98
a 73 94 71 47
a 73 74 32 19
a 74 93 69 36
a 74 73 24 100
a 74 94 38 36
a 74 95 81 61
a 74 75 67 21
a 75 94 62 23
a 75 74 68 51
a 75 95 38 45
a 75 96 80 93
a 75 76 46 47
a 76 95 77 76
a 76 75 50 91
a 76 96 64 29
a 76 97 81 77
a 76 77 94 70
a 77 96 83 22
a 77 76 38 29
a 77 97 70 21
a 77 98 14 13
a 77 78 53 23
a 78 97 86 98
a 78 77 98 37
a 78 98 16 8
a 78 99 92 16
a 78 79 50 71
a 79 98 37 33
a 79 78 99 23
a 79 99 25 27
a 79 100 72 91
a 79 80 30 74
a 80 99 60 47
a 80 79 73 70
a 80 100 18 87
a 81 101 31 21
a 81 102 11 70
a 81 82 85 30
a 82 101 73 53
a 82 81 70 47
a 82 102 21 14
a 82 103 46 14
a 82 83 90 85
a 83 102 72 84
a 83 82 11 99
a 83 103 42 7
a 83 104 67 40
a 83 84 45 30
a 84 103 81 87
a 84 83 48 71
a 84 104 46 6
a 84 105 38 21
a 84 85 91 95
a 85 104 72 99
a 85 84 36 66
a 85 105 65 37
a 85 106 63 24
a 85 86 52 47
a 86 105 79 98
a 86 85 52 21
a 86 106 53 84
a 86 107 60 86
a 86 87 16 66
a 87 106 70 36
a 87 86 77 37
a 87 107 38 44
a 87 108 50 17
a 87 88 52 67
a 88 107 36 34
a 88 87 26 34
a 88 108 84 5
a 88 109 65 92
a 88 89 50 83
a 89 108 11 74
a 89 88 46 98
a 89 109 61 58
a 89 110 37 11
a 89 90 43 85
a 90 109 4 67
a 90 89 65 28
a 90 110 92 41
a 90 111 19 2
a 90 91 53 94
a 91 110 69 57
a 91 90 32 2
a 91 111 100 6
a 91 112 29 94
a 91 92 68 90
a 92 111 94 94
a 92 91 86 67
a 92 112 58 44
a 92 113 31 49
a 92 93 3 52
a 93 112 12 43
a 93 92 46 17
a 93 113 62 34
a 93 114 46 8
a 93 94 41 29
a 94 113 35 87
a 94 93 93 85
a 94 114 53 44
a 94 115 88 76
a 94 95 14 69
a 95 114 39 25
a 95 94 92 54
a 95 115 1 16
a 95 116 72 54
a 95 96 38 5
a 96 115 15 9
a 96 95 38 46
a 96 116 67 86
a 96 117 20 66
a 96 97 87 45
a 97 116 62 80
a 97 96 89 34
a 97 117 99 65
a 97 118 81 74
a 97 98 56 59
a 98 117 83 2
a 98 97 18 8
a 98 118 58 22
a 98 119 53 31
a 98 99 51 38
a 99 118 45 26
a 99 98 93 21
a 99 119 45 95
a 99 120 18 11
a 99 100 32 65
a 100 119 83 37
a 100 99 69 32
a 100 120 43 53
a 101 121 36 49
a 101 122 50 23
a 101 102 16 80
a 102 121 57 77
a 102 101 32 11
a 102 122 33 2
a 102 123 72 97
a 102 103 28 57
a 103 122 89 92
a 103 102 97 49
a 103 123 37 57
a 103 124 88 5
a 103 104 74 69
a 104 123 23 55
a 104 103 23 60
a 104 124 96 45
a 104 125 84 79
a 104 105 74 16
a 105 124 86 31
a 105 104 60 77
a 105 125 94 86
a 105 126 77 51
a 105 106 80 77
a 106 125 3 32
a 106 105 66 79
a 106 126 75 47
a 106 127 55 78
a 106 107 89 6
a 107 126 18 12
a 107 106 89 11
a 107 127 86 17
a 107 128 93 43
a 107 108 27 84
a 108 127 39 44
a 108 107 16 60
a 108 128 23 32
a 108 129 32 78
a 108 109 42 52
a 109 128 29 64
a 109 108 23 29
a 109 129 96 32
a 109 130 35 54
a 109 110 38 51
a 110 129 20 83
a 110 109 79 37
a 110 130 58 34
a 110 131 72 23
a 110 111 13 13
a 111 130 28 29
a 111 110 36 32
a 111 131 81 54
a 111 132 59 8
a 111 112 58 5
a 112 131 85 33
a 112 111 77 34
a 112 132 4 49
a 112 133 2 2
a 112 113 21 75
a 113 132 30 47
a 113 112 85 79
a 113 133 78 24
a 113 134 15 92
a 113 114 41 70
a 114 133 85 12
a 114 113 53 57
a 114 134 52 95
a 114 135 74 34
a 114 115 15 27
a 115 134 88 97
a 115 114 4 83
a 115 135 82 98
a 115 136 35 40
a 115 116 13 56
a 116 135 61 85
a 116 115 36 35
a 116 136 81 100
a 116 137 39 17
a 116 117 78 39
a 117 136 83 49
a 117 116 32 39
a 117 137 20 7
a 117 138 73 73
a 117 118 2 63
a 118 137 32 71
a 118 117 17 37
a 118 138 68 50
a 118 139 48 53
a 118 119 76 9
a 119 138 81 48
a 119 118 72 61
a 119 139 71 27
a 119 140 12 97
a 119 120 54 77
a 120 139 24 17
a 120 119 96 61
a 120 140 23 44
a 121 141 34 10
a 121 142 62 43
a 121 122 73 26
a 122 141 93 9
a 122 121 79 69
a 122 142 18 16
a 122 143 45 31
a 122 123 66 18
a 123 142 74 53
a 123 122 28 42
a 123 143 63 15
a 123 144 5 97
a 123 124 35 50
a 124 143 2 14
a 124 123 63 77
a 124 144 21 26
a 124 145 94 3
a 124 125 15 76
a 125 144 51 31
a 125 124 31 77
a 125 145 96 17
a 125 146 68 100
a 125 126 91 47
a 126 145 61 66
a 126 125 20 68
a 126 146 14 80
a 126 147 37 22
a 126 127 8 74
a 127 146 65 26
a 127 126 38 89
a 127 147 28 22
a 127 148 83 100
a 127 128 94 83
a 128 147 47 81
a 128 127 53 65
a 128 148 9 63
a 128 149 52 93
a 128 129 16 59
a 129 148 57 6
a 129 128 18 64
a 129 149 98 75
a 129 150 7 4
a 129 130 75 49
a 130 149 50 18
a 130 129 13 44
a 130 150 98 54
a 130 151 48 12
a 130 131 48 96
a 131 150 92 35
a 131 130 64 45
a 131 151 33 41
a 131 152 28 47
a 131 132 37 41
a 132 151 8 95
a 132 131 83 43
a 132 152 89 50
a 132 153 25 76
a 132 133 53 69
a 133 152 39 39
a 133 132 15 99
a 133 153 87 92
a 133 154 28 62
a 133 134 14 3
a 134 153 45 24
a 134 133 73 81
a 134 154 85 16
a 134 155 50 39
a 134 135 68 56
a 135 154 25 18
a 135 134 30 4
a 135 155 58 28
a 135 156 33 78
a 135 136 73 38
a 136 155 97 92
a 136 135 69 89
a 136 156 38 23
a 136 157 39 2
a 136 137 66 68
a 137 156 62 54
a 137 136 69 34
a 137 157 85 63
a 137 158 14 71
a 137 138 61 83
a 138 157 95 24
a 138 137 53 3
a 138 158 20 28
a 138 159 61 51
a 138 139 87 25
a 139 158 94 1
a 139 138 24 8
a 139 159 7 75
a 139 160 12 35
a 139 140 25 98
a 140 159 70 36
a 140 139 53 57
a 140 160 93 72
a 141 161 59 56
a 141 162 87 33
a 141 142 16 28
a 142 161 76 50
a 142 141 37 36
a 142 162 36 2
a 142 163 88 88
a 142 143 98 100
a 143 162 83 57
a 143 142 68 53
a 143 163 91 12
a 143 164 80 63
a 143 144 8 33
a 144 163 18 71
a 144 143 38 74
a 144 164 41 51
a 144 165 21 48
a 144 145 36 27
a 145 164 22 14
a 145 144 49 25
a 145 165 49 57
a 145 166 36 87
a 145 146 71 33
a 146 165 63 21
a 146 145 89 90
a 146 166 83 88
a 146 167 64 9
a 146 147 15 19
a 147 166 25 22
a 147 146 28 88
a 147 167 45 31
a 147 168 32 51
a 147 148 1 60
a 148 167 81 20
a 148 147 51 43
a 148 168 27 14
a 148 169 28 62
a 148 149 2 85
a 149 168 31 95
a 149 148 41 61
a 149 169 64 80
a 149 170 31 41
a 149 150 22 34
a 150 169 44 19
a 150 149 76 32
a 150 170 50 72
a 150 171 2 81
a 150 151 75 48
a 151 170 24 30
a 151 150 6 68
a 151 171 23 73
a 151 172 97 86
a 151 152 36 99
a 152 171 1 8
a 152 151 79 1
a 152 172 57 51
a 152 173 60 32
a 152 153 90 78
a 153 172 62 22
a 153 152 28 30
a 153 173 56 5
a 153 174 27 78
a 153 154 78 31
a 154 173 97 66
a 154 153 94 96
a 154 174 63 92
a 154 175 87 76
a 154 155 79 63
a 155 174 27 53
a 155 154 52 27
a 155 175 51 29
a 155 176 86 1
a 155 156 17 44
a 156 175 6 17
a 156 155 75 10
a 156 176 6 90
a 156 177 91 36
a 156 157 26 43
a 157 176 64 18
a 157 156 30 49
a 157 177 66 24
a 157 178 84 4
a 157 158 78 70
a 158 177 78 22
a 158 157 37 98
a 158 178 29 2
a 158 179 100 64
a 158 159 89 78
a 159 178 50 82
a 159 158 81 2
a 159 179 89 58
a 159 180 19 22
a 159 160 11 42
a 160 179 53 10
a 160 159 76 18
a 160 180 47 80
a 161 181 17 100
a 161 182 49 6
a 161 162 53 13
a 162 181 10 99
a 162 161 40 60
a 162 182 83 73
a 162 183 100 34
a 162 163 62 2
a 163 182 76 77
a 163 162 70 20
a 163 183 53 89
a 163 184 39 13
a 163 164 1 77
a 164 183 51 23
a 164 163 86 42
a 164 184 96 93
a 164 185 31 19
a 164 165 50 20
a 165 184 26 73
a 165 164 62 62
a 165 185 42 38
a 165 186 54 37
a 165 166 74 2
a 166 185 88 56
a 166 165 35 13
a 166 186 80 39
a 166 187 74 20
a 166 167 61 60
a 167 186 61 3
a 167 166 68 67
a 167 187 27 19
a 167 188 20 46
a 167 168 68 22
a 168 187 64 6
a 168 167 75 8
a 168 188 27 75
a 168 189 73 24
a 168 169 18 30
a 169 188 31 61
a 169 168 23 13
a 169 189 3 31
a 169 190 49 84
a 169 170 4 75
a 170 189 89 84
a 170 169 62 94
a 170 190 60 73
a 170 191 90 65
a 170 171 48 41
a 171 190 72 95
a 171 170 65 75
a 171 191 96 72
a 171 192 24 85
a 171 172 62 95
a 172 191 6 99
a 172 171 77 30
a 172 192 64 66
a 172 193 59 69
a 172 173 80 26
a 173 192 67 65
a 173 172 60 75
a 173 193 18 96
a 173 194 26 86
a 173 174 39 91
a 174 193 71 40
a 174 173 98 16
a 174 194 6 99
a 174 195 71 29
a 174 175 42 6
a 175 194 96 5
a 175 174 36 36
a 175 195 83 82
a 175 196 51 25
a 175 176 33 65
a 176 195 45 77
a 176 175 76 63
a 176 196 46 42
a 176 197 75 80
a 176 177 16 1
a 177 196 55 98
a 177 176 14 92
a 177 197 95 3
a 177 198 83 51
a 177 178 98 44
a 178 197 20 65
a 178 177 22 44
a 178 198 27 90
a 178 199 69 49
a 178 179 63 87
a 179 198 51 78
a 179 178 95 30
a 179 199 74 56
a 179 200 30 41
a 179 180 34 34
a 180 199 9 82
a 180 179 53 2
a 180 200 69 9
a 181 201 83 62
a 181 202 73 98
a 181 182 80 45
a 182 201 3 57
a 182 181 83 43
a 182 202 55 100
a 182 203 19 54
a 182 183 92 12
a 183 202 82 56
a 183 182 96 60
a 183 203 89 74
a 183 204 93 68
a 183 184 6 23
a 184 203 49 34
a 184 183 49 14
a 184 204 58 23
a 184 205 98 4
a 184 185 90 72
a 185 204 17 40
a 185 184 83 95
a 185 205 44 6
a 185 206 36 6
a 185 186 86 99
a 186 205 15 56
a 186 185 77 95
a 186 206 15 80
a 186 207 14 51
a 186 187 10 87
a 187 206 77 5
a 187 186 76 88
a 187 207 75 79
a 187 208 68 86
a 187 188 88 81
a 188 207 91 6
a 188 187 22 60
a 188 208 54 40
a 188 209 57 77
a 188 189 94 69
a 189 208 41 5
a 189 188 32 83
a 189 209 38 95
a 189 210 36 41
a 189 190 7 15
a 190 209 37 49
a 190 189 57 54
a 190 210 50 36
a 190 211 100 76
a 190 191 61 22
a 191 210 24 70
a 191 190 85 79
a 191 211 74 74
a 191 212 27 58
a 191 192 57 92
a 192 211 61 80
a 192 191 57 11
a 192 212 10 69
a 192 213 43 88
a 192 193 27 8
a 193 212 70 71
a 193 192 40 8
a 193 213 3 61
a 193 214 19 3
a 193 194 3 51
a 194 213 5 66
a 194 193 51 65
a 194 214 22 40
a 194 215 61 66
a 194 195 88 18
a 195 214 6 19
a 195 194 61 84
a 195 215 92 39
a 195 216 58 1
a 195 196 25 75
a 196 215 72 56
a 196 195 47 43
a 196 216 56 94
a 196 217 19 38
a 196 197 91 41
a 197 216 4 22
a 197 196 33 44
a 197 217 17 8
a 197 218 88 28
a 197 198 48 83
a 198 217 69 16
a 198 197 10 67
a 198 218 82 24
a 198 219 16 2
a 198 199 27 53
a 199 218 68 95
a 199 198 91 57
a 199 219 28 63
a 199 220 16 57
a 199 200 20 25
a 200 219 87 17
a 200 199 96 85
a 200 220 69 95
a 201 221 33 38
a 201 222 69 44
a 201 202 85 98
a 202 221 23 76
a 202 201 98 3
a 202 222 65 69
a 202 223 4 27
a 202 203 62 3
a 203 222 23 28
a 203 202 76 100
a 203 223 15 90
a 203 224 93 27
a 203 204 48 82
a 204 223 5 43
a 204 203 22 9
a 204 224 32 94
a 204 225 21 31
a 204 205 63 39
a 205 224 6 50
a 205 204 2 9
a 205 225 54 74
a 205 226 44 46
a 205 206 5 3
a 206 225 78 1
a 206 205 99 98
a 206 226 47 60
a 206 227 59 49
a 206 207 98 61
a 207 226 21 98
a 207 206 18 28
a 207 227 70 2
a 207 228 14 6
a 207 208 79 51
a 208 227 48 25
a 208 207 99 32
a 208 228 93 57
a 208 229 73 39
a 208 209 8 67
a 209 228 22 98
a 209 208 32 53
a 209 229 16 13
a 209 230 28 37
a 209 210 9 63
a 210 229 25 83
a 210 209 8 7
a 210 230 26 19
a 210 231 12 84
a 210 211 85 40
a 211 230 44 46
a 211 210 42 7
a 211 231 66 80
a 211 232 97 27
a 211 212 81 63
a 212 231 9 65
a 212 211 7 15
a 212 232 68 72
a 212 233 34 97
a 212 213 15 100
a 213 232 64 5
a 213 212 78 66
a 213 233 76 47
a 213 234 93 36
a 213 214 49 78
a 214 233 2 2
a 214 213 32 60
a 214 234 80 56
a 214 235 73 94
a 214 215 89 50
a 215 234 44 71
a 215 214 79 51
a 215 235 24 59
a 215 236 17 82
a 215 216 81 99
a 216 235 92 61
a 216 215 4 43
a 216 236 42 67
a 216 237 67 81
a 216 217 92 32
a 217 236 52 5
a 217 216 31 17
a 217 237 90 22
a 217 238 69 93
a 217 218 83 1
a 218 237 98 28
a 218 217 78 100
a 218 238 11 57
a 218 239 70 30
a 218 219 11 47
a 219 238 40 13
a 219 218 19 30
a 219 239 41 97
a 219 240 60 5
a 219 220 47 33
a 220 239 85 46
a 220 219 73 96
a 220 240 96 17
a 221 241 72 67
a 221 242 83 33
a 221 222 13 34
a 222 241 79 55
a 222 221 93 72
a 222 242 35 88
a 222 243 32 47
a 222 223 55 63
a 223 242 57 69
a 223 222 85 14
a 223 243 44 50
a 223 244 29 79
a 223 224 21 7
a 224 243 57 79
a 224 223 45 73
a 224 244 84 30
a 224 245 40 39
a 224 225 57 8
a 225 244 94 68
a 225 224 1 80
a 225 245 4 21
a 225 246 28 4
a 225 226 26 43
a 226 245 17 2
a 226 225 10 34
a 226 246 68 62
a 226 247 71 23
a 226 227 65 29
a 227 246 49 20
a 227 226 89 78
a 227 247 35 17
a 227 248 16 7
a 227 228 59 6
a 228 247 38 43
a 228 227 90 28
a 228 248 79 47
a 228 249 62 74
a 228 229 47 20
a 229 248 92 86
a 229 228 12 32
a 229 249 7 76
a 229 250 69 32
a 229 230 57 79
a 230 249 31 50
a 230 229 55 50
a 230 250 27 75
a 230 251 63 87
a 230 231 35 74
a 231 250 64 24
a 231 230 96 13
a 231 251 85 30
a 231 252 26 16
a 231 232 52 7
a 232 251 2 44
a 232 231 71 15
a 232 252 28 40
a 232 253 6 96
a 232 233 100 44
a 233 252 87 27
a 233 232 36 100
a 233 253 42 83
a 233 254 53 99
a 233 234 61 61
a 234 253 74 54
a 234 233 53 9
a 234 254 62 55
a 234 255 76 13
a 234 235 89 19
a 235 254 78 32
a 235 234 67 60
a 235 255 70 63
a 235 256 26 36
a 235 236 33 28
a 236 255 50 44
a 236 235 63 35
a 236 256 55 89
a 236 257 95 34
a 236 237 93 77
a 237 256 42 60
a 237 236 45 14
a 237 257 32 46
a 237 258 48 48
a 237 238 5 18
a 238 257 65 92
a 238 237 3 74
a 238 258 4 61
a 238 259 77 50
a 238 239 86 42
a 239 258 93 2
a 239 238 45 35
a 239 259 88 78
a 239 260 56 86
a 239 240 14 43
a 240 259 77 66
a 240 239 69 91
a 240 260 99 16
a 241 261 70 78
a 241 262 42 16
a 241 242 99 61
a 242 261 93 59
a 242 241 52 83
a 242 262 51 91
a 242 263 5 51
a 242 243 79 28
a 243 262 38 64
a 243 242 43 34
a 243 263 18 37
a 243 264 5 96
a 243 244 3 46
a 244 263 39 37
a 244 243 82 79
a 244 264 24 34
a 244 265 95 60
a 244 245 76 44
a 245 264 59 89
a 245 244 34 16
a 245 265 30 17
a 245 266 10 60
a 245 246 93 31
a 246 265 94 24
a 246 245 56 76
a 246 266 86 11
a 246 267 94 96
a 246 247 83 1
a 247 266 53 51
a 247 246 69 19
a 247 267 30 36
a 247 268 89 17
a 247 248 74 14
a 248 267 30 59
a 248 247 15 100
a 248 268 72 78
a 248 269 94 31
a 248 249 99 39
a 249 268 25 69
a 249 248 70 87
a 249 269 74 17
a 249 270 3 66
a 249 250 90 42
a 250 269 72 82
a 250 249 42 11
a 250 270 5 99
a 250 271 83 61
a 250 251 94 77
a 251 270 69 32
a 251 250 52 78
a 251 271 94 27
a 251 272 98 87
a 251 252 7 73
a 252 271 56 21
a 252 251 69 39
a 252 272 4 1
a 252 273 46 64
a 252 253 3 14
a 253 272 81 100
a 253 252 52 99
a 253 273 4 36
a 253 274 69 97
a 253 254 91 43
a 254 273 18 78
a 254 253 26 76
a 254 274 14 28
a 254 275 32 53
a 254 255 76 17
a 255 274 32 91
a 255 254 3 4
a 255 275 30 83
a 255 276 51 46
a 255 256 38 15
a 256 275 8 75
a 256 255 92 18
a 256 276 31 56
a 256 277 47 20
a 256 257 63 38
a 257 276 58 34
a 257 256 53 36
a 257 277 46 59
a 257 278 32 21
a 257 258 25 72
a 258 277 39 97
a 258 257 100 46
a 258 278 31 60
a 258 279 3 41
a 258 259 56 38
a 259 278 95 3
a 259 258 64 17
a 259 279 61 75
a 259 280 23 8
a 259 260 9 82
a 260 279 85 77
a 260 259 82 18
a 260 280 12 63
a 261 281 36 78
a 261 282 82 14
a 261 262 98 40
a 262 281 11 83
a 262 261 96 88
a 262 282 11 100
a 262 283 80 74
a 262 263 78 85
a 263 282 80 13
a 263 262 62 62
a 263 283 23 84
a 263 284 63 25
a 263 264 76 86
a 264 283 18 18
a 264 263 49 14
a 264 284 55 67
a 264 285 50 16
a 264 265 72 6
a 265 284 86 91
a 265 264 63 43
a 265 285 96 91
a 265 286 57 100
a 265 266 26 94
a 266 285 38 35
a 266 265 22 8
a 266 286 77 71
a 266 287 30 45
a 266 267 65 93
a 267 286 50 41
a 267 266 90 98
a 267 287 91 62
a 267 288 37 47
a 267 268 94 69
a 268 287 62 46
a 268 267 62 99
a 268 288 92 45
a 268 289 75 82
a 268 269 100 8
a 269 288 8 33
a 269 268 28 71
a 269 289 90 80
a 269 290 11 66
a 269 270 22 21
a 270 289 25 58
a 270 269 53 93
a 270 290 48 73
a 270 291 22 16
a 270 271 43 93
a 271 290 77 5
a 271 270 36 53
a 271 291 40 36
a 271 292 45 57
a 271 272 71 61
a 272 291 64 13
a 272 271 70 18
a 272 292 11 35
a 272 293 26 61
a 272 273 19 82
a 273 292 40 49
a 273 272 24 62
a 273 293 53 28
a 273 294 22 25
a 273 274 52 86
a 274 293 84 35
a 274 273 91 60
a 274 294 22 8
a 274 295 30 91
a 274 275 99 43
a 275 294 18 40
a 275 274 65 51
a 275 295 32 94
a 275 296 67 45
a 275 276 66 3
a 276 295 20 32
a 276 275 95 81
a 276 296 98 95
a 276 297 28 12
a 276 277 27 73
a 277 296 40 56
a 277 276 17 3
a 277 297 72 78
a 277 298 85 65
a 277 278 52 92
a 278 297 1 39
a 278 277 89 75
a 278 298 86 65
a 278 299 47 56
a 278 279 25 50
a 279 298 64 15
a 279 278 64 27
a 279 299 72 100
a 279 300 34 59
a 279 280 68 75
a 280 299 71 54
a 280 279 58 16
a 280 300 45 11
a 281 301 79 32
a 281 302 79 11
a 281 282 56 15
a 282 301 4 57
a 282 281 7 35
a 282 302 65 67
a 282 303 86 5
a 282 283 5 27
a 283 302 34 32
a 283 282 62 99
a 283 303 41 23
a 283 304 80 3
a 283 284 10 100
a 284 303 54 38
a 284 283 51 36
a 284 304 89 76
a 284 305 89 9
a 284 285 53 27
a 285 304 68 99
a 285 284 19 16
a 285 305 54 86
a 285 306 69 30
a 285 286 25 37
a 286 305 34 2
a 286 285 25 21
a 286 306 30 77
a 286 307 64 86
a 286 287 69 87
a 287 306 38 43
a 287 286 56 48
a 287 307 58 84
a 287 308 76 70
a 287 288 22 36
a 288 307 67 24
a 288 287 23 37
a 288 308 11 81
a 288 309 56 94
a 288 289 46 5
a 289 308 61 44
a 289 288 72 28
a 289 309 97 84
a 289 310 63 61
a 289 290 97 100
a 290 309 61 7
a 290 289 56 29
a 290 310 89 85
a 290 311 79 66
a 290 291 67 13
a 291 310 6 31
a 291 290 82 79
a 291 311 73 85
a 291 312 3 49
a 291 292 30 66
a 292 311 84 60
a 292 291 32 57
a 292 312 89 49
a 292 313 34 52
a 292 293 87 17
a 293 312 78 50
a 293 292 11 38
a 293 313 3 100
a 293 314 69 20
a 293 294 6 19
a 294 313 85 45
a 294 293 20 22
a 294 314 88 22
a 294 315 51 70
a 294 295 48 38
a 295 314 40 74
a 295 294 7 84
a 295 315 65 96
a 295 316 6 33
a 295 296 63 54
a 296 315 77 11
a 296 295 45 15
a 296 316 44 10
a 296 317 17 58
a 296 297 60 50
a 297 316 88 34
a 297 296 47 74
a 297 317 6 3
a 297 318 51 40
a 297 298 40 9
a 298 317 30 61
a 298 297 10 62
a 298 318 63 76
a 298 319 21 7
a 298 299 61 71
a 299 318 93 100
a 299 298 29 55
a 299 319 1 73
a 299 320 43 86
a 299 300 56 58
a 300 319 38 94
a 300 299 24 5
a 300 320 81 32
a 301 321 90 67
a 301 322 93 98
a 301 302 12 89
a 302 321 40 70
a 302 301 19 87
a 302 322 36 53
a 302 323 34 64
a 302 303 62 37
a 303 322 32 84
a 303 302 55 92
a 303 323 30 38
a 303 324 81 69
a 303 304 56 40
a 304 323 75 28
a 304 303 42 93
a 304 324 14 38
a 304 325 5 63
a 304 305 40 95
a 305 324 60 72
a 305 304 54 33
a 305 325 28 99
a 305 326 94 70
a 305 306 34 100
a 306 325 76 18
a 306 305 64 36
a 306 326 47 14
a 306 327 69 22
a 306 307 33 33
a 307 326 11 24
a 307 306 47 57
a 307 327 83 42
a 307 328 82 62
a 307 308 18 78
a 308 327 54 40
a 308 307 6 19
a 308 328 65 62
a 308 329 5 92
a 308 309 21 28
a 309 328 20 66
a 309 308 8 49
a 309 329 48 10
a 309 330 37 58
a 309 310 49 82
a 310 329 36 16
a 310 309 23 18
a 310 330 6 12
a 310 331 50 63
a 310 311 10 74
a 311 330 71 60
a 311 310 41 60
a 311 331 68 81
a 311 332 9 45
a 311 312 86 57
a 312 331 26 2
a 312 311 53 55
a 312 332 58 11
a 312 333 86 73
a 312 313 41 15
a 313 332 18 6
a 313 312 1 87
a 313 333 37 71
a 313 334 76 46
a 313 314 91 81
a 314 333 34 20
a 314 313 66 97
a 314 334 83 55
a 314 335 14 100
a 314 315 13 82
a 315 334 6 50
a 315 314 47 32
a 315 335 75 11
a 315 336 72 57
a 315 316 60 10
a 316 335 3 46
a 316 315 32 54
a 316 336 97 26
a 316 337 41 13
a 316 317 74 2
a 317 336 54 87
a 317 316 65 70
a 317 337 24 97
a 317 338 98 38
a 317 318 2 41
a 318 337 34 44
a 318 317 99 59
a 318 338 29 95
a 318 339 85 1
a 318 319 81 29
a 319 338 35 99
a 319 318 63 50
a 319 339 68 9
a 319 340 43 85
a 319 320 3 6
a 320 339 90 33
a 320 319 88 67
a 320 340 8 45
a 321 341 89 77
a 321 342 24 76
a 321 322 78 83
a 322 341 67 17
a 322 321 59 93
a 322 342 36 98
a 322 343 67 30
a 322 323 11 60
a 323 342 42 53
a 323 322 85 79
a 323 343 61 92
a 323 344 92 60
a 323 324 14 29
a 324 343 53 33
a 324 323 92 14
a 324 344 34 21
a 324 345 28 87
a 324 325 87 5
a 325 344 57 36
a 325 324 88 75
a 325 345 51 18
a 325 346 45 1
a 325 326 26 50
a 326 345 98 22
a 326 325 11 21
a 326 346 98 26
a 326 347 4 62
a 326 327 4 39
a 327 346 84 66
a 327 326 55 33
a 327 347 26 47
a 327 348 88 6
a 327 328 75 65
a 328 347 42 66
a 328 327 96 17
a 328 348 27 87
a 328 349 54 56
a 328 329 26 93
a 329 348 33 28
a 329 328 79 55
a 329 349 88 2
a 329 350 100 42
a 329 330 31 48
a 330 349 98 54
a 330 329 83 33
a 330 350 93 50
a 330 351 67 84
a 330 331 5 96
a 331 350 72 10
a 331 330 80 47
a 331 351 54 49
a 331 352 17 62
a 331 332 54 45
a 332 351 8 18
a 332 331 44 13
a 332 352 66 35
a 332 353 22 80
a 332 333 36 80
a 333 352 28 58
a 333 332 30 85
a 333 353 32 67
a 333 354 53 58
a 333 334 81 86
a 334 353 78 99
a 334 333 88 46
a 334 354 39 47
a 334 355 75 34
a 334 335 77 62
a 335 354 53 59
a 335 334 24 95
a 335 355 76 89
a 335 356 70 86
a 335 336 57 75
a 336 355 78 75
a 336 335 38 63
a 336 356 25 91
a 336 357 6 34
a 336 337 37 9
a 337 356 79 16
a 337 336 10 50
a 337 357 22 49
a 337 358 58 62
a 337 338 27 77
a 338 357 77 64
a 338 337 88 82
a 338 358 24 88
a 338 359 55 47
a 338 339 43 31
a 339 358 4 3
a 339 338 79 91
a 339 359 22 92
a 339 360 31 6
a 339 340 11 68
a 340 359 75 10
a 340 339 98 96
a 340 360 86 83
a 341 361 80 12
a 341 362 33 76
a 341 342 91 49
a 342 361 73 44
a 342 341 71 32
a 342 362 14 81
a 342 363 87 44
a 342 343 22 20
a 343 362 85 9
a 343 342 29 17
a 343 363 66 5
a 343 364 43 8
a 343 344 97 24
a 344 363 64 81
a 344 343 20 87
a 344 364 17 52
a 344 365 44 29
a 344 345 88 82
a 345 364 25 55
a 345 344 34 90
a 345 365 33 74
a 345 366 20 79
a 345 346 28 60
a 346 365 95 7
a 346 345 78 99
a 346 366 41 64
a 346 367 80 2
a 346 347 42 6
a 347 366 85 50
a 347 346 61 51
a 347 367 48 80
a 347 368 56 3
a 347 348 59 18
a 348 367 31 4
a 348 347 80 27
a 348 368 43 65
a 348 369 84 9
a 348 349 40 90
a 349 368 76 62
a 349 348 73 65
a 349 369 60 67
a 349 370 92 73
a 349 350 4 22
a 350 369 55 53
a 350 349 78 42
a 350 370 52 79
a 350 371 38 97
a 350 351 51 90
a 351 370 25 66
a 351 350 73 49
a 351 371 17 68
a 351 372 73 23
a 351 352 34 84
a 352 371 84 68
a 352 351 41 67
a 352 372 17 87
a 352 373 34 100
a 352 353 72 23
a 353 372 84 93
a 353 352 19 11
a 353 373 34 52
a 353 374 59 73
a 353 354 82 95
a 354 373 5 58
a 354 353 77 89
a 354 374 40 73
a 354 375 6 3
a 354 355 4 42
a 355 374 80 23
a 355 354 86 40
a 355 375 66 90
a 355 376 42 67
a 355 356 62 74
a 356 375 19 42
a 356 355 98 13
a 356 376 37 61
a 356 377 39 41
a 356 357 85 86
a 357 376 49 5
a 357 356 66 11
a 357 377 65 43
a 357 378 51 5
a 357 358 14 96
a 358 377 59 60
a 358 357 53 42
a 358 378 12 43
a 358 379 64 73
a 358 359 61 46
a 359 378 78 57
a 359 358 39 23
a 359 379 17 44
a 359 380 74 11
a 359 360 18 75
a 360 379 57 2
a 360 359 70 56
a 360 380 95 93
a 361 381 75 92
a 361 382 74 100
a 361 362 53 82
a 362 381 74 3
a 362 361 35 93
a 362 382 84 51
a 362 383 85 70
a 362 363 65 8
a 363 382 59 86
a 363 362 66 49
a 363 383 58 58
a 363 384 41 88
a 363 364 67 24
a 364 383 29 3
a 364 363 82 84
a 364 384 4 56
a 364 385 80 25
a 364 365 61 46
a 365 384 55 82
a 365 364 62 61
a 365 385 16 68
a 365 386 9 8
a 365 366 83 69
a 366 385 35 53
a 366 365 81 79
a 366 386 70 13
a 366 387 59 5
a 366 367 87 86
a 367 386 62 47
a 367 366 56 79
a 367 387 27 80
a 367 388 8 96
a 367 368 35 16
a 368 387 68 4
a 368 367 93 24
a 368 388 75 12
a 368 389 1 36
a 368 369 66 97
a 369 388 10 95
a 369 368 94 25
a 369 389 72 58
a 369 390 41 2
a 369 370 26 55
a 370 389 59 8
a 370 369 34 88
a 370 390 81 62
a 370 391 7 77
a 370 371 23 29
a 371 390 22 11
a 371 370 80 41
a 371 391 58 27
a 371 392 72 65
a 371 372 90 71
a 372 391 57 66
a 372 371 60 72
a 372 392 55 7
a 372 393 7 94
a 372 373 17 72
a 373 392 38 84
a 373 372 82 85
a 373 393 48 100
a 373 394 66 3
a 373 374 29 71
a 374 393 15 14
a 374 373 15 85
a 374 394 83 58
a 374 395 59 20
a 374 375 14 12
a 375 394 54 71
a 375 374 49 3
a 375 395 11 64
a 375 396 22 85
a 375 376 47 47
a 376 395 64 48
a 376 375 100 78
a 376 396 3 75
a 376 397 52 81
a 376 377 14 86
a 377 396 66 77
a 377 376 89 45
a 377 397 47 34
a 377 398 6 58
a 377 378 22 19
a 378 397 28 17
a 378 377 47 87
a 378 398 2 2
a 378 399 38 50
a 378 379 22 57
a 379 398 80 5
a 379 378 73 53
a 379 399 39 27
a 379 400 55 64
a 379 380 26 1
a 380 399 81 24
a 380 379 69 80
a 380 400 91 24
