p sp 902 4236
n 0 s
n 901 t
a 0 1 90 97
a 0 2 49 36
a 0 3 60 58
a 0 4 74 77
a 0 5 14 94
a 0 6 47 87
a 0 7 27 59
a 0 8 96 99
a 0 9 12 69
a 0 10 40 45
a 0 11 92 47
a 0 12 7 13
a 0 13 2 95
a 0 14 63 89
a 0 15 94 38
a 0 16 27 31
a 0 17 67 53
a 0 18 51 7
a 0 19 4 16
a 0 20 16 32
a 0 21 53 43
a 0 22 11 31
a 0 23 5 52
a 0 24 85 48
a 0 25 6 34
a 0 26 99 29
a 0 27 49 20
a 0 28 19 27
a 0 29 61 73
a 0 30 43 79
a 871 901 47 4
a 872 901 77 71
a 873 901 100 84
a 874 901 60 33
a 875 901 71 10
a 876 901 39 9
a 877 901 1 56
a 878 901 40 80
a 879 901 47 90
a 880 901 77 3
a 881 901 43 84
a 882 901 79 19
a 883 901 80 66
a 884 901 99 67
a 885 901 72 17
a 886 901 22 49
a 887 901 79 31
a 888 901 47 98
a 889 901 54 86
a 890 901 73 72
a 891 901 26 74
a 892 901 36 61
a 893 901 48 76
a 894 901 86 50
a 895 901 78 12
a 896 901 67 79
a 897 901 24 75
a 898 901 40 43
a 899 901 48 78
a 900 901 90 61
a 1 31 99 98
a 1 32 59 13
a 2 31 14 41
a 2 32 27 84
a 2 33 70 67
a 3 32 72 62
a 3 33 60 38
a 3 34 22 66
a 4 33 20 20
a 4 34 43 53
a 4 35 9 70
a 5 34 88 17
a 5 35 3 3
a 5 36 99 90
a 6 35 37 55
a 6 36 9 42
a 6 37 50 74
a 7 36 5 88
a 7 37 31 5
a 7 38 6 15
a 8 37 42 91
a 8 38 43 53
a 8 39 82 25
a 9 38 15 48
a 9 39 27 64
a 9 40 64 10
a 10 39 1 25
a 10 40 48 37
a 10 41 17 75
a 11 40 50 34
a 11 41 52 17
a 11 42 83 49
a 12 41 13 83
a 12 42 95 87
a 12 43 74 51
a 13 42 7 64
a 13 43 79 17
a 13 44 81 32
a 14 43 83 60
a 14 44 100 70
a 14 45 99 16
a 15 44 90 63
a 15 45 65 36
a 15 46 66 74
a 16 45 34 52
a 16 46 59 60
a 16 47 20 73
a 17 46 53 67
a 17 47 84 82
a 17 48 66 44
a 18 47 36 28
a 18 48 40 2
a 18 49 24 50
a 19 48 53 3
a 19 49 99 41
a 19 50 44 25
a 20 49 45 71
a 20 50 76 9
a 20 51 57 35
a 21 50 11 16
a 21 51 98 42
a 21 52 77 68
a 22 51 62 86
a 22 52 47 12
a 22 53 34 51
a 23 52 59 64
a 23 53 84 6
a 23 54 66 66
a 24 53 71 46
a 24 54 37 17
a 24 55 55 66
a 25 54 1 68
a 25 55 9 10
a 25 56 86 21
a 26 55 30 46
a 26 56 91 20
a 26 57 20 89
a 27 56 4 82
a 27 57 37 84
a 27 58 12 51
a 28 57 77 26
a 28 58 67 84
a 28 59 82 67
a 29 58 88 59
a 29 59 35 29
a 29 60 65 16
a 30 59 18 23
a 30 60 4 28
a 31 61 39 81
a 31 62 96 97
a 31 32 23 46
a 32 61 97 6
a 32 31 46 61
a 32 62 85 15
a 32 63 73 67
a 32 33 5 20
a 33 62 79 2
a 33 32 80 6
a 33 63 23 3
a 33 64 71 31
a 33 34 12 58
a 34 63 19 95
a 34 33 25 22
a 34 64 60 8
a 34 65 55 80
a 34 35 98 3
a 35 64 13 14
a 35 34 22 89
a 35 65 14 9
a 35 66 62 17
a 35 36 87 60
a 36 65 70 89
a 36 35 74 12
a 36 66 32 4
a 36 67 74 4
a 36 37 19 2
a 37 66 17 50
a 37 36 49 14
a 37 67 11 33
a 37 68 38 89
a 37 38 89 95
a 38 67 81 81
a 38 37 47 22
a 38 68 70 26
a 38 69 66 62
a 38 39 89 81
a 39 68 54 66
a 39 38 47 55
a 39 69 44 92
a 39 70 78 52
a 39 40 40 24
a 40 69 8 65
a 40 39 39 25
a 40 70 1 69
a 40 71 76 15
a 40 41 38 51
a 41 70 17 69
a 41 40 87 21
a 41 71 85 19
a 41 72 72 44
a 41 42 12 16
a 42 71 17 100
a 42 41 91 69
a 42 72 59 44
a 42 73 86 58
a 42 43 46 20
a 43 72 56 23
a 43 42 93 43
a 43 73 27 23
a 43 74 49 88
a 43 44 1 25
a 44 73 59 33
a 44 43 3 27
a 44 74 22 69
a 44 75 84 52
a 44 45 81 64
a 45 74 37 59
a 45 44 93 52
a 45 75 89 30
a 45 76 94 48
a 45 46 32 57
a 46 75 5 90
a 46 45 99 91
a 46 76 23 41
a 46 77 99 72
a 46 47 32 70
a 47 76 37 21
a 47 46 30 19
a 47 77 54 49
a 47 78 29 19
a 47 48 39 25
a 48 77 4 13
a 48 47 38 62
a 48 78 27 51
a 48 79 100 72
a 48 49 38 94
a 49 78 50 63
a 49 48 41 44
a 49 79 87 46
a 49 80 57 7
a 49 50 84 23
a 50 79 86 89
a 50 49 13 45
a 50 80 95 54
a 50 81 88 83
a 50 51 4 49
a 51 80 99 66
a 51 50 39 4
a 51 81 45 34
a 51 82 59 55
a 51 52 85 75
a 52 81 69 75
a 52 51 64 18
a 52 82 92 24
a 52 83 55 55
a 52 53 8 64
a 53 82 78 21
a 53 52 40 72
a 53 83 56 89
a 53 84 29 34
a 53 54 35 36
a 54 83 55 17
a 54 53 19 56
a 54 84 96 28
a 54 85 3 3
a 54 55 63 38
a 55 84 99 71
a 55 54 11 66
a 55 85 78 30
a 55 86 61 8
a 55 56 88 2
a 56 85 88 36
a 56 55 41 6
a 56 86 96 15
a 56 87 74 87
a 56 57 65 42
a 57 86 24 73
a 57 56 75 14
a 57 87 67 78
a 57 88 51 62
a 57 58 8 53
a 58 87 5 26
a 58 57 99 21
a 58 88 38 68
a 58 89 96 21
a 58 59 76 11
a 59 88 17 20
a 59 58 20 24
a 59 89 53 50
a 59 90 88 67
a 59 60 76 73
a 60 89 51 42
a 60 59 60 30
a 60 90 66 27
a 61 91 68 88
a 61 92 57 25
a 61 62 67 4
a 62 91 11 57
a 62 61 92 40
a 62 92 32 21
a 62 93 42 61
a 62 63 17 52
a 63 92 11 44
a 63 62 61 28
a 63 93 14 68
a 63 94 14 82
a 63 64 25 22
a 64 93 10 80
a 64 63 61 27
a 64 94 86 14
a 64 95 61 83
a 64 65 90 6
a 65 94 22 75
a 65 64 7 45
a 65 95 55 40
a 65 96 97 32
a 65 66 99 32
a 66 95 12 1
a 66 65 100 62
a 66 96 31 59
a 66 97 3 65
a 66 67 48 85
a 67 96 46 91
a 67 66 71 25
a 67 97 60 68
a 67 98 42 74
a 67 68 83 62
a 68 97 66 52
a 68 67 24 11
a 68 98 80 12
a 68 99 78 46
a 68 69 43 17
a 69 98 41 4
a 69 68 97 33
a 69 99 47 83
a 69 100 65 22
a 69 70 30 21
a 70 99 81 60
a 70 69 58 70
a 70 100 34 91
a 70 101 52 76
a 70 71 42 95
a 71 100 29 69
a 71 70 88 64
a 71 101 32 36
a 71 102 86 29
a 71 72 4 25
a 72 101 48 77
a 72 71 50 93
a 72 102 69 12
a 72 103 73 29
a 72 73 72 76
a 73 102 89 36
a 73 72 86 15
a 73 103 22 93
a 73 104 82 46
a 73 74 7 20
a 74 103 22 89
a 74 73 75 92
a 74 104 9 54
a 74 105 32 2
a 74 75 38 80
a 75 104 22 97
a 75 74 4 7
a 75 105 31 57
a 75 106 83 38
a 75 76 17 74
a 76 105 100 6
a 76 75 74 90
a 76 106 9 38
a 76 107 52 67
a 76 77 20 69
a 77 106 92 28
a 77 76 58 95
a 77 107 94 88
a 77 108 76 13
a 77 78 42 45
a 78 107 6 92
a 78 77 18 62
a 78 108 1 21
a 78 109 36 90
a 78 79 87 30
a 79 108 72 30
a 79 78 20 35
a 79 109 83 42
a 79 110 52 2
a 79 80 43 37
a 80 109 92 89
a 80 79 35 32
a 80 110 55 47
a 80 111 13 4
a 80 81 98 1
a 81 110 71 68
a 81 80 84 59
a 81 111 36 57
a 81 112 69 88
a 81 82 1 65
a 82 111 81 58
a 82 81 65 47
a 82 112 21 84
a 82 113 21 9
a 82 83 9 85
a 83 112 76 98
a 83 82 93 98
a 83 113 19 55
a 83 114 87 92
a 83 84 77 96
a 84 113 27 75
a 84 83 99 36
a 84 114 59 60
a 84 115 71 17
a 84 85 32 46
a 85 114 70 38
a 85 84 81 65
a 85 115 24 15
a 85 116 15 48
a 85 86 24 79
a 86 115 2 20
a 86 85 66 26
a 86 116 76 90
a 86 117 14 43
a 86 87 44 2
a 87 116 5 21
a 87 86 87 51
a 87 117 10 41
a 87 118 63 63
a 87 88 47 42
a 88 117 19 19
a 88 87 71 93
a 88 118 23 39
a 88 119 18 1
a 88 89 1 96
a 89 118 56 92
a 89 88 34 80
a 89 119 58 1
a 89 120 53 96
a 89 90 26 70
a 90 119 1 81
a 90 89 50 98
a 90 120 1 16
a 91 121 52 90
a 91 122 80 16
a 91 92 13 40
a 92 121 62 66
a 92 91 24 81
a 92 122 24 84
a 92 123 46 78
a 92 93 52 88
a 93 122 81 80
a 93 92 13 19
a 93 123 58 68
a 93 124 83 82
a 93 94 100 44
a 94 123 22 89
a 94 93 54 23
a 94 124 9 51
a 94 125 89 9
a 94 95 70 86
a 95 124 88 36
a 95 94 81 40
a 95 125 61 80
a 95 126 22 76
a 95 96 5 61
a 96 125 100 75
a 96 95 71 54
a 96 126 76 62
a 96 127 13 74
a 96 97 19 80
a 97 126 88 95
a 97 96 47 54
a 97 127 44 64
a 97 128 9 71
a 97 98 97 16
a 98 127 5 27
a 98 97 64 73
a 98 128 35 12
a 98 129 21 36
a 98 99 87 23
a 99 128 90 82
a 99 98 96 69
a 99 129 21 55
a 99 130 13 10
a 99 100 68 91
a 100 129 20 63
a 100 99 2 41
a 100 130 25 24
a 100 131 85 14
a 100 101 67 73
a 101 130 43 60
a 101 100 78 90
a 101 131 46 100
a 101 132 29 23
a 101 102 10 9
a 102 131 94 25
a 102 101 41 49
a 102 132 65 35
a 102 133 21 7
a 102 103 42 73
a 103 132 34 39
a 103 102 43 75
a 103 133 54 68
a 103 134 54 39
a 103 104 32 52
a 104 133 52 80
a 104 103 57 37
a 104 134 16 27
a 104 135 26 79
a 104 105 18 84
a 105 134 34 77
a 105 104 87 15
a 105 135 63 70
a 105 136 94 61
a 105 106 58 34
a 106 135 90 85
a 106 105 36 67
a 106 136 84 67
a 106 137 32 66
a 106 107 40 100
a 107 136 66 46
a 107 106 99 41
a 107 137 77 22
a 107 138 22 78
a 107 108 30 8
a 108 137 76 68
a 108 107 55 74
a 108 138 87 51
a 108 139 79 70
a 108 109 65 98
a 109 138 47 15
a 109 108 73 32
a 109 139 97 94
a 109 140 19 95
a 109 110 96 27
a 110 139 54 9
a 110 109 49 88
a 110 140 97 75
a 110 141 13 8
a 110 111 19 55
a 111 140 49 78
a 111 110 16 98
a 111 141 59 57
a 111 142 52 14
a 111 112 94 20
a 112 141 59 70
a 112 111 89 23
a 112 142 39 84
a 112 143 85 61
a 112 113 67 4
a 113 142 62 69
a 113 112 56 99
a 113 143 56 23
a 113 144 46 43
a 113 114 63 88
a 114 143 12 6
a 114 113 88 42
a 114 144 9 19
a 114 145 95 78
a 114 115 80 92
a 115 144 7 9
a 115 114 15 18
a 115 145 49 46
a 115 146 92 68
a 115 116 25 42
a 116 145 25 42
a 116 115 21 2
a 116 146 22 50
a 116 147 68 74
a 116 117 89 36
a 117 146 100 23
a 117 116 22 24
a 117 147 61 55
a 117 148 85 18
a 117 118 91 61
a 118 147 54 5
a 118 117 38 83
a 118 148 59 62
a 118 149 17 32
a 118 119 44 91
a 119 148 20 23
a 119 118 16 4
a 119 149 43 23
a 119 150 84 74
a 119 120 8 49
a 120 149 83 95
a 120 119 28 28
a 120 150 78 43
a 121 151 8 45
a 121 152 45 40
a 121 122 35 25
a 122 151 41 86
a 122 121 76 28
a 122 152 88 77
a 122 153 34 68
a 122 123 100 47
a 123 152 14 15
a 123 122 61 55
a 123 153 50 68
a 123 154 27 100
a 123 124 29 45
a 124 153 16 76
a 124 123 75 58
a 124 154 26 28
a 124 155 23 4
a 124 125 80 37
a 125 154 71 8
a 125 124 36 49
a 125 155 68 60
a 125 156 26 68
a 125 126 68 52
a 126 155 7 22
a 126 125 84 67
a 126 156 64 82
a 126 157 88 25
a 126 127 90 78
a 127 156 38 41
a 127 126 75 2
a 127 157 93 36
a 127 158 56 99
a 127 128 100 44
a 128 157 47 60
a 128 127 71 92
a 128 158 48 67
a 128 159 35 57
a 128 129 68 34
a 129 158 75 26
a 129 128 49 50
a 129 159 86 89
a 129 160 13 82
a 129 130 11 61
a 130 159 84 29
a 130 129 39 89
a 130 160 25 97
a 130 161 74 47
a 130 131 87 92
a 131 160 19 78
a 131 130 94 65
a 131 161 30 74
a 131 162 78 69
a 131 132 92 69
a 132 161 22 92
a 132 131 38 59
a 132 162 46 38
a 132 163 83 39
a 132 133 11 66
a 133 162 24 69
a 133 132 23 18
a 133 163 53 74
a 133 164 74 10
a 133 134 74 26
a 134 163 75 16
a 134 133 35 81
a 134 164 53 69
a 134 165 70 49
a 134 135 67 61
a 135 164 24 3
a 135 134 30 93
a 135 165 75 50
a 135 166 14 70
a 135 136 27 69
a 136 165 63 59
a 136 135 79 61
a 136 166 91 7
a 136 167 95 42
a 136 137 33 65
a 137 166 9 7
a 137 136 80 49
a 137 167 88 58
a 137 168 19 100
a 137 138 21 23
a 138 167 1 21
a 138 137 29 40
a 138 168 74 34
a 138 169 33 69
a 138 139 9 78
a 139 168 18 17
a 139 138 36 72
a 139 169 32 93
a 139 170 42 62
a 139 140 50 3
a 140 169 47 57
a 140 139 98 92
a 140 170 3 16
a 140 171 91 56
a 140 141 65 37
a 141 170 21 50
a 141 140 6 11
a 141 171 78 70
a 141 172 23 82
a 141 142 99 70
a 142 171 92 1
a 142 141 17 37
a 142 172 83 2
a 142 173 51 81
a 142 143 1 13
a 143 172 41 81
a 143 142 8 39
a 143 173 55 43
a 143 174 34 10
a 143 144 3 15
a 144 173 74 93
a 144 143 84 51
a 144 174 49 52
a 144 175 56 19
a 144 145 64 26
a 145 174 39 54
a 145 144 89 77
a 145 175 40 4
a 145 176 100 69
a 145 146 39 60
a 146 175 65 26
a 146 145 8 90
a 146 176 63 26
a 146 177 34 33
a 146 147 15 13
a 147 176 21 31
a 147 146 63 91
a 147 177 91 89
a 147 178 18 41
a 147 148 10 46
a 148 177 26 50
a 148 147 67 93
a 148 178 98 33
a 148 179 2 67
a 148 149 70 68
a 149 178 66 19
a 149 148 81 79
a 149 179 16 84
a 149 180 97 7
a 149 150 16 33
a 150 179 25 82
a 150 149 64 8
a 150 180 36 27
a 151 181 98 46
a 151 182 74 57
a 151 152 1 24
a 152 181 81 77
a 152 151 88 90
a 152 182 14 85
a 152 183 47 8
a 152 153 74 75
a 153 182 87 82
a 153 152 9 2
a 153 183 76 54
a 153 184 30 29
a 153 154 77 98
a 154 183 16 2
a 154 153 25 7
a 154 184 12 99
a 154 185 9 4
a 154 155 19 67
a 155 184 31 88
a 155 154 45 55
a 155 185 14 39
a 155 186 33 45
a 155 156 32 85
a 156 185 60 63
a 156 155 97 29
a 156 186 69 69
a 156 187 53 61
a 156 157 49 69
a 157 186 97 79
a 157 156 80 99
a 157 187 54 35
a 157 188 88 76
a 157 158 32 8
a 158 187 43 41
a 158 157 11 78
a 158 188 49 37
a 158 189 5 38
a 158 159 40 13
a 159 188 72 6
a 159 158 35 48
a 159 189 29 39
a 159 190 77 58
a 159 160 86 63
a 160 189 59 46
a 160 159 8 21
a 160 190 26 79
a 160 191 34 49
a 160 161 40 33
a 161 190 39 62
a 161 160 29 77
a 161 191 6 98
a 161 192 13 55
a 161 162 53 56
a 162 191 13 37
a 162 161 71 73
a 162 192 40 33
a 162 193 4 49
a 162 163 49 100
a 163 192 35 82
a 163 162 59 21
a 163 193 82 48
a 163 194 4 16
a 163 164 10 44
a 164 193 83 52
a 164 163 10 30
a 164 194 97 17
a 164 195 31 53
a 164 165 47 16
a 165 194 6 65
a 165 164 14 13
a 165 195 2 44
a 165 196 11 6
a 165 166 92 15
a 166 195 66 6
a 166 165 49 18
a 166 196 90 73
a 166 197 55 95
a 166 167 84 12
a 167 196 24 84
a 167 166 38 77
a 167 197 84 91
a 167 198 55 68
a 167 168 59 26
a 168 197 45 13
a 168 167 64 72
a 168 198 58 97
a 168 199 12 94
a 168 169 43 48
a 169 198 90 97
a 169 168 86 46
a 169 199 19 85
a 169 200 64 71
a 169 170 39 100
a 170 199 1 74
a 170 169 60 97
a 170 200 61 25
a 170 201 95 90
a 170 171 31 50
a 171 200 93 13
a 171 170 7 21
a 171 201 54 58
a 171 202 49 61
a 171 172 42 40
a 172 201 93 39
a 172 171 46 95
a 172 202 31 23
a 172 203 22 65
a 172 173 17 30
a 173 202 73 49
a 173 172 59 93
a 173 203 21 51
a 173 204 59 55
a 173 174 53 35
a 174 203 17 6
a 174 173 41 14
a 174 204 67 52
a 174 205 26 79
a 174 175 3 54
a 175 204 7 68
a 175 174 77 18
a 175 205 88 12
a 175 206 24 81
a 175 176 81 25
a 176 205 68 51
a 176 175 19 19
a 176 206 70 7
a 176 207 51 35
a 176 177 89 68
a 177 206 28 14
a 177 176 38 6
a 177 207 64 78
a 177 208 27 4
a 177 178 86 15
a 178 207 96 10
a 178 177 11 92
a 178 208 62 62
a 178 209 76 21
a 178 179 25 39
a 179 208 8 6
a 179 178 38 98
a 179 209 83 21
a 179 210 26 63
a 179 180 19 80
a 180 209 35 20
a 180 179 70 23
a 180 210 1 85
a 181 211 65 88
a 181 212 7 58
a 181 182 84 26
a 182 211 48 70
a 182 181 3 39
a 182 212 45 98
a 182 213 41 90
a 182 183 3 67
a 183 212 4 10
a 183 182 54 62
a 183 213 87 57
a 183 214 20 92
a 183 184 80 95
a 184 213 12 98
a 184 183 80 45
a 184 214 50 87
a 184 215 16 64
a 184 185 73 73
a 185 214 6 31
a 185 184 60 42
a 185 215 23 74
a 185 216 82 95
a 185 186 49 79
a 186 215 28 40
a 186 185 100 35
a 186 216 65 51
a 186 217 77 17
a 186 187 55 12
a 187 216 82 66
a 187 186 57 62
a 187 217 22 81
a 187 218 1 56
a 187 188 10 19
a 188 217 39 91
a 188 187 13 15
a 188 218 7 23
a 188 219 97 60
a 188 189 8 32
a 189 218 11 47
a 189 188 70 66
a 189 219 49 32
a 189 220 43 98
a 189 190 54 30
a 190 219 82 82
a 190 189 90 3
a 190 220 1 25
a 190 221 28 71
a 190 191 6 8
a 191 220 7 8
a 191 190 73 12
a 191 221 81 70
a 191 222 40 7
a 191 192 15 5
a 192 221 48 98
a 192 191 50 20
a 192 222 8 73
a 192 223 70 78
a 192 193 100 7
a 193 222 78 28
a 193 192 55 74
a 193 223 39 69
a 193 224 66 67
a 193 194 6 83
a 194 223 65 71
a 194 193 14 87
a 194 224 89 17
a 194 225 98 20
a 194 195 29 71
a 195 224 9 89
a 195 194 69 33
a 195 225 35 68
a 195 226 81 49
a 195 196 76 68
a 196 225 35 77
a 196 195 69 51
a 196 226 41 64
a 196 227 18 77
a 196 197 42 91
a 197 226 28 76
a 197 196 87 97
a 197 227 3 77
a 197 228 9 69
a 197 198 52 25
a 198 227 18 40
a 198 197 58 21
a 198 228 45 72
a 198 229 15 12
a 198 199 88 82
a 199 228 21 2
a 199 198 53 89
a 199 229 31 94
a 199 230 97 36
a 199 200 42 66
a 200 229 5 94
a 200 199 82 47
a 200 230 98 38
a 200 231 6 76
a 200 201 77 49
a 201 230 31 16
a 201 200 69 60
a 201 231 54 48
a 201 232 74 51
a 201 202 8 11
a 202 231 38 84
a 202 201 24 32
a 202 232 69 42
a 202 233 35 50
a 202 203 77 90
a 203 232 32 84
a 203 202 8 39
a 203 233 51 92
a 203 234 44 54
a 203 204 52 30
a 204 233 10 53
a 204 203 11 10
a 204 234 31 25
a 204 235 46 30
a 204 205 84 15
a 205 234 3 7
a 205 204 28 87
a 205 235 58 71
a 205 236 8 9
a 205 206 27 47
a 206 235 31 77
a 206 205 51 19
a 206 236 95 19
a 206 237 53 3
a 206 207 40 29
a 207 236 41 3
a 207 206 84 8
a 207 237 11 15
a 207 238 37 61
a 207 208 33 3
a 208 237 4 79
a 208 207 68 26
a 208 238 7 83
a 208 239 70 14
a 208 209 66 49
a 209 238 26 73
a 209 208 33 95
a 209 239 39 68
a 209 240 14 13
a 209 210 2 76
a 210 239 10 19
a 210 209 40 49
a 210 240 43 90
a 211 241 37 2
a 211 242 26 45
a 211 212 39 44
a 212 241 34 52
a 212 211 59 57
a 212 242 66 88
a 212 243 17 41
a 212 213 66 95
a 213 242 15 60
a 213 212 25 96
a 213 243 13 14
a 213 244 48 86
a 213 214 100 62
a 214 243 91 12
a 214 213 85 98
a 214 244 70 76
a 214 245 23 25
a 214 215 90 2
a 215 244 93 40
a 215 214 10 46
a 215 245 99 79
a 215 246 84 51
a 215 216 85 9
a 216 245 61 70
a 216 215 72 35
a 216 246 70 6
a 216 247 56 89
a 216 217 78 73
a 217 246 29 30
a 217 216 5 12
a 217 247 8 25
a 217 248 22 54
a 217 218 47 2
a 218 247 13 19
a 218 217 87 72
a 218 248 19 20
a 218 249 50 54
a 218 219 71 26
a 219 248 13 92
a 219 218 31 3
a 219 249 71 7
a 219 250 20 70
a 219 220 72 97
a 220 249 75 71
a 220 219 78 12
a 220 250 10 96
a 220 251 86 99
a 220 221 19 31
a 221 250 59 6
a 221 220 67 43
a 221 251 88 14
a 221 252 38 99
a 221 222 99 96
a 222 251 91 54
a 222 221 10 12
a 222 252 99 34
a 222 253 5 92
a 222 223 8 92
a 223 252 90 71
a 223 222 88 8
a 223 253 95 64
a 223 254 17 82
a 223 224 59 58
a 224 253 60 44
a 224 223 56 57
a 224 254 49 68
a 224 255 28 72
a 224 225 90 18
a 225 254 53 74
a 225 224 14 55
a 225 255 83 93
a 225 256 26 25
a 225 226 14 41
a 226 255 36 12
a 226 225 74 38
a 226 256 81 11
a 226 257 32 17
a 226 227 25 27
a 227 256 38 12
a 227 226 26 96
a 227 257 14 14
a 227 258 41 64
a 227 228 3 61
a 228 257 24 62
a 228 227 46 68
a 228 258 65 14
a 228 259 93 33
a 228 229 64 7
a 229 258 74 16
a 229 228 62 34
a 229 259 83 70
a 229 260 42 20
a 229 230 89 36
a 230 259 41 51
a 230 229 47 28
a 230 260 76 35
a 230 261 5 43
a 230 231 53 81
a 231 260 98 14
a 231 230 100 66
a 231 261 76 42
a 231 262 93 41
a 231 232 19 54
a 232 261 56 10
a 232 231 9 83
a 232 262 5 10
a 232 263 45 96
a 232 233 82 88
a 233 262 62 25
a 233 232 2 59
a 233 263 11 83
a 233 264 27 83
a 233 234 97 70
a 234 263 88 30
a 234 233 61 73
a 234 264 6 59
a 234 265 44 71
a 234 235 29 81
a 235 264 81 27
a 235 234 43 74
a 235 265 59 43
a 235 266 61 13
a 235 236 20 91
a 236 265 46 78
a 236 235 62 32
a 236 266 33 9
a 236 267 1 16
a 236 237 63 93
a 237 266 2 8
a 237 236 78 75
a 237 267 14 17
a 237 268 85 32
a 237 238 58 1
a 238 267 33 95
a 238 237 36 73
a 238 268 57 64
a 238 269 64 12
a 238 239 98 49
a 239 268 33 95
a 239 238 85 44
a 239 269 63 53
a 239 270 75 79
a 239 240 5 79
a 240 269 52 8
a 240 239 43 76
a 240 270 15 91
a 241 271 12 75
a 241 272 85 38
a 241 242 26 90
a 242 271 9 13
a 242 241 95 19
a 242 272 77 36
a 242 273 59 77
a 242 243 100 99
a 243 272 48 36
a 243 242 72 19
a 243 273 55 43
a 243 274 74 27
a 243 244 96 96
a 244 273 69 42
a 244 243 6 40
a 244 274 95 52
a 244 275 40 76
a 244 245 24 20
a 245 274 76 98
a 245 244 29 1
a 245 275 23 69
a 245 276 72 37
a 245 246 42 36
a 246 275 88 23
a 246 245 4 35
a 246 276 87 33
a 246 277 28 71
a 246 247 100 98
a 247 276 9 80
a 247 246 86 83
a 247 277 49 86
a 247 278 47 81
a 247 248 52 29
a 248 277 68 19
a 248 247 16 11
a 248 278 18 25
a 248 279 95 59
a 248 249 6 52
a 249 278 39 15
a 249 248 40 70
a 249 279 53 43
a 249 280 85 74
a 249 250 24 21
a 250 279 40 21
a 250 249 93 38
a 250 280 33 44
a 250 281 62 31
a 250 251 86 54
a 251 280 52 85
a 251 250 46 62
a 251 281 22 39
a 251 282 30 31
a 251 252 43 42
a 252 281 82 52
a 252 251 100 15
a 252 282 50 54
a 252 283 3 32
a 252 253 11 1
a 253 282 100 5
a 253 252 2 58
a 253 283 11 46
a 253 284 44 44
a 253 254 19 15
a 254 283 40 51
a 254 253 10 93
a 254 284 5 42
a 254 285 53 79
a 254 255 63 81
a 255 284 12 32
a 255 254 89 78
a 255 285 91 63
a 255 286 85 13
a 255 256 15 63
a 256 285 73 95
a 256 255 32 18
a 256 286 51 47
a 256 287 96 69
a 256 257 100 12
a 257 286 53 13
a 257 256 65 4
a 257 287 85 32
a 257 288 58 95
a 257 258 15 87
a 258 287 52 89
a 258 257 53 32
a 258 288 3 65
a 258 289 17 45
a 258 259 1 53
a 259 288 93 91
a 259 258 98 35
a 259 289 4 98
a 259 290 5 91
a 259 260 91 33
a 260 289 4 64
a 260 259 8 47
a 260 290 81 69
a 260 291 26 85
a 260 261 45 96
a 261 290 30 15
a 261 260 97 85
a 261 291 63 39
a 261 292 79 86
a 261 262 46 47
a 262 291 98 80
a 262 261 4 20
a 262 292 95 6
a 262 293 8 75
a 262 263 66 85
a 263 292 12 57
a 263 262 37 55
a 263 293 8 55
a 263 294 32 14
a 263 264 67 43
a 264 293 89 13
a 264 263 24 50
a 264 294 30 7
a 264 295 85 11
a 264 265 46 12
a 265 294 54 14
a 265 264 21 24
a 265 295 24 46
a 265 296 64 3
a 265 266 24 38
a 266 295 57 3
a 266 265 64 74
a 266 296 63 57
a 266 297 61 26
a 266 267 34 47
a 267 296 20 35
a 267 266 63 91
a 267 297 3 90
a 267 298 4 86
a 267 268 95 67
a 268 297 11 68
a 268 267 73 2
a 268 298 24 63
a 268 299 6 62
a 268 269 52 67
a 269 298 8 38
a 269 268 98 64
a 269 299 30 38
a 269 300 9 8
a 269 270 87 23
a 270 299 84 12
a 270 269 48 15
a 270 300 83 74
a 271 301 52 53
a 271 302 25 57
a 271 272 90 67
a 272 301 40 13
a 272 271 19 7
a 272 302 17 59
a 272 303 97 95
a 272 273 48 29
a 273 302 59 49
a 273 272 33 11
a 273 303 42 79
a 273 304 44 29
a 273 274 74 80
a 274 303 17 13
a 274 273 43 14
a 274 304 92 53
a 274 305 91 23
a 274 275 71 2
a 275 304 21 55
a 275 274 62 32
a 275 305 63 56
a 275 306 7 66
a 275 276 53 53
a 276 305 44 82
a 276 275 47 69
a 276 306 46 66
a 276 307 57 32
a 276 277 28 70
a 277 306 2 47
a 277 276 77 26
a 277 307 90 77
a 277 308 63 89
a 277 278 76 94
a 278 307 85 32
a 278 277 37 64
a 278 308 8 28
a 278 309 91 34
a 278 279 26 3
a 279 308 23 61
a 279 278 75 62
a 279 309 26 87
a 279 310 89 100
a 279 280 46 42
a 280 309 72 43
a 280 279 50 93
a 280 310 16 11
a 280 311 68 54
a 280 281 8 81
a 281 310 19 32
a 281 280 51 95
a 281 311 1 97
a 281 312 8 82
a 281 282 97 1
a 282 311 50 69
a 282 281 66 42
a 282 312 14 44
a 282 313 94 87
a 282 283 31 81
a 283 312 82 99
a 283 282 5 95
a 283 313 32 62
a 283 314 74 37
a 283 284 45 47
a 284 313 62 38
a 284 283 56 2
a 284 314 73 74
a 284 315 37 7
a 284 285 75 82
a 285 314 19 65
a 285 284 99 74
a 285 315 47 8
a 285 316 13 20
a 285 286 45 8
a 286 315 83 84
a 286 285 52 10
a 286 316 11 43
a 286 317 50 46
a 286 287 91 98
a 287 316 74 71
a 287 286 94 63
a 287 317 91 100
a 287 318 11 15
a 287 288 42 65
a 288 317 56 95
a 288 287 63 37
a 288 318 6 13
a 288 319 65 31
a 288 289 51 75
a 289 318 72 52
a 289 288 93 31
a 289 319 73 19
a 289 320 69 54
a 289 290 25 100
a 290 319 32 35
a 290 289 62 19
a 290 320 64 89
a 290 321 59 10
a 290 291 70 85
a 291 320 23 70
a 291 290 65 65
a 291 321 14 87
a 291 322 33 69
a 291 292 44 76
a 292 321 53 97
a 292 291 11 45
a 292 322 9 89
a 292 323 24 15
a 292 293 64 65
a 293 322 13 73
a 293 292 60 64
a 293 323 2 42
a 293 324 15 11
a 293 294 2 60
a 294 323 16 64
a 294 293 61 49
a 294 324 31 14
a 294 325 41 37
a 294 295 14 40
a 295 324 33 70
a 295 294 39 89
a 295 325 78 39
a 295 326 15 54
a 295 296 21 33
a 296 325 52 11
a 296 295 34 49
a 296 326 67 46
a 296 327 29 92
a 296 297 40 90
a 297 326 38 45
a 297 296 23 28
a 297 327 91 47
a 297 328 33 67
a 297 298 26 55
a 298 327 20 49
a 298 297 56 25
a 298 328 56 67
a 298 329 53 88
a 298 299 39 38
a 299 328 81 77
a 299 298 36 57
a 299 329 88 76
a 299 330 93 15
a 299 300 24 61
a 300 329 90 45
a 300 299 49 26
a 300 330 10 5
a 301 331 10 54
a 301 332 37 10
a 301 302 50 47
a 302 331 67 60
a 302 301 7 5
a 302 332 37 9
a 302 333 60 39
a 302 303 90 49
a 303 332 15 87
a 303 302 21 7
a 303 333 87 77
a 303 334 22 60
a 303 304 66 42
a 304 333 31 17
a 304 303 77 19
a 304 334 9 15
a 304 335 5 93
a 304 305 40 3
a 305 334 56 75
a 305 304 15 13
a 305 335 69 91
a 305 336 50 24
a 305 306 39 51
a 306 335 38 11
a 306 305 16 56
a 306 336 55 84
a 306 337 27 46
a 306 307 6 58
a 307 336 15 94
a 307 306 92 62
a 307 337 59 59
a 307 338 16 50
a 307 308 8 13
a 308 337 5 1
a 308 307 58 89
a 308 338 61 64
a 308 339 11 42
a 308 309 14 2
a 309 338 61 57
a 309 308 65 40
a 309 339 11 7
a 309 340 49 100
a 309 310 12 61
a 310 339 58 95
a 310 309 92 69
a 310 340 60 35
a 310 341 51 40
a 310 311 24 82
a 311 340 16 60
a 311 310 53 85
a 311 341 19 39
a 311 342 59 13
a 311 312 75 3
a 312 341 54 11
a 312 311 100 21
a 312 342 30 4
a 312 343 76 72
a 312 313 60 24
a 313 342 89 59
a 313 312 36 65
a 313 343 100 99
a 313 344 9 40
a 313 314 21 80
a 314 343 47 51
a 314 313 92 56
a 314 344 92 74
a 314 345 50 89
a 314 315 51 60
a 315 344 24 16
a 315 314 93 26
a 315 345 74 94
a 315 346 1 91
a 315 316 76 20
a 316 345 72 44
a 316 315 20 43
a 316 346 42 42
a 316 347 39 41
a 316 317 28 70
a 317 346 93 96
a 317 316 19 97
a 317 347 88 8
a 317 348 9 9
a 317 318 73 21
a 318 347 64 61
a 318 317 27 19
a 318 348 52 24
a 318 349 68 38
a 318 319 79 14
a 319 348 18 42
a 319 318 52 87
a 319 349 11 31
a 319 350 63 32
a 319 320 58 74
a 320 349 1 25
a 320 319 99 96
a 320 350 79 9
a 320 351 33 57
a 320 321 5 97
a 321 350 74 37
a 321 320 18 20
a 321 351 87 91
a 321 352 15 41
a 321 322 59 71
a 322 351 18 51
a 322 321 83 94
a 322 352 69 37
a 322 353 56 29
a 322 323 19 49
a 323 352 49 75
a 323 322 59 52
a 323 353 83 75
a 323 354 3 69
a 323 324 2 66
a 324 353 76 11
a 324 323 54 98
a 324 354 65 17
a 324 355 73 13
a 324 325 38 39
a 325 354 25 38
a 325 324 88 67
a 325 355 2 76
a 325 356 58 39
a 325 326 93 30
a 326 355 6 15
a 326 325 86 82
a 326 356 99 28
a 326 357 32 90
a 326 327 91 34
a 327 356 4 15
a 327 326 57 11
a 327 357 18 60
a 327 358 10 80
a 327 328 100 100
a 328 357 64 21
a 328 327 19 74
a 328 358 87 86
a 328 359 95 41
a 328 329 16 25
a 329 358 63 14
a 329 328 17 49
a 329 359 55 41
a 329 360 72 8
a 329 330 84 74
a 330 359 19 76
a 330 329 98 68
a 330 360 45 20
a 331 361 40 63
a 331 362 87 1
a 331 332 28 44
a 332 361 14 73
a 332 331 9 5
a 332 362 57 93
a 332 363 27 80
a 332 333 99 6
a 333 362 78 52
a 333 332 74 66
a 333 363 24 31
a 333 364 39 72
a 333 334 73 88
a 334 363 56 40
a 334 333 21 38
a 334 364 92 6
a 334 365 37 46
a 334 335 70 72
a 335 364 54 57
a 335 334 47 51
a 335 365 95 69
a 335 366 69 6
a 335 336 13 33
a 336 365 35 47
a 336 335 10 70
a 336 366 51 68
a 336 367 56 37
a 336 337 96 78
a 337 366 8 59
a 337 336 69 100
a 337 367 52 39
a 337 368 73 94
a 337 338 53 22
a 338 367 65 85
a 338 337 53 7
a 338 368 64 80
a 338 369 88 75
a 338 339 52 18
a 339 368 2 33
a 339 338 35 63
a 339 369 23 14
a 339 370 79 94
a 339 340 7 89
a 340 369 18 15
a 340 339 74 61
a 340 370 9 77
a 340 371 87 46
a 340 341 93 7
a 341 370 16 39
a 341 340 6 1
a 341 371 42 47
a 341 372 93 12
a 341 342 70 63
a 342 371 60 18
a 342 341 45 75
a 342 372 52 83
a 342 373 21 85
a 342 343 6 75
a 343 372 78 58
a 343 342 18 34
a 343 373 81 80
a 343 374 98 76
a 343 344 99 64
a 344 373 92 7
a 344 343 1 37
a 344 374 81 18
a 344 375 80 88
a 344 345 33 10
a 345 374 56 72
a 345 344 39 60
a 345 375 3 15
a 345 376 5 6
a 345 346 15 58
a 346 375 16 29
a 346 345 4 13
a 346 376 24 37
a 346 377 30 14
a 346 347 19 99
a 347 376 59 23
a 347 346 45 59
a 347 377 6 100
a 347 378 4 33
a 347 348 79 95
a 348 377 65 46
a 348 347 41 96
a 348 378 55 77
a 348 379 83 97
a 348 349 51 45
a 349 378 31 31
a 349 348 50 15
a 349 379 22 87
a 349 380 80 24
a 349 350 25 63
a 350 379 21 60
a 350 349 36 82
a 350 380 81 41
a 350 381 1 95
a 350 351 20 31
a 351 380 24 87
a 351 350 61 66
a 351 381 15 45
a 351 382 82 58
a 351 352 21 10
a 352 381 98 36
a 352 351 92 62
a 352 382 62 49
a 352 383 51 57
a 352 353 9 12
a 353 382 53 21
a 353 352 26 65
a 353 383 21 5
a 353 384 20 89
a 353 354 24 19
a 354 383 10 66
a 354 353 86 80
a 354 384 89 71
a 354 385 88 20
a 354 355 83 77
a 355 384 90 61
a 355 354 46 93
a 355 385 1 28
a 355 386 62 91
a 355 356 99 62
a 356 385 43 16
a 356 355 60 14
a 356 386 12 96
a 356 387 18 45
a 356 357 49 14
a 357 386 5 24
a 357 356 25 99
a 357 387 46 34
a 357 388 96 79
a 357 358 97 65
a 358 387 42 80
a 358 357 93 2
a 358 388 22 47
a 358 389 95 21
a 358 359 17 29
a 359 388 67 75
a 359 358 84 89
a 359 389 45 35
a 359 390 34 43
a 359 360 16 97
a 360 389 49 29
a 360 359 53 50
a 360 390 25 95
a 361 391 79 90
a 361 392 22 26
a 361 362 74 79
a 362 391 88 53
a 362 361 2 9
a 362 392 46 52
a 362 393 30 28
a 362 363 55 63
a 363 392 94 75
a 363 362 14 63
a 363 393 55 12
a 363 394 11 12
a 363 364 26 77
a 364 393 80 89
a 364 363 93 88
a 364 394 82 32
a 364 395 21 10
a 364 365 1 11
a 365 394 87 39
a 365 364 11 42
a 365 395 26 59
a 365 396 92 76
a 365 366 27 39
a 366 395 24 89
a 366 365 97 93
a 366 396 34 45
a 366 397 88 53
a 366 367 30 81
a 367 396 49 45
a 367 366 1 91
a 367 397 27 52
a 367 398 60 92
a 367 368 77 4
a 368 397 71 51
a 368 367 100 57
a 368 398 37 18
a 368 399 52 15
a 368 369 26 4
a 369 398 60 72
a 369 368 88 3
a 369 399 91 8
a 369 400 79 71
a 369 370 50 1
a 370 399 96 12
a 370 369 56 70
a 370 400 49 78
a 370 401 16 32
a 370 371 47 93
a 371 400 34 76
a 371 370 44 93
a 371 401 1 45
a 371 402 85 80
a 371 372 1 10
a 372 401 85 24
a 372 371 61 72
a 372 402 52 69
a 372 403 73 97
a 372 373 30 66
a 373 402 87 46
a 373 372 2 32
a 373 403 51 27
a 373 404 19 19
a 373 374 52 96
a 374 403 8 5
a 374 373 29 77
a 374 404 86 58
a 374 405 62 79
a 374 375 79 78
a 375 404 36 98
a 375 374 48 75
a 375 405 12 34
a 375 406 10 83
a 375 376 9 22
a 376 405 63 46
a 376 375 89 14
a 376 406 49 48
a 376 407 3 8
a 376 377 85 33
a 377 406 74 94
a 377 376 6 62
a 377 407 77 63
a 377 408 35 98
a 377 378 94 10
a 378 407 11 43
a 378 377 78 89
a 378 408 88 86
a 378 409 84 60
a 378 379 32 49
a 379 408 70 82
a 379 378 13 46
a 379 409 97 97
a 379 410 79 62
a 379 380 47 94
a 380 409 76 41
a 380 379 64 36
a 380 410 24 62
a 380 411 86 86
a 380 381 95 4
a 381 410 47 88
a 381 380 77 50
a 381 411 2 98
a 381 412 13 64
a 381 382 53 56
a 382 411 49 95
a 382 381 45 70
a 382 412 89 35
a 382 413 67 73
a 382 383 18 37
a 383 412 20 88
a 383 382 55 63
a 383 413 89 36
a 383 414 28 100
a 383 384 9 38
a 384 413 76 64
a 384 383 11 67
a 384 414 97 97
a 384 415 64 98
a 384 385 90 86
a 385 414 30 91
a 385 384 61 49
a 385 415 48 4
a 385 416 91 92
a 385 386 91 60
a 386 415 77 33
a 386 385 49 34
a 386 416 88 38
a 386 417 28 83
a 386 387 66 47
a 387 416 50 100
a 387 386 84 59
a 387 417 60 19
a 387 418 92 7
a 387 388 65 72
a 388 417 64 87
a 388 387 25 69
a 388 418 28 59
a 388 419 35 98
a 388 389 54 90
a 389 418 33 56
a 389 388 56 97
a 389 419 86 24
a 389 420 68 54
a 389 390 91 20
a 390 419 52 69
a 390 389 87 67
a 390 420 31 40
a 391 421 24 62
a 391 422 85 92
a 391 392 100 72
a 392 421 59 40
a 392 391 40 94
a 392 422 71 29
a 392 423 29 11
a 392 393 47 32
a 393 422 100 27
a 393 392 64 51
a 393 423 96 51
a 393 424 43 80
a 393 394 20 6
a 394 423 55 77
a 394 393 30 100
a 394 424 43 20
a 394 425 36 10
a 394 395 88 4
a 395 424 5 78
a 395 394 6 96
a 395 425 76 1
a 395 426 28 84
a 395 396 26 84
a 396 425 13 43
a 396 395 62 61
a 396 426 47 58
a 396 427 34 90
a 396 397 28 72
a 397 426 32 72
a 397 396 12 79
a 397 427 3 45
a 397 428 10 83
a 397 398 48 44
a 398 427 81 87
a 398 397 61 67
a 398 428 86 64
a 398 429 30 43
a 398 399 53 62
a 399 428 7 20
a 399 398 2 10
a 399 429 69 48
a 399 430 27 70
a 399 400 29 93
a 400 429 39 21
a 400 399 3 83
a 400 430 94 54
a 400 431 65 72
a 400 401 28 8
a 401 430 56 32
a 401 400 48 13
a 401 431 12 21
a 401 432 27 95
a 401 402 60 32
a 402 431 37 36
a 402 401 19 27
a 402 432 92 42
a 402 433 43 46
a 402 403 31 15
a 403 432 100 1
a 403 402 6 43
a 403 433 37 79
a 403 434 49 36
a 403 404 36 96
a 404 433 50 72
a 404 403 12 38
a 404 434 97 38
a 404 435 53 7
a 404 405 12 58
a 405 434 27 80
a 405 404 52 7
a 405 435 70 21
a 405 436 7 66
a 405 406 14 88
a 406 435 62 57
a 406 405 100 60
a 406 436 91 47
a 406 437 26 71
a 406 407 97 16
a 407 436 45 6
a 407 406 40 46
a 407 437 80 93
a 407 438 93 70
a 407 408 8 94
a 408 437 6 28
a 408 407 6 62
a 408 438 78 77
a 408 439 53 47
a 408 409 88 51
a 409 438 67 78
a 409 408 51 52
a 409 439 68 28
a 409 440 19 37
a 409 410 94 25
a 410 439 62 2
a 410 409 7 29
a 410 440 34 91
a 410 441 48 58
a 410 411 18 61
a 411 440 41 84
a 411 410 40 98
a 411 441 51 76
a 411 442 15 51
a 411 412 68 36
a 412 441 31 5
a 412 411 55 71
a 412 442 27 76
a 412 443 68 61
a 412 413 89 60
a 413 442 37 87
a 413 412 36 10
a 413 443 70 53
a 413 444 3 38
a 413 414 75 41
a 414 443 34 31
a 414 413 61 96
a 414 444 60 76
a 414 445 89 52
a 414 415 96 14
a 415 444 77 4
a 415 414 4 63
a 415 445 40 45
a 415 446 99 41
a 415 416 97 57
a 416 445 42 29
a 416 415 38 70
a 416 446 96 84
a 416 447 63 46
a 416 417 88 64
a 417 446 83 14
a 417 416 12 40
a 417 447 92 90
a 417 448 80 37
a 417 418 36 87
a 418 447 64 24
a 418 417 63 84
a 418 448 70 1
a 418 449 95 50
a 418 419 96 87
a 419 448 2 82
a 419 418 34 95
a 419 449 47 54
a 419 450 97 76
a 419 420 98 9
a 420 449 12 64
a 420 419 90 81
a 420 450 64 4
a 421 451 49 15
a 421 452 60 65
a 421 422 11 12
a 422 451 42 59
a 422 421 15 30
a 422 452 86 72
a 422 453 47 19
a 422 423 4 78
a 423 452 95 80
a 423 422 48 43
a 423 453 10 58
a 423 454 67 54
a 423 424 17 41
a 424 453 29 59
a 424 423 9 41
a 424 454 71 7
a 424 455 96 42
a 424 425 37 17
a 425 454 88 97
a 425 424 64 57
a 425 455 75 76
a 425 456 67 36
a 425 426 86 84
a 426 455 85 95
a 426 425 25 85
a 426 456 69 80
a 426 457 77 48
a 426 427 94 42
a 427 456 66 46
a 427 426 48 48
a 427 457 9 59
a 427 458 71 65
a 427 428 81 11
a 428 457 71 45
a 428 427 13 20
a 428 458 1 8
a 428 459 54 62
a 428 429 71 8
a 429 458 39 8
a 429 428 30 4
a 429 459 71 71
a 429 460 41 55
a 429 430 14 74
a 430 459 26 20
a 430 429 41 84
a 430 460 44 4
a 430 461 48 83
a 430 431 6 30
a 431 460 54 26
a 431 430 94 12
a 431 461 15 38
a 431 462 82 11
a 431 432 57 54
a 432 461 95 40
a 432 431 30 33
a 432 462 92 70
a 432 463 62 41
a 432 433 92 28
a 433 462 86 29
a 433 432 55 32
a 433 463 21 20
a 433 464 47 66
a 433 434 83 13
a 434 463 22 79
a 434 433 40 16
a 434 464 37 19
a 434 465 26 83
a 434 435 97 13
a 435 464 91 50
a 435 434 50 90
a 435 465 78 89
a 435 466 53 29
a 435 436 77 7
a 436 465 37 2
a 436 435 1 68
a 436 466 6 26
a 436 467 30 77
a 436 437 2 63
a 437 466 94 56
a 437 436 1 74
a 437 467 73 20
a 437 468 9 9
a 437 438 34 70
a 438 467 68 72
a 438 437 17 9
a 438 468 98 3
a 438 469 64 13
a 438 439 86 82
a 439 468 57 62
a 439 438 60 65
a 439 469 51 61
a 439 470 73 86
a 439 440 17 75
a 440 469 36 43
a 440 439 25 18
a 440 470 50 88
a 440 471 36 10
a 440 441 37 43
a 441 470 7 28
a 441 440 93 47
a 441 471 94 28
a 441 472 52 90
a 441 442 49 28
a 442 471 36 19
a 442 441 89 33
a 442 472 59 6
a 442 473 56 94
a 442 443 10 41
a 443 472 33 79
a 443 442 67 29
a 443 473 99 49
a 443 474 86 6
a 443 444 18 43
a 444 473 22 8
a 444 443 9 14
a 444 474 34 61
a 444 475 62 46
a 444 445 55 80
a 445 474 95 4
a 445 444 34 89
a 445 475 29 52
a 445 476 76 65
a 445 446 24 12
a 446 475 96 89
a 446 445 19 28
a 446 476 84 37
a 446 477 10 21
a 446 447 55 94
a 447 476 22 81
a 447 446 60 33
a 447 477 16 49
a 447 478 22 52
a 447 448 74 31
a 448 477 72 48
a 448 447 15 99
a 448 478 20 93
a 448 479 26 31
a 448 449 95 25
a 449 478 11 11
a 449 448 95 83
a 449 479 38 30
a 449 480 26 68
a 449 450 61 52
a 450 479 19 33
a 450 449 96 54
a 450 480 55 49
a 451 481 84 8
a 451 482 86 91
a 451 452 53 67
a 452 481 95 83
a 452 451 97 94
a 452 482 58 53
a 452 483 87 11
a 452 453 22 86
a 453 482 21 58
a 453 452 60 76
a 453 483 74 45
a 453 484 11 54
a 453 454 51 64
a 454 483 64 40
a 454 453 65 34
a 454 484 78 97
a 454 485 20 62
a 454 455 64 74
a 455 484 16 46
a 455 454 28 20
a 455 485 69 21
a 455 486 32 38
a 455 456 1 75
a 456 485 74 85
a 456 455 89 91
a 456 486 17 34
a 456 487 24 6
a 456 457 84 42
a 457 486 9 55
a 457 456 32 85
a 457 487 76 100
a 457 488 6 88
a 457 458 54 26
a 458 487 49 5
a 458 457 66 81
a 458 488 30 73
a 458 489 87 59
a 458 459 83 97
a 459 488 99 75
a 459 458 66 34
a 459 489 65 4
a 459 490 12 26
a 459 460 95 4
a 460 489 56 21
a 460 459 16 27
a 460 490 18 10
a 460 491 46 23
a 460 461 94 11
a 461 490 8 25
a 461 460 2 39
a 461 491 35 15
a 461 492 25 70
a 461 462 15 53
a 462 491 5 88
a 462 461 73 32
a 462 492 96 60
a 462 493 59 98
a 462 463 55 49
a 463 492 20 11
a 463 462 64 38
a 463 493 26 88
a 463 494 42 25
a 463 464 46 2
a 464 493 43 34
a 464 463 19 51
a 464 494 42 62
a 464 495 76 1
a 464 465 47 4
a 465 494 36 24
a 465 464 76 93
a 465 495 32 85
a 465 496 29 76
a 465 466 56 4
a 466 495 60 97
a 466 465 2 52
a 466 496 68 13
a 466 497 80 92
a 466 467 1 84
a 467 496 53 34
a 467 466 97 15
a 467 497 12 83
a 467 498 17 53
a 467 468 28 90
a 468 497 78 78
a 468 467 84 61
a 468 498 51 7
a 468 499 15 26
a 468 469 81 37
a 469 498 52 20
a 469 468 22 79
a 469 499 85 14
a 469 500 27 48
a 469 470 18 41
a 470 499 17 62
a 470 469 58 57
a 470 500 31 53
a 470 501 29 66
a 470 471 19 100
a 471 500 48 70
a 471 470 26 10
a 471 501 25 23
a 471 502 66 9
a 471 472 47 43
a 472 501 3 32
a 472 471 83 72
a 472 502 78 52
a 472 503 74 77
a 472 473 54 8
a 473 502 76 64
a 473 472 96 14
a 473 503 97 46
a 473 504 26 86
a 473 474 47 49
a 474 503 84 71
a 474 473 3 77
a 474 504 53 81
a 474 505 1 37
a 474 475 57 85
a 475 504 95 25
a 475 474 72 60
a 475 505 33 29
a 475 506 66 18
a 475 476 48 61
a 476 505 5 28
a 476 475 98 33
a 476 506 61 70
a 476 507 67 97
a 476 477 82 95
a 477 506 10 62
a 477 476 21 42
a 477 507 37 99
a 477 508 93 65
a 477 478 30 34
a 478 507 17 6
a 478 477 15 27
a 478 508 4 6
a 478 509 6 71
a 478 479 20 99
a 479 508 36 51
a 479 478 39 34
a 479 509 12 92
a 479 510 52 56
a 479 480 91 83
a 480 509 59 99
a 480 479 5 25
a 480 510 24 13
a 481 511 55 17
a 481 512 14 38
a 481 482 61 31
a 482 511 92 11
a 482 481 16 25
a 482 512 62 29
a 482 513 54 29
a 482 483 10 50
a 483 512 49 38
a 483 482 29 18
a 483 513 85 64
a 483 514 9 94
a 483 484 45 95
a 484 513 20 6
a 484 483 42 44
a 484 514 51 36
a 484 515 9 14
a 484 485 70 47
a 485 514 46 24
a 485 484 4 62
a 485 515 41 12
a 485 516 15 58
a 485 486 17 93
a 486 515 58 10
a 486 485 68 82
a 486 516 31 53
a 486 517 47 30
a 486 487 56 19
a 487 516 94 57
a 487 486 45 61
a 487 517 80 21
a 487 518 89 100
a 487 488 73 43
a 488 517 95 97
a 488 487 93 56
a 488 518 68 90
a 488 519 79 67
a 488 489 30 13
a 489 518 38 41
a 489 488 71 9
a 489 519 16 12
a 489 520 48 6
a 489 490 20 98
a 490 519 85 99
a 490 489 98 22
a 490 520 52 36
a 490 521 6 17
a 490 491 86 43
a 491 520 65 58
a 491 490 53 75
a 491 521 62 41
a 491 522 76 6
a 491 492 97 98
a 492 521 100 13
a 492 491 79 34
a 492 522 77 34
a 492 523 17 71
a 492 493 69 34
a 493 522 42 80
a 493 492 77 18
a 493 523 7 40
a 493 524 75 74
a 493 494 26 84
a 494 523 83 2
a 494 493 49 45
a 494 524 66 45
a 494 525 93 97
a 494 495 80 80
a 495 524 91 41
a 495 494 29 74
a 495 525 14 36
a 495 526 37 12
a 495 496 27 63
a 496 525 90 81
a 496 495 83 47
a 496 526 27 27
a 496 527 99 17
a 496 497 10 32
a 497 526 86 73
a 497 496 86 37
a 497 527 88 76
a 497 528 36 37
a 497 498 98 45
a 498 527 4 59
a 498 497 70 29
a 498 528 45 45
a 498 529 17 90
a 498 499 69 77
a 499 528 96 92
a 499 498 14 58
a 499 529 56 73
a 499 530 11 8
a 499 500 38 85
a 500 529 83 25
a 500 499 11 98
a 500 530 16 60
a 500 531 90 1
a 500 501 75 41
a 501 530 64 28
a 501 500 89 3
a 501 531 49 77
a 501 532 51 14
a 501 502 82 85
a 502 531 43 52
a 502 501 57 55
a 502 532 38 25
a 502 533 29 80
a 502 503 9 84
a 503 532 87 70
a 503 502 48 58
a 503 533 90 93
a 503 534 30 32
a 503 504 40 86
a 504 533 13 17
a 504 503 57 28
a 504 534 17 36
a 504 535 81 29
a 504 505 80 76
a 505 534 90 65
a 505 504 21 9
a 505 535 52 27
a 505 536 10 67
a 505 506 18 41
a 506 535 5 7
a 506 505 82 18
a 506 536 37 23
a 506 537 5 43
a 506 507 19 43
a 507 536 17 14
a 507 506 55 46
a 507 537 39 7
a 507 538 30 90
a 507 508 89 82
a 508 537 47 11
a 508 507 9 26
a 508 538 37 35
a 508 539 76 40
a 508 509 25 40
a 509 538 91 71
a 509 508 3 25
a 509 539 72 68
a 509 540 95 74
a 509 510 77 64
a 510 539 99 6
a 510 509 29 37
a 510 540 28 91
a 511 541 40 58
a 511 542 27 73
a 511 512 2 3
a 512 541 97 76
a 512 511 39 80
a 512 542 79 60
a 512 543 6 18
a 512 513 56 43
a 513 542 4 24
a 513 512 76 50
a 513 543 60 41
a 513 544 34 26
a 513 514 46 23
a 514 543 54 46
a 514 513 5 16
a 514 544 30 25
a 514 545 30 17
a 514 515 84 73
a 515 544 31 44
a 515 514 10 99
a 515 545 80 30
a 515 546 33 59
a 515 516 61 6
a 516 545 90 9
a 516 515 36 46
a 516 546 18 62
a 516 547 11 8
a 516 517 98 29
a 517 546 59 53
a 517 516 85 93
a 517 547 100 18
a 517 548 6 31
a 517 518 18 88
a 518 547 33 2
a 518 517 44 93
a 518 548 53 91
a 518 549 55 65
a 518 519 52 48
a 519 548 38 83
a 519 518 40 41
a 519 549 77 66
a 519 550 99 89
a 519 520 72 45
a 520 549 98 99
a 520 519 66 35
a 520 550 58 81
a 520 551 91 39
a 520 521 92 58
a 521 550 80 82
a 521 520 51 12
a 521 551 2 59
a 521 552 75 29
a 521 522 18 41
a 522 551 85 31
a 522 521 24 50
a 522 552 90 52
a 522 553 94 52
a 522 523 90 31
a 523 552 87 56
a 523 522 95 9
a 523 553 2 58
a 523 554 55 40
a 523 524 57 24
a 524 553 67 74
a 524 523 28 64
a 524 554 36 99
a 524 555 12 9
a 524 525 8 20
a 525 554 40 50
a 525 524 66 8
a 525 555 99 33
a 525 556 48 81
a 525 526 50 95
a 526 555 19 32
a 526 525 53 33
a 526 556 5 63
a 526 557 30 77
a 526 527 35 44
a 527 556 55 39
a 527 526 92 18
a 527 557 94 30
a 527 558 42 47
a 527 528 18 95
a 528 557 20 17
a 528 527 48 84
a 528 558 81 11
a 528 559 100 62
a 528 529 81 17
a 529 558 34 29
a 529 528 99 9
a 529 559 53 41
a 529 560 15 16
a 529 530 88 42
a 530 559 81 19
a 530 529 84 90
a 530 560 46 95
a 530 561 70 64
a 530 531 56 88
a 531 560 57 61
a 531 530 58 7
a 531 561 96 10
a 531 562 33 88
a 531 532 30 20
a 532 561 10 7
a 532 531 95 48
a 532 562 56 8
a 532 563 20 23
a 532 533 58 68
a 533 562 78 7
a 533 532 20 35
a 533 563 96 41
a 533 564 94 56
a 533 534 7 45
a 534 563 46 67
a 534 533 28 52
a 534 564 46 91
a 534 565 14 13
a 534 535 91 11
a 535 564 93 64
a 535 534 10 4
a 535 565 23 93
a 535 566 20 70
a 535 536 49 52
a 536 565 45 81
a 536 535 9 22
a 536 566 25 66
a 536 567 96 2
a 536 537 20 61
a 537 566 19 83
a 537 536 68 62
a 537 567 8 59
a 537 568 38 53
a 537 538 71 1
a 538 567 85 56
a 538 537 94 29
a 538 568 78 64
a 538 569 23 68
a 538 539 33 79
a 539 568 88 35
a 539 538 82 44
a 539 569 97 7
a 539 570 45 42
a 539 540 83 83
a 540 569 80 39
a 540 539 44 48
a 540 570 30 70
a 541 571 60 54
a 541 572 56 4
a 541 542 99 98
a 542 571 28 15
a 542 541 45 75
a 542 572 74 81
a 542 573 31 56
a 542 543 85 23
a 543 572 62 32
a 543 542 58 63
a 543 573 54 20
a 543 574 53 14
a 543 544 82 91
a 544 573 61 86
a 544 543 60 37
a 544 574 9 3
a 544 575 1 74
a 544 545 40 84
a 545 574 22 79
a 545 544 57 73
a 545 575 68 46
a 545 576 14 22
a 545 546 31 10
a 546 575 19 39
a 546 545 91 59
a 546 576 36 74
a 546 577 92 27
a 546 547 32 49
a 547 576 68 47
a 547 546 32 37
a 547 577 69 69
a 547 578 84 22
a 547 548 50 26
a 548 577 100 14
a 548 547 68 53
a 548 578 75 96
a 548 579 58 14
a 548 549 25 89
a 549 578 54 66
a 549 548 52 45
a 549 579 73 64
a 549 580 34 60
a 549 550 15 81
a 550 579 38 5
a 550 549 85 14
a 550 580 84 37
a 550 581 16 34
a 550 551 78 1
a 551 580 87 62
a 551 550 94 34
a 551 581 29 44
a 551 582 14 25
a 551 552 52 80
a 552 581 88 34
a 552 551 98 68
a 552 582 30 42
a 552 583 34 88
a 552 553 73 78
a 553 582 71 70
a 553 552 31 33
a 553 583 2 76
a 553 584 18 17
a 553 554 2 66
a 554 583 53 38
a 554 553 61 67
a 554 584 38 19
a 554 585 81 96
a 554 555 22 8
a 555 584 36 56
a 555 554 58 27
a 555 585 6 100
a 555 586 35 43
a 555 556 86 98
a 556 585 80 16
a 556 555 4 54
a 556 586 47 1
a 556 587 14 33
a 556 557 26 26
a 557 586 57 6
a 557 556 20 31
a 557 587 35 3
a 557 588 46 85
a 557 558 83 53
a 558 587 47 66
a 558 557 38 60
a 558 588 80 37
a 558 589 17 1
a 558 559 37 38
a 559 588 32 7
a 559 558 73 68
a 559 589 97 64
a 559 590 86 100
a 559 560 30 13
a 560 589 99 8
a 560 559 13 62
a 560 590 100 1
a 560 591 42 44
a 560 561 12 1
a 561 590 37 50
a 561 560 14 97
a 561 591 32 2
a 561 592 6 82
a 561 562 4 48
a 562 591 98 49
a 562 561 100 49
a 562 592 77 97
a 562 593 36 18
a 562 563 33 68
a 563 592 57 73
a 563 562 18 49
a 563 593 8 41
a 563 594 55 41
a 563 564 17 46
a 564 593 72 35
a 564 563 41 80
a 564 594 73 30
a 564 595 41 69
a 564 565 71 18
a 565 594 8 29
a 565 564 53 62
a 565 595 83 82
a 565 596 87 45
a 565 566 3 74
a 566 595 6 60
a 566 565 75 72
a 566 596 83 28
a 566 597 9 89
a 566 567 15 45
a 567 596 64 3
a 567 566 23 54
a 567 597 29 75
a 567 598 18 54
a 567 568 58 1
a 568 597 32 100
a 568 567 47 64
a 568 598 70 31
a 568 599 28 1
a 568 569 9 44
a 569 598 28 56
a 569 568 83 68
a 569 599 5 67
a 569 600 42 95
a 569 570 32 96
a 570 599 27 79
a 570 569 28 17
a 570 600 89 3
a 571 601 67 3
a 571 602 68 47
a 571 572 97 71
a 572 601 53 13
a 572 571 66 88
a 572 602 18 50
a 572 603 91 95
a 572 573 44 35
a 573 602 9 86
a 573 572 99 88
a 573 603 10 37
a 573 604 58 6
a 573 574 40 7
a 574 603 50 30
a 574 573 52 27
a 574 604 86 53
a 574 605 60 99
a 574 575 99 43
a 575 604 22 61
a 575 574 5 24
a 575 605 73 23
a 575 606 63 49
a 575 576 69 31
a 576 605 3 70
a 576 575 95 50
a 576 606 34 60
a 576 607 51 90
a 576 577 75 6
a 577 606 67 9
a 577 576 22 33
a 577 607 53 6
a 577 608 33 69
a 577 578 72 92
a 578 607 75 80
a 578 577 64 33
a 578 608 54 90
a 578 609 24 7
a 578 579 43 11
a 579 608 13 5
a 579 578 67 16
a 579 609 66 58
a 579 610 17 24
a 579 580 23 38
a 580 609 27 11
a 580 579 79 16
a 580 610 67 98
a 580 611 14 76
a 580 581 79 34
a 581 610 63 26
a 581 580 1 96
a 581 611 3 91
a 581 612 77 98
a 581 582 55 13
a 582 611 49 91
a 582 581 24 89
a 582 612 24 73
a 582 613 74 75
a 582 583 58 20
a 583 612 90 41
a 583 582 24 64
a 583 613 21 30
a 583 614 35 91
a 583 584 15 87
a 584 613 100 73
a 584 583 37 73
a 584 614 79 65
a 584 615 95 58
a 584 585 73 61
a 585 614 5 84
a 585 584 89 3
a 585 615 97 92
a 585 616 53 74
a 585 586 11 32
a 586 615 67 100
a 586 585 57 60
a 586 616 62 26
a 586 617 42 100
a 586 587 80 86
a 587 616 73 71
a 587 586 27 9
a 587 617 6 93
a 587 618 51 61
a 587 588 61 30
a 588 617 24 34
a 588 587 40 6
a 588 618 15 58
a 588 619 37 53
a 588 589 91 79
a 589 618 56 24
a 589 588 42 24
a 589 619 39 34
a 589 620 43 36
a 589 590 96 14
a 590 619 56 58
a 590 589 59 34
a 590 620 93 11
a 590 621 13 89
a 590 591 80 74
a 591 620 21 43
a 591 590 22 54
a 591 621 15 37
a 591 622 31 43
a 591 592 67 64
a 592 621 74 47
a 592 591 11 94
a 592 622 85 80
a 592 623 57 84
a 592 593 65 58
a 593 622 92 75
a 593 592 29 99
a 593 623 86 6
a 593 624 69 19
a 593 594 76 94
a 594 623 26 62
a 594 593 46 69
a 594 624 100 89
a 594 625 25 74
a 594 595 61 16
a 595 624 71 73
a 595 594 45 15
a 595 625 31 31
a 595 626 4 32
a 595 596 54 68
a 596 625 84 18
a 596 595 6 25
a 596 626 26 36
a 596 627 77 66
a 596 597 48 16
a 597 626 33 80
a 597 596 97 36
a 597 627 92 33
a 597 628 6 2
a 597 598 23 1
a 598 627 54 8
a 598 597 74 61
a 598 628 17 18
a 598 629 59 19
a 598 599 21 1
a 599 628 23 4
a 599 598 94 45
a 599 629 45 94
a 599 630 15 3
a 599 600 100 63
a 600 629 26 66
a 600 599 66 19
a 600 630 69 87
a 601 631 72 58
a 601 632 56 1
a 601 602 62 93
a 602 631 85 19
a 602 601 95 3
a 602 632 94 25
a 602 633 32 9
a 602 603 97 5
a 603 632 90 92
a 603 602 12 70
a 603 633 23 99
a 603 634 37 75
a 603 604 72 79
a 604 633 99 78
a 604 603 77 82
a 604 634 15 61
a 604 635 37 9
a 604 605 65 27
a 605 634 32 59
a 605 604 6 9
a 605 635 63 96
a 605 636 19 35
a 605 606 47 15
a 606 635 33 93
a 606 605 90 58
a 606 636 53 82
a 606 637 39 71
a 606 607 34 16
a 607 636 45 88
a 607 606 38 100
a 607 637 83 51
a 607 638 89 13
a 607 608 11 44
a 608 637 14 44
a 608 607 58 19
a 608 638 97 82
a 608 639 29 82
a 608 609 9 81
a 609 638 74 7
a 609 608 47 53
a 609 639 36 92
a 609 640 59 84
a 609 610 20 80
a 610 639 64 70
a 610 609 9 38
a 610 640 28 51
a 610 641 17 36
a 610 611 9 99
a 611 640 31 61
a 611 610 91 11
a 611 641 76 25
a 611 642 54 74
a 611 612 5 31
a 612 641 36 18
a 612 611 74 26
a 612 642 45 94
a 612 643 14 17
a 612 613 95 5
a 613 642 64 28
a 613 612 37 25
a 613 643 14 91
a 613 644 48 11
a 613 614 5 86
a 614 643 50 19
a 614 613 37 19
a 614 644 63 96
a 614 645 14 89
a 614 615 29 68
a 615 644 48 74
a 615 614 83 67
a 615 645 67 76
a 615 646 38 90
a 615 616 96 89
a 616 645 73 28
a 616 615 45 56
a 616 646 51 81
a 616 647 36 57
a 616 617 11 54
a 617 646 47 92
a 617 616 20 36
a 617 647 27 99
a 617 648 95 57
a 617 618 64 74
a 618 647 71 42
a 618 617 25 40
a 618 648 95 59
a 618 649 53 60
a 618 619 26 90
a 619 648 65 89
a 619 618 80 47
a 619 649 16 72
a 619 650 97 66
a 619 620 78 47
a 620 649 37 9
a 620 619 17 44
a 620 650 36 44
a 620 651 47 16
a 620 621 15 63
a 621 650 93 58
a 621 620 42 56
a 621 651 8 35
a 621 652 12 19
a 621 622 20 91
a 622 651 70 55
a 622 621 57 96
a 622 652 97 6
a 622 653 37 20
a 622 623 8 76
a 623 652 84 85
a 623 622 41 34
a 623 653 14 56
a 623 654 12 18
a 623 624 5 14
a 624 653 2 76
a 624 623 15 19
a 624 654 68 88
a 624 655 14 61
a 624 625 41 63
a 625 654 35 25
a 625 624 72 63
a 625 655 33 90
a 625 656 56 86
a 625 626 92 27
a 626 655 34 55
a 626 625 47 12
a 626 656 12 37
a 626 657 98 69
a 626 627 33 14
a 627 656 76 85
a 627 626 65 16
a 627 657 88 13
a 627 658 40 35
a 627 628 27 30
a 628 657 23 26
a 628 627 92 46
a 628 658 14 72
a 628 659 88 48
a 628 629 40 79
a 629 658 73 22
a 629 628 65 7
a 629 659 54 63
a 629 660 46 65
a 629 630 68 71
a 630 659 64 40
a 630 629 20 50
a 630 660 87 46
a 631 661 70 62
a 631 662 50 21
a 631 632 94 36
a 632 661 13 4
a 632 631 5 66
a 632 662 95 4
a 632 663 15 64
a 632 633 90 88
a 633 662 72 93
a 633 632 15 36
a 633 663 53 58
a 633 664 71 63
a 633 634 22 25
a 634 663 8 36
a 634 633 94 24
a 634 664 73 99
a 634 665 11 16
a 634 635 3 98
a 635 664 31 5
a 635 634 33 42
a 635 665 64 8
a 635 666 59 25
a 635 636 41 72
a 636 665 37 29
a 636 635 69 72
a 636 666 10 78
a 636 667 85 66
a 636 637 34 27
a 637 666 62 84
a 637 636 45 30
a 637 667 29 95
a 637 668 47 95
a 637 638 48 49
a 638 667 29 90
a 638 637 35 96
a 638 668 68 60
a 638 669 71 82
a 638 639 46 33
a 639 668 82 80
a 639 638 34 27
a 639 669 44 87
a 639 670 53 54
a 639 640 98 13
a 640 669 71 83
a 640 639 81 52
a 640 670 15 42
a 640 671 54 75
a 640 641 13 40
a 641 670 38 22
a 641 640 42 81
a 641 671 13 10
a 641 672 53 33
a 641 642 15 26
a 642 671 32 34
a 642 641 63 54
a 642 672 37 26
a 642 673 84 9
a 642 643 65 66
a 643 672 26 45
a 643 642 96 18
a 643 673 44 1
a 643 674 95 17
a 643 644 24 81
a 644 673 14 93
a 644 643 87 38
a 644 674 48 16
a 644 675 5 57
a 644 645 82 34
a 645 674 89 44
a 645 644 78 39
a 645 675 91 84
a 645 676 74 97
a 645 646 3 39
a 646 675 28 19
a 646 645 47 14
a 646 676 67 30
a 646 677 1 3
a 646 647 7 61
a 647 676 55 28
a 647 646 63 84
a 647 677 24 44
a 647 678 97 61
a 647 648 52 75
a 648 677 68 98
a 648 647 23 14
a 648 678 70 39
a 648 679 30 81
a 648 649 48 13
a 649 678 11 21
a 649 648 87 37
a 649 679 69 6
a 649 680 20 75
a 649 650 57 85
a 650 679 73 47
a 650 649 16 48
a 650 680 47 77
a 650 681 24 83
a 650 651 76 9
a 651 680 21 44
a 651 650 95 62
a 651 681 70 82
a 651 682 34 20
a 651 652 41 14
a 652 681 7 65
a 652 651 6 6
a 652 682 63 49
a 652 683 11 27
a 652 653 49 50
a 653 682 96 17
a 653 652 60 35
a 653 683 14 38
a 653 684 31 25
a 653 654 73 8
a 654 683 14 25
a 654 653 1 58
a 654 684 74 81
a 654 685 65 41
a 654 655 25 69
a 655 684 40 26
a 655 654 85 86
a 655 685 6 52
a 655 686 79 61
a 655 656 5 12
a 656 685 72 7
a 656 655 29 85
a 656 686 8 13
a 656 687 2 65
a 656 657 75 52
a 657 686 66 31
a 657 656 5 39
a 657 687 7 59
a 657 688 90 16
a 657 658 82 83
a 658 687 43 5
a 658 657 38 33
a 658 688 44 95
a 658 689 96 45
a 658 659 75 70
a 659 688 16 30
a 659 658 61 49
a 659 689 10 25
a 659 690 57 26
a 659 660 14 61
a 660 689 38 13
a 660 659 74 87
a 660 690 71 92
a 661 691 79 10
a 661 692 22 42
a 661 662 40 36
a 662 691 88 94
a 662 661 11 71
a 662 692 5 21
a 662 693 40 86
a 662 663 15 1
a 663 692 31 84
a 663 662 74 84
a 663 693 94 43
a 663 694 15 8
a 663 664 33 22
a 664 693 14 44
a 664 663 87 26
a 664 694 66 69
a 664 695 78 79
a 664 665 67 36
a 665 694 51 87
a 665 664 28 23
a 665 695 87 60
a 665 696 39 47
a 665 666 30 91
a 666 695 67 28
a 666 665 95 98
a 666 696 17 33
a 666 697 36 17
a 666 667 99 96
a 667 696 41 97
a 667 666 96 67
a 667 697 3 34
a 667 698 84 20
a 667 668 83 27
a 668 697 85 33
a 668 667 46 90
a 668 698 48 20
a 668 699 99 17
a 668 669 75 10
a 669 698 18 39
a 669 668 24 89
a 669 699 27 44
a 669 700 26 52
a 669 670 86 72
a 670 699 39 27
a 670 669 90 81
a 670 700 31 23
a 670 701 24 80
a 670 671 8 51
a 671 700 75 1
a 671 670 39 6
a 671 701 10 31
a 671 702 35 85
a 671 672 95 37
a 672 701 73 58
a 672 671 27 64
a 672 702 56 14
a 672 703 55 15
a 672 673 87 76
a 673 702 98 12
a 673 672 57 87
a 673 703 61 46
a 673 704 29 6
a 673 674 80 36
a 674 703 54 36
a 674 673 53 65
a 674 704 30 31
a 674 705 24 54
a 674 675 76 66
a 675 704 82 85
a 675 674 76 86
a 675 705 51 64
a 675 706 45 57
a 675 676 88 29
a 676 705 57 98
a 676 675 13 81
a 676 706 88 85
a 676 707 37 85
a 676 677 86 40
a 677 706 60 57
a 677 676 31 89
a 677 707 74 60
a 677 708 90 55
a 677 678 86 9
a 678 707 5 87
a 678 677 16 36
a 678 708 17 18
a 678 709 77 76
a 678 679 2 48
a 679 708 85 89
a 679 678 39 45
a 679 709 40 42
a 679 710 100 38
a 679 680 82 29
a 680 709 20 88
a 680 679 40 72
a 680 710 49 72
a 680 711 9 96
a 680 681 7 6
a 681 710 17 66
a 681 680 54 84
a 681 711 89 42
a 681 712 56 15
a 681 682 48 63
a 682 711 75 81
a 682 681 79 64
a 682 712 51 30
a 682 713 65 17
a 682 683 41 12
a 683 712 69 86
a 683 682 33 19
a 683 713 84 17
a 683 714 94 7
a 683 684 42 8
a 684 713 36 69
a 684 683 33 86
a 684 714 89 25
a 684 715 87 39
a 684 685 76 41
a 685 714 6 55
a 685 684 88 87
a 685 715 89 32
a 685 716 2 92
a 685 686 69 8
a 686 715 35 85
a 686 685 57 12
a 686 716 62 4
a 686 717 76 56
a 686 687 73 81
a 687 716 50 5
a 687 686 93 80
a 687 717 90 53
a 687 718 91 62
a 687 688 19 31
a 688 717 3 47
a 688 687 13 22
a 688 718 58 85
a 688 719 39 96
a 688 689 52 76
a 689 718 52 72
a 689 688 71 79
a 689 719 39 36
a 689 720 66 68
a 689 690 3 73
a 690 719 26 89
a 690 689 20 45
a 690 720 8 10
a 691 721 28 51
a 691 722 37 55
a 691 692 7 27
a 692 721 38 45
a 692 691 14 29
a 692 722 47 77
a 692 723 26 4
a 692 693 88 45
a 693 722 33 36
a 693 692 12 48
a 693 723 70 17
a 693 724 30 59
a 693 694 31 51
a 694 723 25 33
a 694 693 56 30
a 694 724 19 3
a 694 725 55 7
a 694 695 30 16
a 695 724 98 30
a 695 694 71 100
a 695 725 65 48
a 695 726 61 14
a 695 696 65 49
a 696 725 47 88
a 696 695 6 54
a 696 726 74 79
a 696 727 30 79
a 696 697 10 96
a 697 726 75 63
a 697 696 10 16
a 697 727 11 35
a 697 728 54 5
a 697 698 42 35
a 698 727 90 93
a 698 697 37 45
a 698 728 90 12
a 698 729 66 26
a 698 699 59 44
a 699 728 69 65
a 699 698 72 89
a 699 729 2 8
a 699 730 69 11
a 699 700 8 11
a 700 729 1 79
a 700 699 62 41
a 700 730 97 70
a 700 731 65 17
a 700 701 71 1
a 701 730 67 49
a 701 700 37 22
a 701 731 59 46
a 701 732 35 68
a 701 702 57 29
a 702 731 25 58
a 702 701 89 74
a 702 732 96 15
a 702 733 32 11
a 702 703 61 74
a 703 732 15 76
a 703 702 44 57
a 703 733 1 25
a 703 734 7 86
a 703 704 32 54
a 704 733 36 42
a 704 703 8 54
a 704 734 95 7
a 704 735 52 51
a 704 705 41 41
a 705 734 6 83
a 705 704 91 10
a 705 735 77 48
a 705 736 43 18
a 705 706 38 94
a 706 735 82 83
a 706 705 88 30
a 706 736 6 73
a 706 737 17 83
a 706 707 3 58
a 707 736 3 1
a 707 706 45 77
a 707 737 35 81
a 707 738 24 29
a 707 708 81 100
a 708 737 85 90
a 708 707 73 93
a 708 738 77 7
a 708 739 82 90
a 708 709 57 31
a 709 738 38 87
a 709 708 21 97
a 709 739 50 65
a 709 740 53 32
a 709 710 76 58
a 710 739 73 33
a 710 709 79 82
a 710 740 92 29
a 710 741 10 44
a 710 711 73 78
a 711 740 29 7
a 711 710 63 76
a 711 741 69 67
a 711 742 40 61
a 711 712 12 84
a 712 741 9 46
a 712 711 69 4
a 712 742 80 98
a 712 743 86 18
a 712 713 75 18
a 713 742 7 87
a 713 712 57 91
a 713 743 30 22
a 713 744 95 75
a 713 714 82 81
a 714 743 77 19
a 714 713 53 54
a 714 744 62 22
a 714 745 24 48
a 714 715 10 96
a 715 744 17 2
a 715 714 68 82
a 715 745 11 14
a 715 746 81 85
a 715 716 99 64
a 716 745 88 98
a 716 715 58 6
a 716 746 67 4
a 716 747 3 32
a 716 717 38 70
a 717 746 87 29
a 717 716 60 24
a 717 747 16 64
a 717 748 87 41
a 717 718 68 69
a 718 747 29 4
a 718 717 47 92
a 718 748 17 91
a 718 749 96 1
a 718 719 11 18
a 719 748 97 63
a 719 718 13 81
a 719 749 69 59
a 719 750 67 52
a 719 720 51 44
a 720 749 35 68
a 720 719 37 75
a 720 750 42 94
a 721 751 75 13
a 721 752 22 45
a 721 722 14 14
a 722 751 52 29
a 722 721 38 63
a 722 752 9 43
a 722 753 68 89
a 722 723 98 45
a 723 752 13 11
a 723 722 90 46
a 723 753 4 5
a 723 754 78 67
a 723 724 5 58
a 724 753 88 45
a 724 723 84 41
a 724 754 39 91
a 724 755 41 22
a 724 725 26 93
a 725 754 43 43
a 725 724 39 35
a 725 755 9 98
a 725 756 92 99
a 725 726 19 25
a 726 755 46 82
a 726 725 42 13
a 726 756 67 98
a 726 757 22 41
a 726 727 98 89
a 727 756 34 91
a 727 726 21 82
a 727 757 64 57
a 727 758 83 13
a 727 728 50 86
a 728 757 44 57
a 728 727 13 32
a 728 758 34 10
a 728 759 100 30
a 728 729 62 85
a 729 758 21 50
a 729 728 92 17
a 729 759 28 84
a 729 760 23 16
a 729 730 1 91
a 730 759 13 62
a 730 729 29 18
a 730 760 71 66
a 730 761 44 52
a 730 731 27 38
a 731 760 15 37
a 731 730 91 30
a 731 761 57 20
a 731 762 26 42
a 731 732 8 85
a 732 761 82 69
a 732 731 85 76
a 732 762 10 53
a 732 763 48 29
a 732 733 31 56
a 733 762 87 39
a 733 732 42 70
a 733 763 42 31
a 733 764 90 22
a 733 734 82 38
a 734 763 53 95
a 734 733 19 100
a 734 764 37 100
a 734 765 51 28
a 734 735 37 39
a 735 764 20 89
a 735 734 40 14
a 735 765 33 27
a 735 766 10 60
a 735 736 69 22
a 736 765 27 88
a 736 735 74 17
a 736 766 49 29
a 736 767 86 95
a 736 737 6 26
a 737 766 29 19
a 737 736 59 65
a 737 767 58 57
a 737 768 87 66
a 737 738 31 32
a 738 767 17 85
a 738 737 52 37
a 738 768 14 81
a 738 769 79 70
a 738 739 15 93
a 739 768 36 85
a 739 738 38 10
a 739 769 28 36
a 739 770 43 63
a 739 740 36 5
a 740 769 2 73
a 740 739 28 38
a 740 770 8 47
a 740 771 65 90
a 740 741 52 32
a 741 770 69 100
a 741 740 29 64
a 741 771 81 90
a 741 772 78 6
a 741 742 69 39
a 742 771 93 5
a 742 741 76 13
a 742 772 69 94
a 742 773 10 33
a 742 743 6 37
a 743 772 21 1
a 743 742 63 84
a 743 773 80 48
a 743 774 16 24
a 743 744 32 11
a 744 773 10 71
a 744 743 12 48
a 744 774 69 81
a 744 775 11 23
a 744 745 64 11
a 745 774 1 48
a 745 744 12 18
a 745 775 14 99
a 745 776 39 81
a 745 746 97 40
a 746 775 4 77
a 746 745 28 75
a 746 776 9 30
a 746 777 38 13
a 746 747 11 30
a 747 776 77 6
a 747 746 18 31
a 747 777 26 99
a 747 778 33 2
a 747 748 16 48
a 748 777 30 19
a 748 747 84 66
a 748 778 4 49
a 748 779 25 98
a 748 749 25 46
a 749 778 83 89
a 749 748 7 36
a 749 779 66 60
a 749 780 27 35
a 749 750 24 9
a 750 779 30 11
a 750 749 43 9
a 750 780 11 15
a 751 781 33 66
a 751 782 33 4
a 751 752 2 53
a 752 781 2 36
a 752 751 38 52
a 752 782 54 14
a 752 783 1 98
a 752 753 67 46
a 753 782 92 79
a 753 752 89 14
a 753 783 49 79
a 753 784 74 97
a 753 754 35 76
a 754 783 79 57
a 754 753 39 3
a 754 784 91 92
a 754 785 35 89
a 754 755 94 71
a 755 784 37 3
a 755 754 97 18
a 755 785 83 32
a 755 786 81 33
a 755 756 79 79
a 756 785 64 9
a 756 755 34 35
a 756 786 85 64
a 756 787 80 40
a 756 757 37 29
a 757 786 3 29
a 757 756 32 63
a 757 787 91 13
a 757 788 71 33
a 757 758 10 84
a 758 787 34 100
a 758 757 20 5
a 758 788 22 54
a 758 789 59 12
a 758 759 20 62
a 759 788 98 29
a 759 758 98 18
a 759 789 40 22
a 759 790 92 40
a 759 760 44 52
a 760 789 61 86
a 760 759 100 85
a 760 790 100 4
a 760 791 59 78
a 760 761 2 43
a 761 790 95 14
a 761 760 31 81
a 761 791 39 43
a 761 792 90 44
a 761 762 46 93
a 762 791 33 26
a 762 761 43 49
a 762 792 90 97
a 762 793 54 49
a 762 763 20 63
a 763 792 19 70
a 763 762 70 57
a 763 793 57 28
a 763 794 87 66
a 763 764 57 14
a 764 793 46 97
a 764 763 62 16
a 764 794 16 11
a 764 795 59 89
a 764 765 65 43
a 765 794 12 39
a 765 764 60 79
a 765 795 21 55
a 765 796 83 59
a 765 766 71 95
a 766 795 75 6
a 766 765 1 14
a 766 796 84 33
a 766 797 24 54
a 766 767 61 68
a 767 796 76 1
a 767 766 88 36
a 767 797 47 30
a 767 798 61 91
a 767 768 7 96
a 768 797 78 71
a 768 767 57 53
a 768 798 67 18
a 768 799 88 29
a 768 769 59 92
a 769 798 17 58
a 769 768 63 79
a 769 799 17 28
a 769 800 58 43
a 769 770 80 38
a 770 799 15 38
a 770 769 73 71
a 770 800 7 59
a 770 801 50 76
a 770 771 91 7
a 771 800 64 55
a 771 770 78 37
a 771 801 40 49
a 771 802 31 15
a 771 772 57 77
a 772 801 35 87
a 772 771 74 31
a 772 802 10 88
a 772 803 27 9
a 772 773 68 30
a 773 802 100 9
a 773 772 43 100
a 773 803 82 61
a 773 804 64 31
a 773 774 83 41
a 774 803 36 85
a 774 773 45 70
a 774 804 36 9
a 774 805 2 69
a 774 775 13 75
a 775 804 27 14
a 775 774 94 9
a 775 805 40 46
a 775 806 11 43
a 775 776 64 56
a 776 805 36 72
a 776 775 74 67
a 776 806 7 49
a 776 807 83 18
a 776 777 63 92
a 777 806 70 83
a 777 776 62 51
a 777 807 30 38
a 777 808 58 10
a 777 778 16 82
a 778 807 72 28
a 778 777 35 60
a 778 808 41 57
a 778 809 57 63
a 778 779 38 2
a 779 808 3 69
a 779 778 28 61
a 779 809 64 24
a 779 810 18 95
a 779 780 46 27
a 780 809 75 56
a 780 779 75 4
a 780 810 91 43
a 781 811 4 18
a 781 812 22 69
a 781 782 84 43
a 782 811 24 68
a 782 781 60 40
a 782 812 36 23
a 782 813 54 2
a 782 783 92 87
a 783 812 72 56
a 783 782 5 30
a 783 813 31 88
a 783 814 8 85
a 783 784 42 79
a 784 813 85 54
a 784 783 57 17
a 784 814 53 87
a 784 815 22 82
a 784 785 96 85
a 785 814 75 34
a 785 784 25 41
a 785 815 30 100
a 785 816 22 97
a 785 786 15 38
a 786 815 91 56
a 786 785 84 82
a 786 816 98 15
a 786 817 47 58
a 786 787 69 3
a 787 816 56 22
a 787 786 1 24
a 787 817 66 2
a 787 818 11 37
a 787 788 45 18
a 788 817 33 99
a 788 787 41 9
a 788 818 75 97
a 788 819 82 11
a 788 789 72 32
a 789 818 68 40
a 789 788 21 15
a 789 819 79 82
a 789 820 84 31
a 789 790 68 79
a 790 819 69 1
a 790 789 42 92
a 790 820 90 67
a 790 821 12 42
a 790 791 46 48
a 791 820 56 67
a 791 790 81 34
a 791 821 26 17
a 791 822 22 54
a 791 792 75 42
a 792 821 66 15
a 792 791 25 100
a 792 822 21 34
a 792 823 79 73
a 792 793 35 42
a 793 822 50 3
a 793 792 65 95
a 793 823 72 97
a 793 824 73 10
a 793 794 68 62
a 794 823 44 91
a 794 793 39 100
a 794 824 20 83
a 794 825 26 42
a 794 795 43 90
a 795 824 58 35
a 795 794 59 100
a 795 825 81 37
a 795 826 15 44
a 795 796 86 21
a 796 825 58 25
a 796 795 25 94
a 796 826 55 49
a 796 827 5 58
a 796 797 46 1
a 797 826 74 42
a 797 796 95 56
a 797 827 39 97
a 797 828 77 26
a 797 798 9 64
a 798 827 88 79
a 798 797 46 89
a 798 828 16 11
a 798 829 86 73
a 798 799 99 41
a 799 828 68 56
a 799 798 82 88
a 799 829 69 59
a 799 830 5 84
a 799 800 41 2
a 800 829 12 49
a 800 799 30 66
a 800 830 97 54
a 800 831 91 51
a 800 801 69 89
a 801 830 59 26
a 801 800 79 11
a 801 831 96 72
a 801 832 41 29
a 801 802 23 30
a 802 831 13 36
a 802 801 84 1
a 802 832 63 90
a 802 833 29 20
a 802 803 14 6
a 803 832 17 90
a 803 802 36 70
a 803 833 28 22
a 803 834 80 57
a 803 804 76 69
a 804 833 51 87
a 804 803 23 1
a 804 834 99 60
a 804 835 30 100
a 804 805 77 57
a 805 834 83 13
a 805 804 73 95
a 805 835 26 89
a 805 836 92 40
a 805 806 95 3
a 806 835 26 24
a 806 805 84 68
a 806 836 18 91
a 806 837 60 81
a 806 807 27 16
a 807 836 89 23
a 807 806 29 46
a 807 837 35 33
a 807 838 56 32
a 807 808 91 98
a 808 837 89 4
a 808 807 79 10
a 808 838 28 73
a 808 839 19 51
a 808 809 86 77
a 809 838 21 73
a 809 808 65 30
a 809 839 46 74
a 809 840 81 49
a 809 810 54 12
a 810 839 2 57
a 810 809 42 73
a 810 840 80 26
a 811 841 77 94
a 811 842 63 54
a 811 812 4 17
a 812 841 33 86
a 812 811 60 20
a 812 842 89 54
a 812 843 46 39
a 812 813 13 18
a 813 842 13 33
a 813 812 4 68
a 813 843 24 100
a 813 844 34 63
a 813 814 14 43
a 814 843 58 19
a 814 813 36 8
a 814 844 35 20
a 814 845 94 19
a 814 815 74 10
a 815 844 43 38
a 815 814 96 34
a 815 845 8 57
a 815 846 84 70
a 815 816 100 25
a 816 845 48 22
a 816 815 89 32
a 816 846 45 70
a 816 847 17 12
a 816 817 85 42
a 817 846 52 50
a 817 816 69 66
a 817 847 3 39
a 817 848 96 84
a 817 818 31 41
a 818 847 51 7
a 818 817 64 87
a 818 848 23 40
a 818 849 4 23
a 818 819 69 36
a 819 848 44 26
a 819 818 36 2
a 819 849 26 23
a 819 850 98 29
a 819 820 2 100
a 820 849 53 9
a 820 819 99 36
a 820 850 5 50
a 820 851 73 26
a 820 821 4 65
a 821 850 10 29
a 821 820 29 87
a 821 851 66 90
a 821 852 82 1
a 821 822 56 67
a 822 851 88 62
a 822 821 26 5
a 822 852 69 73
a 822 853 72 68
a 822 823 18 39
a 823 852 38 99
a 823 822 23 77
a 823 853 65 7
a 823 854 92 19
a 823 824 16 14
a 824 853 66 64
a 824 823 16 88
a 824 854 56 73
a 824 855 37 14
a 824 825 88 41
a 825 854 100 56
a 825 824 65 19
a 825 855 63 10
a 825 856 14 12
a 825 826 35 31
a 826 855 33 13
a 826 825 86 17
a 826 856 19 78
a 826 857 92 73
a 826 827 100 17
a 827 856 52 21
a 827 826 23 24
a 827 857 33 61
a 827 858 96 1
a 827 828 74 36
a 828 857 30 95
a 828 827 31 40
a 828 858 61 99
a 828 859 78 85
a 828 829 24 63
a 829 858 67 94
a 829 828 95 44
a 829 859 4 31
a 829 860 68 98
a 829 830 89 42
a 830 859 20 96
a 830 829 36 77
a 830 860 75 65
a 830 861 65 50
a 830 831 97 63
a 831 860 36 63
a 831 830 67 16
a 831 861 35 17
a 831 862 10 30
a 831 832 96 55
a 832 861 31 89
a 832 831 84 39
a 832 862 56 10
a 832 863 3 16
a 832 833 55 24
a 833 862 56 8
a 833 832 61 80
a 833 863 68 78
a 833 864 34 5
a 833 834 47 57
a 834 863 23 51
a 834 833 23 51
a 834 864 8 43
a 834 865 55 100
a 834 835 18 60
a 835 864 68 51
a 835 834 38 70
a 835 865 10 7
a 835 866 73 45
a 835 836 61 24
a 836 865 63 30
a 836 835 21 61
a 836 866 5 57
a 836 867 73 58
a 836 837 19 1
a 837 866 45 52
a 837 836 99 81
a 837 867 88 76
a 837 868 21 37
a 837 838 70 33
a 838 867 92 74
a 838 837 70 97
a 838 868 86 7
a 838 869 56 30
a 838 839 96 99
a 839 868 26 84
a 839 838 77 36
a 839 869 88 55
a 839 870 26 43
a 839 840 10 87
a 840 869 94 56
a 840 839 98 87
a 840 870 36 77
a 841 871 23 83
a 841 872 78 97
a 841 842 54 55
a 842 871 28 70
a 842 841 59 46
a 842 872 15 20
a 842 873 60 44
a 842 843 27 58
a 843 872 14 90
a 843 842 5 55
a 843 873 81 40
a 843 874 2 50
a 843 844 87 61
a 844 873 17 79
a 844 843 25 72
a 844 874 34 59
a 844 875 75 11
a 844 845 14 24
a 845 874 33 80
a 845 844 87 9
a 845 875 90 77
a 845 876 52 40
a 845 846 60 48
a 846 875 5 64
a 846 845 86 76
a 846 876 67 59
a 846 877 12 8
a 846 847 3 62
a 847 876 25 38
a 847 846 26 65
a 847 877 20 9
a 847 878 5 63
a 847 848 48 84
a 848 877 46 57
a 848 847 40 38
a 848 878 19 87
a 848 879 88 22
a 848 849 6 63
a 849 878 98 75
a 849 848 74 83
a 849 879 30 78
a 849 880 2 91
a 849 850 93 5
a 850 879 72 68
a 850 849 68 60
a 850 880 82 68
a 850 881 77 63
a 850 851 9 61
a 851 880 26 78
a 851 850 41 53
a 851 881 11 26
a 851 882 46 28
a 851 852 96 37
a 852 881 28 86
a 852 851 44 61
a 852 882 35 77
a 852 883 28 14
a 852 853 47 40
a 853 882 55 45
a 853 852 37 58
a 853 883 90 18
a 853 884 16 12
a 853 854 93 38
a 854 883 86 45
a 854 853 30 62
a 854 884 93 83
a 854 885 30 91
a 854 855 66 96
a 855 884 6 27
a 855 854 67 57
a 855 885 43 86
a 855 886 46 84
a 855 856 70 78
a 856 885 81 57
a 856 855 84 45
a 856 886 51 21
a 856 887 1 4
a 856 857 5 94
a 857 886 4 74
a 857 856 93 91
a 857 887 96 51
a 857 888 51 48
a 857 858 65 31
a 858 887 73 76
a 858 857 87 79
a 858 888 19 63
a 858 889 51 94
a 858 859 97 39
a 859 888 48 37
a 859 858 85 87
a 859 889 58 73
a 859 890 20 57
a 859 860 49 19
a 860 889 81 49
a 860 859 90 22
a 860 890 56 71
a 860 891 42 97
a 860 861 58 28
a 861 890 48 32
a 861 860 70 78
a 861 891 34 33
a 861 892 52 69
a 861 862 24 8
a 862 891 14 97
a 862 861 61 88
a 862 892 71 61
a 862 893 90 5
a 862 863 74 87
a 863 892 77 38
a 863 862 99 34
a 863 893 43 79
a 863 894 85 81
a 863 864 18 89
a 864 893 96 10
a 864 863 3 63
a 864 894 26 55
a 864 895 8 34
a 864 865 25 58
a 865 894 66 61
a 865 864 31 28
a 865 895 81 30
a 865 896 39 28
a 865 866 81 48
a 866 895 100 81
a 866 865 61 65
a 866 896 96 17
a 866 897 7 93
a 866 867 67 46
a 867 896 64 70
a 867 866 82 86
a 867 897 66 72
a 867 898 19 64
a 867 868 20 56
a 868 897 87 75
a 868 867 17 17
a 868 898 3 83
a 868 899 57 39
a 868 869 84 51
a 869 898 77 71
a 869 868 78 40
a 869 899 74 76
a 869 900 12 37
a 869 870 62 92
a 870 899 50 20
a 870 869 19 8
a 870 900 23 69
