p sp 902 4236
n 0 s
n 901 t
a 0 1 37 65
a 0 2 86 45
a 0 3 81 55
a 0 4 69 50
a 0 5 51 35
a 0 6 1 13
a 0 7 9 12
a 0 8 96 63
a 0 9 62 39
a 0 10 8 80
a 0 11 43 25
a 0 12 84 52
a 0 13 19 5
a 0 14 40 1
a 0 15 77 12
a 0 16 24 74
a 0 17 80 92
a 0 18 36 93
a 0 19 19 7
a 0 20 47 35
a 0 21 26 81
a 0 22 74 48
a 0 23 34 96
a 0 24 13 90
a 0 25 77 53
a 0 26 13 46
a 0 27 95 71
a 0 28 45 53
a 0 29 9 66
a 0 30 27 58
a 871 901 75 26
a 872 901 97 30
a 873 901 73 6
a 874 901 21 6
a 875 901 30 48
a 876 901 55 53
a 877 901 38 21
a 878 901 15 97
a 879 901 81 22
a 880 901 32 99
a 881 901 77 95
a 882 901 88 87
a 883 901 98 57
a 884 901 9 2
a 885 901 26 99
a 886 901 7 19
a 887 901 88 38
a 888 901 27 82
a 889 901 41 60
a 890 901 46 56
a 891 901 49 67
a 892 901 92 73
a 893 901 96 88
a 894 901 16 31
a 895 901 35 64
a 896 901 93 42
a 897 901 58 55
a 898 901 79 86
a 899 901 8 3
a 900 901 24 6
a 1 31 32 40
a 1 32 58 48
a 2 31 78 82
a 2 32 49 70
a 2 33 68 57
a 3 32 77 6
a 3 33 2 77
a 3 34 2 45
a 4 33 91 49
a 4 34 62 91
a 4 35 82 65
a 5 34 93 88
a 5 35 36 20
a 5 36 11 45
a 6 35 53 13
a 6 36 62 93
a 6 37 43 30
a 7 36 90 65
a 7 37 88 76
a 7 38 96 22
a 8 37 85 78
a 8 38 55 38
a 8 39 21 92
a 9 38 10 60
a 9 39 37 93
a 9 40 86 10
a 10 39 20 20
a 10 40 60 48
a 10 41 82 4
a 11 40 36 66
a 11 41 69 59
a 11 42 96 19
a 12 41 29 37
a 12 42 9 53
a 12 43 83 98
a 13 42 83 99
a 13 43 85 18
a 13 44 12 46
a 14 43 32 26
a 14 44 8 43
a 14 45 10 11
a 15 44 59 69
a 15 45 31 23
a 15 46 28 19
a 16 45 60 60
a 16 46 74 34
a 16 47 32 77
a 17 46 78 4
a 17 47 84 44
a 17 48 73 74
a 18 47 25 50
a 18 48 74 68
a 18 49 63 82
a 19 48 16 46
a 19 49 61 49
a 19 50 98 76
a 20 49 100 72
a 20 50 80 79
a 20 51 81 29
a 21 50 72 19
a 21 51 80 67
a 21 52 17 8
a 22 51 51 59
a 22 52 31 25
a 22 53 28 23
a 23 52 83 50
a 23 53 91 51
a 23 54 2 81
a 24 53 76 89
a 24 54 11 24
a 24 55 50 55
a 25 54 50 34
a 25 55 17 39
a 25 56 45 18
a 26 55 86 97
a 26 56 1 38
a 26 57 20 61
a 27 56 16 66
a 27 57 1 37
a 27 58 23 73
a 28 57 63 48
a 28 58 7 50
a 28 59 14 57
a 29 58 86 23
a 29 59 36 53
a 29 60 84 22
a 30 59 41 3
a 30 60 92 37
a 31 61 93 89
a 31 62 97 24
a 31 32 52 57
a 32 61 21 79
a 32 31 48 43
a 32 62 37 58
a 32 63 26 51
a 32 33 99 49
a 33 62 43 12
a 33 32 17 9
a 33 63 61 39
a 33 64 47 37
a 33 34 15 86
a 34 63 5 74
a 34 33 17 8
a 34 64 19 93
a 34 65 10 46
a 34 35 26 83
a 35 64 88 20
a 35 34 51 15
a 35 65 66 5
a 35 66 7 13
a 35 36 26 74
a 36 65 22 59
a 36 35 88 65
a 36 66 49 76
a 36 67 96 47
a 36 37 20 39
a 37 66 40 29
a 37 36 88 30
a 37 67 70 20
a 37 68 55 99
a 37 38 10 93
a 38 67 2 67
a 38 37 95 94
a 38 68 44 89
a 38 69 8 18
a 38 39 13 59
a 39 68 57 24
a 39 38 48 17
a 39 69 36 31
a 39 70 87 12
a 39 40 27 24
a 40 69 18 25
a 40 39 44 62
a 40 70 75 82
a 40 71 81 38
a 40 41 21 10
a 41 70 81 98
a 41 40 66 82
a 41 71 4 98
a 41 72 35 17
a 41 42 6 19
a 42 71 4 44
a 42 41 84 10
a 42 72 98 67
a 42 73 29 5
a 42 43 95 23
a 43 72 34 18
a 43 42 79 80
a 43 73 62 48
a 43 74 84 84
a 43 44 100 13
a 44 73 44 95
a 44 43 32 54
a 44 74 10 94
a 44 75 14 10
a 44 45 29 59
a 45 74 18 3
a 45 44 97 59
a 45 75 81 48
a 45 76 67 95
a 45 46 15 40
a 46 75 20 21
a 46 45 94 77
a 46 76 46 7
a 46 77 31 91
a 46 47 48 2
a 47 76 25 51
a 47 46 36 56
a 47 77 95 37
a 47 78 58 88
a 47 48 83 17
a 48 77 21 28
a 48 47 10 91
a 48 78 74 29
a 48 79 94 95
a 48 49 28 79
a 49 78 71 92
a 49 48 84 88
a 49 79 6 21
a 49 80 40 70
a 49 50 83 32
a 50 79 4 77
a 50 49 99 83
a 50 80 70 63
a 50 81 98 82
a 50 51 22 84
a 51 80 3 55
a 51 50 99 55
a 51 81 62 27
a 51 82 88 6
a 51 52 38 73
a 52 81 76 74
a 52 51 85 23
a 52 82 93 62
a 52 83 45 46
a 52 53 95 2
a 53 82 98 31
a 53 52 10 13
a 53 83 66 53
a 53 84 57 83
a 53 54 32 29
a 54 83 34 58
a 54 53 76 12
a 54 84 44 60
a 54 85 72 45
a 54 55 19 10
a 55 84 65 63
a 55 54 60 8
a 55 85 65 8
a 55 86 9 28
a 55 56 17 76
a 56 85 83 33
a 56 55 83 47
a 56 86 98 30
a 56 87 18 21
a 56 57 86 1
a 57 86 54 35
a 57 56 90 53
a 57 87 36 96
a 57 88 47 35
a 57 58 86 12
a 58 87 79 84
a 58 57 75 38
a 58 88 67 70
a 58 89 58 89
a 58 59 14 26
a 59 88 9 75
a 59 58 19 33
a 59 89 43 29
a 59 90 86 39
a 59 60 15 19
a 60 89 8 88
a 60 59 40 52
a 60 90 18 95
a 61 91 73 83
a 61 92 81 5
a 61 62 80 38
a 62 91 72 66
a 62 61 84 44
a 62 92 37 51
a 62 93 53 98
a 62 63 45 20
a 63 92 22 63
a 63 62 67 14
a 63 93 45 24
a 63 94 45 81
a 63 64 9 38
a 64 93 80 28
a 64 63 61 67
a 64 94 65 14
a 64 95 45 29
a 64 65 89 25
a 65 94 59 71
a 65 64 97 90
a 65 95 41 42
a 65 96 23 51
a 65 66 30 24
a 66 95 86 29
a 66 65 90 48
a 66 96 68 2
a 66 97 94 97
a 66 67 35 44
a 67 96 5 16
a 67 66 13 21
a 67 97 2 29
a 67 98 53 2
a 67 68 91 54
a 68 97 79 51
a 68 67 63 60
a 68 98 8 17
a 68 99 44 53
a 68 69 96 11
a 69 98 44 39
a 69 68 93 74
a 69 99 23 6
a 69 100 93 87
a 69 70 94 95
a 70 99 67 32
a 70 69 10 44
a 70 100 27 60
a 70 101 34 13
a 70 71 52 93
a 71 100 87 50
a 71 70 32 88
a 71 101 40 29
a 71 102 27 22
a 71 72 79 91
a 72 101 84 61
a 72 71 68 78
a 72 102 22 35
a 72 103 3 81
a 72 73 78 65
a 73 102 20 51
a 73 72 99 76
a 73 103 75 42
a 73 104 95 24
a 73 74 62 84
a 74 103 32 65
a 74 73 49 54
a 74 104 59 23
a 74 105 29 53
a 74 75 52 19
a 75 104 21 18
a 75 74 16 87
a 75 105 17 73
a 75 106 17 16
a 75 76 44 33
a 76 105 60 62
a 76 75 33 24
a 76 106 77 94
a 76 107 74 91
a 76 77 16 49
a 77 106 2 2
a 77 76 75 19
a 77 107 90 44
a 77 108 97 72
a 77 78 55 28
a 78 107 73 10
a 78 77 90 29
a 78 108 36 1
a 78 109 68 93
a 78 79 89 40
a 79 108 93 46
a 79 78 63 24
a 79 109 97 67
a 79 110 66 32
a 79 80 75 81
a 80 109 66 23
a 80 79 78 9
a 80 110 6 39
a 80 111 61 5
a 80 81 17 75
a 81 110 34 88
a 81 80 75 32
a 81 111 10 7
a 81 112 34 69
a 81 82 21 94
a 82 111 76 29
a 82 81 18 49
a 82 112 29 66
a 82 113 95 83
a 82 83 63 67
a 83 112 100 81
a 83 82 26 87
a 83 113 29 28
a 83 114 57 13
a 83 84 45 73
a 84 113 59 53
a 84 83 45 74
a 84 114 63 65
a 84 115 6 70
a 84 85 49 1
a 85 114 12 7
a 85 84 88 73
a 85 115 36 84
a 85 116 61 88
a 85 86 92 85
a 86 115 2 82
a 86 85 75 63
a 86 116 48 84
a 86 117 60 37
a 86 87 84 48
a 87 116 100 33
a 87 86 48 1
a 87 117 5 4
a 87 118 19 92
a 87 88 80 20
a 88 117 26 48
a 88 87 4 57
a 88 118 87 49
a 88 119 93 52
a 88 89 80 63
a 89 118 8 9
a 89 88 100 63
a 89 119 74 91
a 89 120 78 58
a 89 90 54 36
a 90 119 67 94
a 90 89 37 99
a 90 120 3 3
a 91 121 17 34
a 91 122 76 74
a 91 92 14 47
a 92 121 3 67
a 92 91 42 63
a 92 122 79 4
a 92 123 31 97
a 92 93 68 34
a 93 122 18 94
a 93 92 89 56
a 93 123 95 89
a 93 124 43 86
a 93 94 96 30
a 94 123 66 1
a 94 93 13 68
a 94 124 29 96
a 94 125 70 71
a 94 95 21 16
a 95 124 95 38
a 95 94 4 85
a 95 125 77 50
a 95 126 69 48
a 95 96 33 52
a 96 125 88 29
a 96 95 27 84
a 96 126 80 2
a 96 127 81 53
a 96 97 80 75
a 97 126 38 15
a 97 96 64 54
a 97 127 50 37
a 97 128 37 22
a 97 98 16 44
a 98 127 80 51
a 98 97 19 25
a 98 128 99 78
a 98 129 6 29
a 98 99 29 71
a 99 128 91 3
a 99 98 57 92
a 99 129 27 12
a 99 130 31 41
a 99 100 32 84
a 100 129 75 93
a 100 99 36 90
a 100 130 67 20
a 100 131 61 40
a 100 101 16 56
a 101 130 27 49
a 101 100 20 34
a 101 131 34 51
a 101 132 51 54
a 101 102 85 65
a 102 131 95 50
a 102 101 41 52
a 102 132 6 32
a 102 133 65 90
a 102 103 89 20
a 103 132 64 96
a 103 102 56 61
a 103 133 25 51
a 103 134 73 36
a 103 104 27 10
a 104 133 16 19
a 104 103 6 28
a 104 134 32 32
a 104 135 89 22
a 104 105 45 9
a 105 134 1 49
a 105 104 67 57
a 105 135 39 41
a 105 136 68 84
a 105 106 46 97
a 106 135 21 49
a 106 105 78 74
a 106 136 37 13
a 106 137 69 67
a 106 107 76 71
a 107 136 59 60
a 107 106 100 57
a 107 137 29 16
a 107 138 94 72
a 107 108 86 29
a 108 137 11 76
a 108 107 83 98
a 108 138 9 79
a 108 139 57 84
a 108 109 74 37
a 109 138 54 57
a 109 108 49 86
a 109 139 16 59
a 109 140 25 99
a 109 110 6 14
a 110 139 14 87
a 110 109 57 32
a 110 140 37 69
a 110 141 10 95
a 110 111 92 7
a 111 140 87 48
a 111 110 57 50
a 111 141 99 28
a 111 142 65 49
a 111 112 88 3
a 112 141 28 81
a 112 111 4 100
a 112 142 7 36
a 112 143 64 77
a 112 113 61 39
a 113 142 42 87
a 113 112 64 72
a 113 143 33 72
a 113 144 81 27
a 113 114 79 61
a 114 143 48 21
a 114 113 59 19
a 114 144 5 48
a 114 145 45 6
a 114 115 39 8
a 115 144 99 32
a 115 114 11 66
a 115 145 57 91
a 115 146 40 78
a 115 116 21 62
a 116 145 95 3
a 116 115 70 75
a 116 146 38 4
a 116 147 4 70
a 116 117 84 75
a 117 146 21 71
a 117 116 88 5
a 117 147 50 50
a 117 148 66 13
a 117 118 4 96
a 118 147 54 41
a 118 117 10 13
a 118 148 50 23
a 118 149 29 93
a 118 119 49 94
a 119 148 47 12
a 119 118 35 29
a 119 149 69 97
a 119 150 4 61
a 119 120 48 24
a 120 149 49 6
a 120 119 63 45
a 120 150 25 29
a 121 151 36 45
a 121 152 17 93
a 121 122 52 67
a 122 151 4 31
a 122 121 69 76
a 122 152 14 17
a 122 153 95 47
a 122 123 12 86
a 123 152 54 33
a 123 122 72 88
a 123 153 36 66
a 123 154 86 8
a 123 124 7 21
a 124 153 4 3
a 124 123 58 70
a 124 154 71 83
a 124 155 41 24
a 124 125 44 60
a 125 154 7 91
a 125 124 83 13
a 125 155 36 87
a 125 156 78 94
a 125 126 56 64
a 126 155 58 47
a 126 125 43 87
a 126 156 94 88
a 126 157 59 9
a 126 127 12 57
a 127 156 79 92
a 127 126 30 86
a 127 157 90 54
a 127 158 74 56
a 127 128 6 35
a 128 157 11 62
a 128 127 75 19
a 128 158 100 46
a 128 159 87 52
a 128 129 70 8
a 129 158 87 30
a 129 128 71 61
a 129 159 12 8
a 129 160 21 50
a 129 130 81 23
a 130 159 58 88
a 130 129 58 91
a 130 160 18 60
a 130 161 18 66
a 130 131 46 91
a 131 160 53 90
a 131 130 37 4
a 131 161 80 87
a 131 162 67 59
a 131 132 59 38
a 132 161 27 67
a 132 131 54 61
a 132 162 74 11
a 132 163 31 18
a 132 133 75 1
a 133 162 59 72
a 133 132 40 64
a 133 163 72 77
a 133 164 49 4
a 133 134 67 42
a 134 163 83 34
a 134 133 60 37
a 134 164 90 25
a 134 165 56 48
a 134 135 77 36
a 135 164 23 25
a 135 134 33 21
a 135 165 6 46
a 135 166 77 31
a 135 136 83 87
a 136 165 13 33
a 136 135 93 22
a 136 166 37 22
a 136 167 67 94
a 136 137 30 98
a 137 166 45 73
a 137 136 100 43
a 137 167 86 80
a 137 168 10 50
a 137 138 45 46
a 138 167 68 88
a 138 137 46 4
a 138 168 78 8
a 138 169 50 60
a 138 139 83 31
a 139 168 12 21
a 139 138 73 3
a 139 169 18 44
a 139 170 35 66
a 139 140 88 45
a 140 169 45 51
a 140 139 11 60
a 140 170 63 51
a 140 171 91 71
a 140 141 75 29
a 141 170 95 96
a 141 140 56 77
a 141 171 90 1
a 141 172 48 15
a 141 142 40 32
a 142 171 55 44
a 142 141 98 54
a 142 172 6 30
a 142 173 19 60
a 142 143 84 60
a 143 172 4 60
a 143 142 11 37
a 143 173 54 98
a 143 174 66 98
a 143 144 27 78
a 144 173 10 68
a 144 143 88 79
a 144 174 63 45
a 144 175 79 35
a 144 145 63 50
a 145 174 37 86
a 145 144 10 98
a 145 175 85 9
a 145 176 77 90
a 145 146 36 38
a 146 175 25 88
a 146 145 33 10
a 146 176 55 42
a 146 177 46 72
a 146 147 67 40
a 147 176 59 82
a 147 146 93 27
a 147 177 17 26
a 147 178 20 65
a 147 148 67 98
a 148 177 18 98
a 148 147 68 77
a 148 178 13 96
a 148 179 86 14
a 148 149 9 11
a 149 178 16 87
a 149 148 94 29
a 149 179 53 11
a 149 180 77 38
a 149 150 90 49
a 150 179 16 56
a 150 149 53 93
a 150 180 39 72
a 151 181 61 74
a 151 182 55 12
a 151 152 83 94
a 152 181 77 14
a 152 151 71 53
a 152 182 34 67
a 152 183 88 12
a 152 153 42 54
a 153 182 52 19
a 153 152 91 76
a 153 183 83 95
a 153 184 62 99
a 153 154 99 10
a 154 183 98 23
a 154 153 67 4
a 154 184 93 1
a 154 185 38 58
a 154 155 15 80
a 155 184 60 31
a 155 154 100 66
a 155 185 7 71
a 155 186 30 47
a 155 156 90 33
a 156 185 45 62
a 156 155 95 85
a 156 186 12 65
a 156 187 76 42
a 156 157 10 83
a 157 186 65 2
a 157 156 9 73
a 157 187 88 68
a 157 188 90 5
a 157 158 73 79
a 158 187 66 67
a 158 157 97 69
a 158 188 89 7
a 158 189 3 71
a 158 159 33 12
a 159 188 90 44
a 159 158 62 27
a 159 189 43 74
a 159 190 69 87
a 159 160 90 40
a 160 189 59 97
a 160 159 59 10
a 160 190 49 42
a 160 191 64 95
a 160 161 95 72
a 161 190 94 57
a 161 160 22 86
a 161 191 2 87
a 161 192 45 100
a 161 162 9 16
a 162 191 47 42
a 162 161 51 49
a 162 192 91 85
a 162 193 65 77
a 162 163 10 68
a 163 192 35 17
a 163 162 48 42
a 163 193 38 1
a 163 194 54 29
a 163 164 67 82
a 164 193 86 55
a 164 163 16 51
a 164 194 72 17
a 164 195 27 96
a 164 165 78 73
a 165 194 2 47
a 165 164 76 48
a 165 195 66 60
a 165 196 6 85
a 165 166 64 30
a 166 195 19 86
a 166 165 77 37
a 166 196 6 29
a 166 197 6 52
a 166 167 88 72
a 167 196 77 74
a 167 166 82 53
a 167 197 88 85
a 167 198 20 40
a 167 168 84 13
a 168 197 63 78
a 168 167 29 87
a 168 198 36 28
a 168 199 5 89
a 168 169 19 14
a 169 198 2 11
a 169 168 83 50
a 169 199 34 80
a 169 200 87 82
a 169 170 42 39
a 170 199 34 9
a 170 169 39 37
a 170 200 56 54
a 170 201 21 68
a 170 171 70 14
a 171 200 85 99
a 171 170 73 20
a 171 201 63 21
a 171 202 10 71
a 171 172 62 84
a 172 201 17 69
a 172 171 24 9
a 172 202 32 64
a 172 203 21 14
a 172 173 27 13
a 173 202 95 13
a 173 172 74 20
a 173 203 52 77
a 173 204 39 75
a 173 174 1 79
a 174 203 34 44
a 174 173 83 50
a 174 204 95 50
a 174 205 100 24
a 174 175 56 8
a 175 204 83 57
a 175 174 48 32
a 175 205 54 63
a 175 206 48 59
a 175 176 30 27
a 176 205 48 34
a 176 175 33 30
a 176 206 43 55
a 176 207 43 72
a 176 177 88 22
a 177 206 18 8
a 177 176 88 78
a 177 207 81 42
a 177 208 62 36
a 177 178 7 5
a 178 207 16 58
a 178 177 38 96
a 178 208 41 21
a 178 209 15 14
a 178 179 85 61
a 179 208 29 95
a 179 178 45 86
a 179 209 7 35
a 179 210 12 77
a 179 180 58 80
a 180 209 1 61
a 180 179 8 32
a 180 210 36 92
a 181 211 79 95
a 181 212 8 22
a 181 182 25 15
a 182 211 56 52
a 182 181 34 73
a 182 212 19 67
a 182 213 100 33
a 182 183 21 64
a 183 212 31 42
a 183 182 3 48
a 183 213 30 28
a 183 214 38 69
a 183 184 84 87
a 184 213 29 96
a 184 183 72 29
a 184 214 30 29
a 184 215 69 85
a 184 185 48 41
a 185 214 58 71
a 185 184 66 79
a 185 215 15 36
a 185 216 75 19
a 185 186 96 6
a 186 215 21 53
a 186 185 34 56
a 186 216 4 45
a 186 217 9 100
a 186 187 50 80
a 187 216 50 19
a 187 186 25 45
a 187 217 58 19
a 187 218 53 99
a 187 188 87 20
a 188 217 28 8
a 188 187 29 68
a 188 218 59 51
a 188 219 6 41
a 188 189 80 44
a 189 218 72 85
a 189 188 33 88
a 189 219 84 90
a 189 220 16 40
a 189 190 5 56
a 190 219 50 93
a 190 189 50 82
a 190 220 80 46
a 190 221 58 21
a 190 191 55 44
a 191 220 25 69
a 191 190 48 48
a 191 221 71 83
a 191 222 59 24
a 191 192 89 72
a 192 221 34 42
a 192 191 8 23
a 192 222 77 12
a 192 223 56 70
a 192 193 74 9
a 193 222 34 79
a 193 192 7 90
a 193 223 6 38
a 193 224 15 6
a 193 194 27 20
a 194 223 50 13
a 194 193 12 2
a 194 224 68 87
a 194 225 24 64
a 194 195 26 5
a 195 224 86 5
a 195 194 70 37
a 195 225 96 59
a 195 226 85 34
a 195 196 62 81
a 196 225 90 48
a 196 195 96 66
a 196 226 9 33
a 196 227 40 50
a 196 197 97 78
a 197 226 21 23
a 197 196 55 5
a 197 227 26 88
a 197 228 17 11
a 197 198 83 6
a 198 227 12 79
a 198 197 60 64
a 198 228 23 34
a 198 229 83 78
a 198 199 41 6
a 199 228 22 24
a 199 198 49 85
a 199 229 58 80
a 199 230 96 35
a 199 200 46 98
a 200 229 14 13
a 200 199 62 35
a 200 230 15 22
a 200 231 5 60
a 200 201 95 31
a 201 230 37 53
a 201 200 73 74
a 201 231 19 98
a 201 232 86 55
a 201 202 29 36
a 202 231 44 40
a 202 201 65 89
a 202 232 90 17
a 202 233 9 38
a 202 203 79 12
a 203 232 19 89
a 203 202 27 71
a 203 233 36 35
a 203 234 56 82
a 203 204 84 60
a 204 233 24 76
a 204 203 70 54
a 204 234 53 94
a 204 235 11 69
a 204 205 82 39
a 205 234 20 8
a 205 204 48 40
a 205 235 93 49
a 205 236 29 59
a 205 206 8 63
a 206 235 24 64
a 206 205 72 29
a 206 236 15 92
a 206 237 64 4
a 206 207 63 46
a 207 236 47 78
a 207 206 62 88
a 207 237 49 89
a 207 238 63 71
a 207 208 8 18
a 208 237 43 75
a 208 207 30 87
a 208 238 63 21
a 208 239 28 85
a 208 209 11 92
a 209 238 16 60
a 209 208 14 82
a 209 239 27 29
a 209 240 79 16
a 209 210 89 65
a 210 239 60 66
a 210 209 7 20
a 210 240 93 57
a 211 241 19 89
a 211 242 49 80
a 211 212 19 30
a 212 241 30 93
a 212 211 92 80
a 212 242 27 84
a 212 243 17 59
a 212 213 91 78
a 213 242 73 24
a 213 212 40 56
a 213 243 94 29
a 213 244 14 36
a 213 214 68 67
a 214 243 99 73
a 214 213 70 3
a 214 244 16 39
a 214 245 48 43
a 214 215 97 86
a 215 244 62 11
a 215 214 18 44
a 215 245 29 91
a 215 246 10 1
a 215 216 16 37
a 216 245 74 59
a 216 215 43 8
a 216 246 64 84
a 216 247 99 17
a 216 217 84 23
a 217 246 5 81
a 217 216 95 65
a 217 247 70 4
a 217 248 11 60
a 217 218 63 34
a 218 247 77 89
a 218 217 59 46
a 218 248 80 32
a 218 249 82 38
a 218 219 13 80
a 219 248 89 53
a 219 218 55 27
a 219 249 73 84
a 219 250 64 51
a 219 220 88 45
a 220 249 98 58
a 220 219 27 52
a 220 250 42 60
a 220 251 65 50
a 220 221 59 42
a 221 250 97 70
a 221 220 75 17
a 221 251 33 64
a 221 252 83 42
a 221 222 59 78
a 222 251 64 40
a 222 221 40 69
a 222 252 31 72
a 222 253 15 51
a 222 223 1 44
a 223 252 48 61
a 223 222 99 76
a 223 253 59 56
a 223 254 59 15
a 223 224 37 40
a 224 253 99 28
a 224 223 74 45
a 224 254 12 1
a 224 255 84 51
a 224 225 67 60
a 225 254 63 70
a 225 224 11 99
a 225 255 58 84
a 225 256 64 28
a 225 226 3 45
a 226 255 7 92
a 226 225 67 28
a 226 256 84 65
a 226 257 33 56
a 226 227 65 5
a 227 256 45 68
a 227 226 56 79
a 227 257 57 40
a 227 258 64 14
a 227 228 20 9
a 228 257 65 57
a 228 227 59 71
a 228 258 10 87
a 228 259 78 33
a 228 229 69 18
a 229 258 43 99
a 229 228 10 12
a 229 259 17 48
a 229 260 28 25
a 229 230 36 64
a 230 259 1 8
a 230 229 5 40
a 230 260 85 90
a 230 261 75 58
a 230 231 43 28
a 231 260 10 44
a 231 230 32 86
a 231 261 67 32
a 231 262 97 29
a 231 232 75 86
a 232 261 35 46
a 232 231 76 1
a 232 262 30 33
a 232 263 7 53
a 232 233 75 92
a 233 262 77 70
a 233 232 4 22
a 233 263 62 70
a 233 264 98 21
a 233 234 27 89
a 234 263 93 39
a 234 233 44 58
a 234 264 21 21
a 234 265 82 90
a 234 235 68 20
a 235 264 27 89
a 235 234 45 13
a 235 265 89 42
a 235 266 39 74
a 235 236 84 65
a 236 265 58 19
a 236 235 12 51
a 236 266 52 68
a 236 267 18 69
a 236 237 4 92
a 237 266 59 29
a 237 236 18 67
a 237 267 68 53
a 237 268 27 53
a 237 238 85 96
a 238 267 98 50
a 238 237 85 60
a 238 268 16 66
a 238 269 43 74
a 238 239 25 38
a 239 268 31 97
a 239 238 21 57
a 239 269 88 17
a 239 270 58 38
a 239 240 47 44
a 240 269 27 91
a 240 239 57 15
a 240 270 86 19
a 241 271 77 63
a 241 272 62 14
a 241 242 20 32
a 242 271 61 37
a 242 241 38 10
a 242 272 78 57
a 242 273 66 67
a 242 243 51 28
a 243 272 82 77
a 243 242 62 63
a 243 273 74 88
a 243 274 18 11
a 243 244 24 13
a 244 273 97 7
a 244 243 25 58
a 244 274 40 80
a 244 275 19 87
a 244 245 71 16
a 245 274 66 34
a 245 244 23 46
a 245 275 76 87
a 245 276 2 10
a 245 246 57 50
a 246 275 67 21
a 246 245 72 85
a 246 276 51 3
a 246 277 74 75
a 246 247 76 41
a 247 276 57 27
a 247 246 16 19
a 247 277 92 7
a 247 278 30 50
a 247 248 82 88
a 248 277 53 76
a 248 247 32 47
a 248 278 66 21
a 248 279 97 87
a 248 249 41 90
a 249 278 45 22
a 249 248 15 5
a 249 279 98 89
a 249 280 52 79
a 249 250 51 39
a 250 279 36 46
a 250 249 2 30
a 250 280 36 4
a 250 281 74 6
a 250 251 98 33
a 251 280 22 20
a 251 250 89 97
a 251 281 38 15
a 251 282 20 61
a 251 252 11 33
a 252 281 78 12
a 252 251 18 36
a 252 282 9 39
a 252 283 82 37
a 252 253 16 43
a 253 282 30 23
a 253 252 41 7
a 253 283 91 10
a 253 284 76 16
a 253 254 75 74
a 254 283 45 16
a 254 253 76 42
a 254 284 70 32
a 254 285 7 37
a 254 255 14 51
a 255 284 36 95
a 255 254 90 77
a 255 285 15 15
a 255 286 31 29
a 255 256 98 98
a 256 285 51 93
a 256 255 99 76
a 256 286 49 100
a 256 287 21 31
a 256 257 96 25
a 257 286 14 39
a 257 256 28 41
a 257 287 78 30
a 257 288 85 67
a 257 258 80 41
a 258 287 68 84
a 258 257 3 88
a 258 288 60 87
a 258 289 21 76
a 258 259 10 37
a 259 288 68 46
a 259 258 38 23
a 259 289 5 37
a 259 290 27 64
a 259 260 6 36
a 260 289 8 19
a 260 259 15 38
a 260 290 65 18
a 260 291 98 67
a 260 261 61 76
a 261 290 57 16
a 261 260 10 41
a 261 291 93 40
a 261 292 24 40
a 261 262 28 46
a 262 291 82 20
a 262 261 6 18
a 262 292 36 20
a 262 293 97 71
a 262 263 86 56
a 263 292 80 7
a 263 262 54 28
a 263 293 36 27
a 263 294 65 36
a 263 264 83 43
a 264 293 2 98
a 264 263 21 26
a 264 294 76 25
a 264 295 20 43
a 264 265 99 95
a 265 294 15 31
a 265 264 11 14
a 265 295 23 47
a 265 296 33 36
a 265 266 95 73
a 266 295 51 48
a 266 265 62 75
a 266 296 43 70
a 266 297 55 45
a 266 267 92 70
a 267 296 33 9
a 267 266 41 30
a 267 297 49 30
a 267 298 10 83
a 267 268 81 97
a 268 297 92 21
a 268 267 79 79
a 268 298 5 66
a 268 299 15 19
a 268 269 30 16
a 269 298 22 48
a 269 268 7 4
a 269 299 28 100
a 269 300 41 44
a 269 270 49 5
a 270 299 34 82
a 270 269 28 61
a 270 300 81 11
a 271 301 40 21
a 271 302 96 82
a 271 272 77 58
a 272 301 60 80
a 272 271 31 11
a 272 302 32 53
a 272 303 35 15
a 272 273 83 23
a 273 302 19 84
a 273 272 68 4
a 273 303 59 50
a 273 304 59 2
a 273 274 29 30
a 274 303 94 54
a 274 273 17 27
a 274 304 70 49
a 274 305 44 90
a 274 275 61 99
a 275 304 43 22
a 275 274 34 82
a 275 305 65 6
a 275 306 52 60
a 275 276 77 72
a 276 305 10 49
a 276 275 9 88
a 276 306 7 95
a 276 307 53 90
a 276 277 66 41
a 277 306 20 5
a 277 276 34 27
a 277 307 38 75
a 277 308 41 100
a 277 278 38 98
a 278 307 87 38
a 278 277 27 17
a 278 308 50 11
a 278 309 15 45
a 278 279 72 16
a 279 308 55 72
a 279 278 77 51
a 279 309 46 24
a 279 310 40 94
a 279 280 8 34
a 280 309 93 96
a 280 279 94 1
a 280 310 93 89
a 280 311 85 29
a 280 281 33 49
a 281 310 33 68
a 281 280 60 70
a 281 311 45 23
a 281 312 45 45
a 281 282 57 96
a 282 311 86 40
a 282 281 96 9
a 282 312 36 79
a 282 313 11 57
a 282 283 99 65
a 283 312 58 95
a 283 282 85 11
a 283 313 90 87
a 283 314 46 87
a 283 284 5 9
a 284 313 11 19
a 284 283 7 5
a 284 314 14 52
a 284 315 73 61
a 284 285 14 94
a 285 314 32 90
a 285 284 84 34
a 285 315 20 45
a 285 316 78 39
a 285 286 3 95
a 286 315 51 88
a 286 285 5 5
a 286 316 48 23
a 286 317 61 34
a 286 287 26 54
a 287 316 46 23
a 287 286 34 50
a 287 317 61 8
a 287 318 19 65
a 287 288 88 45
a 288 317 66 21
a 288 287 80 68
a 288 318 84 52
a 288 319 39 6
a 288 289 75 91
a 289 318 28 93
a 289 288 30 75
a 289 319 84 32
a 289 320 5 54
a 289 290 87 47
a 290 319 42 67
a 290 289 84 79
a 290 320 35 58
a 290 321 31 34
a 290 291 80 39
a 291 320 36 24
a 291 290 52 39
a 291 321 29 53
a 291 322 4 40
a 291 292 97 7
a 292 321 16 17
a 292 291 11 20
a 292 322 67 1
a 292 323 11 16
a 292 293 74 38
a 293 322 12 33
a 293 292 20 51
a 293 323 55 17
a 293 324 97 64
a 293 294 92 94
a 294 323 49 82
a 294 293 39 18
a 294 324 52 26
a 294 325 2 33
a 294 295 41 22
a 295 324 62 3
a 295 294 16 3
a 295 325 83 55
a 295 326 89 3
a 295 296 15 98
a 296 325 83 39
a 296 295 19 69
a 296 326 65 33
a 296 327 60 93
a 296 297 84 75
a 297 326 36 97
a 297 296 58 72
a 297 327 92 95
a 297 328 71 48
a 297 298 96 42
a 298 327 43 24
a 298 297 35 12
a 298 328 92 24
a 298 329 77 67
a 298 299 10 93
a 299 328 2 24
a 299 298 40 3
a 299 329 4 91
a 299 330 25 35
a 299 300 22 91
a 300 329 97 23
a 300 299 93 35
a 300 330 91 15
a 301 331 67 64
a 301 332 44 77
a 301 302 94 85
a 302 331 46 96
a 302 301 43 69
a 302 332 11 85
a 302 333 97 31
a 302 303 4 14
a 303 332 62 47
a 303 302 94 20
a 303 333 13 18
a 303 334 72 55
a 303 304 76 88
a 304 333 35 45
a 304 303 9 63
a 304 334 44 48
a 304 335 56 27
a 304 305 44 3
a 305 334 25 17
a 305 304 46 51
a 305 335 38 1
a 305 336 97 89
a 305 306 55 8
a 306 335 52 44
a 306 305 86 88
a 306 336 49 49
a 306 337 4 30
a 306 307 2 59
a 307 336 4 86
a 307 306 27 96
a 307 337 37 13
a 307 338 80 59
a 307 308 4 21
a 308 337 22 80
a 308 307 97 67
a 308 338 79 69
a 308 339 20 46
a 308 309 59 36
a 309 338 74 21
a 309 308 74 73
a 309 339 54 5
a 309 340 15 67
a 309 310 29 12
a 310 339 39 95
a 310 309 62 14
a 310 340 52 96
a 310 341 76 14
a 310 311 1 67
a 311 340 57 15
a 311 310 35 39
a 311 341 90 58
a 311 342 56 86
a 311 312 77 23
a 312 341 32 62
a 312 311 63 99
a 312 342 58 30
a 312 343 18 71
a 312 313 87 21
a 313 342 66 48
a 313 312 54 77
a 313 343 36 40
a 313 344 62 74
a 313 314 63 90
a 314 343 65 10
a 314 313 41 31
a 314 344 89 76
a 314 345 51 35
a 314 315 47 61
a 315 344 13 44
a 315 314 89 67
a 315 345 5 13
a 315 346 44 87
a 315 316 98 15
a 316 345 66 7
a 316 315 28 85
a 316 346 13 79
a 316 347 95 93
a 316 317 38 60
a 317 346 38 8
a 317 316 10 14
a 317 347 91 39
a 317 348 11 92
a 317 318 69 37
a 318 347 54 32
a 318 317 97 56
a 318 348 17 64
a 318 349 69 76
a 318 319 12 11
a 319 348 94 59
a 319 318 54 13
a 319 349 2 60
a 319 350 66 66
a 319 320 48 7
a 320 349 95 80
a 320 319 92 73
a 320 350 74 44
a 320 351 27 73
a 320 321 2 30
a 321 350 39 6
a 321 320 7 37
a 321 351 91 53
a 321 352 56 20
a 321 322 83 91
a 322 351 98 48
a 322 321 91 77
a 322 352 14 76
a 322 353 58 88
a 322 323 62 70
a 323 352 6 24
a 323 322 58 30
a 323 353 87 4
a 323 354 30 64
a 323 324 25 63
a 324 353 77 10
a 324 323 66 66
a 324 354 40 92
a 324 355 65 10
a 324 325 19 92
a 325 354 30 11
a 325 324 81 92
a 325 355 44 47
a 325 356 3 98
a 325 326 85 90
a 326 355 26 7
a 326 325 25 14
a 326 356 26 72
a 326 357 72 14
a 326 327 70 85
a 327 356 89 91
a 327 326 37 45
a 327 357 98 42
a 327 358 86 27
a 327 328 62 11
a 328 357 53 23
a 328 327 19 96
a 328 358 23 100
a 328 359 49 27
a 328 329 40 98
a 329 358 99 25
a 329 328 48 49
a 329 359 53 10
a 329 360 51 64
a 329 330 62 62
a 330 359 18 92
a 330 329 16 11
a 330 360 40 70
a 331 361 98 58
a 331 362 1 16
a 331 332 30 28
a 332 361 47 97
a 332 331 6 77
a 332 362 14 35
a 332 363 46 28
a 332 333 30 45
a 333 362 79 86
a 333 332 85 23
a 333 363 2 5
a 333 364 18 77
a 333 334 19 85
a 334 363 2 73
a 334 333 49 54
a 334 364 41 5
a 334 365 23 69
a 334 335 17 88
a 335 364 54 53
a 335 334 32 14
a 335 365 46 38
a 335 366 28 55
a 335 336 55 41
a 336 365 76 1
a 336 335 22 92
a 336 366 81 74
a 336 367 68 57
a 336 337 26 83
a 337 366 35 30
a 337 336 14 8
a 337 367 47 83
a 337 368 21 62
a 337 338 97 19
a 338 367 22 7
a 338 337 64 94
a 338 368 56 10
a 338 369 20 28
a 338 339 87 38
a 339 368 48 48
a 339 338 47 93
a 339 369 28 20
a 339 370 96 94
a 339 340 88 80
a 340 369 28 23
a 340 339 32 6
a 340 370 18 45
a 340 371 76 92
a 340 341 15 98
a 341 370 68 49
a 341 340 48 57
a 341 371 94 91
a 341 372 84 98
a 341 342 8 3
a 342 371 24 37
a 342 341 58 96
a 342 372 37 69
a 342 373 60 17
a 342 343 98 34
a 343 372 97 17
a 343 342 15 16
a 343 373 100 20
a 343 374 93 87
a 343 344 71 52
a 344 373 4 36
a 344 343 15 59
a 344 374 67 30
a 344 375 91 28
a 344 345 55 57
a 345 374 53 50
a 345 344 67 84
a 345 375 60 80
a 345 376 89 18
a 345 346 63 100
a 346 375 18 16
a 346 345 50 59
a 346 376 24 90
a 346 377 11 53
a 346 347 45 28
a 347 376 73 46
a 347 346 7 76
a 347 377 22 64
a 347 378 86 21
a 347 348 18 98
a 348 377 50 40
a 348 347 28 38
a 348 378 16 71
a 348 379 49 94
a 348 349 36 46
a 349 378 40 36
a 349 348 26 30
a 349 379 69 52
a 349 380 25 38
a 349 350 23 85
a 350 379 28 73
a 350 349 24 16
a 350 380 56 62
a 350 381 7 5
a 350 351 31 91
a 351 380 42 19
a 351 350 96 45
a 351 381 29 2
a 351 382 43 33
a 351 352 43 9
a 352 381 72 36
a 352 351 12 78
a 352 382 8 89
a 352 383 98 95
a 352 353 89 27
a 353 382 98 98
a 353 352 40 45
a 353 383 6 29
a 353 384 56 63
a 353 354 72 9
a 354 383 97 56
a 354 353 64 4
a 354 384 18 30
a 354 385 83 11
a 354 355 24 99
a 355 384 78 53
a 355 354 49 1
a 355 385 39 10
a 355 386 26 56
a 355 356 71 67
a 356 385 25 9
a 356 355 68 51
a 356 386 51 95
a 356 387 81 65
a 356 357 22 46
a 357 386 9 77
a 357 356 87 27
a 357 387 29 77
a 357 388 62 3
a 357 358 27 52
a 358 387 63 1
a 358 357 28 58
a 358 388 78 75
a 358 389 33 47
a 358 359 62 1
a 359 388 49 10
a 359 358 71 24
a 359 389 19 54
a 359 390 30 50
a 359 360 15 36
a 360 389 14 47
a 360 359 72 8
a 360 390 18 66
a 361 391 10 58
a 361 392 51 66
a 361 362 97 2
a 362 391 87 3
a 362 361 10 100
a 362 392 39 5
a 362 393 29 65
a 362 363 57 6
a 363 392 29 39
a 363 362 83 97
a 363 393 16 80
a 363 394 9 39
a 363 364 11 6
a 364 393 53 67
a 364 363 99 87
a 364 394 58 19
a 364 395 65 16
a 364 365 70 61
a 365 394 48 88
a 365 364 30 84
a 365 395 33 62
a 365 396 69 15
a 365 366 96 21
a 366 395 87 52
a 366 365 98 94
a 366 396 16 99
a 366 397 98 32
a 366 367 44 38
a 367 396 78 47
a 367 366 71 49
a 367 397 70 89
a 367 398 27 99
a 367 368 88 9
a 368 397 70 91
a 368 367 33 67
a 368 398 54 89
a 368 399 20 94
a 368 369 11 81
a 369 398 5 99
a 369 368 25 27
a 369 399 20 30
a 369 400 54 74
a 369 370 15 26
a 370 399 39 91
a 370 369 54 7
a 370 400 35 21
a 370 401 46 31
a 370 371 45 86
a 371 400 58 58
a 371 370 32 40
a 371 401 100 30
a 371 402 29 46
a 371 372 11 35
a 372 401 9 84
a 372 371 93 6
a 372 402 48 99
a 372 403 87 57
a 372 373 82 50
a 373 402 32 59
a 373 372 82 5
a 373 403 24 58
a 373 404 89 39
a 373 374 55 65
a 374 403 40 15
a 374 373 60 80
a 374 404 54 5
a 374 405 64 6
a 374 375 29 87
a 375 404 14 93
a 375 374 4 59
a 375 405 24 87
a 375 406 23 3
a 375 376 23 46
a 376 405 63 20
a 376 375 81 67
a 376 406 1 33
a 376 407 85 48
a 376 377 41 80
a 377 406 97 21
a 377 376 32 35
a 377 407 20 1
a 377 408 47 29
a 377 378 90 23
a 378 407 35 84
a 378 377 29 88
a 378 408 63 27
a 378 409 53 53
a 378 379 85 56
a 379 408 64 1
a 379 378 42 75
a 379 409 21 73
a 379 410 7 3
a 379 380 96 97
a 380 409 68 99
a 380 379 59 22
a 380 410 49 70
a 380 411 43 71
a 380 381 100 16
a 381 410 45 16
a 381 380 79 8
a 381 411 60 45
a 381 412 23 86
a 381 382 41 61
a 382 411 14 86
a 382 381 3 58
a 382 412 13 96
a 382 413 61 94
a 382 383 34 63
a 383 412 41 37
a 383 382 78 16
a 383 413 2 50
a 383 414 74 40
a 383 384 66 60
a 384 413 76 87
a 384 383 30 57
a 384 414 69 32
a 384 415 4 42
a 384 385 75 18
a 385 414 64 58
a 385 384 77 29
a 385 415 35 9
a 385 416 91 81
a 385 386 20 61
a 386 415 60 57
a 386 385 28 48
a 386 416 94 92
a 386 417 82 6
a 386 387 1 69
a 387 416 20 26
a 387 386 44 88
a 387 417 57 15
a 387 418 1 20
a 387 388 32 32
a 388 417 4 10
a 388 387 26 97
a 388 418 40 49
a 388 419 92 50
a 388 389 86 72
a 389 418 68 63
a 389 388 50 16
a 389 419 41 90
a 389 420 76 74
a 389 390 22 93
a 390 419 32 40
a 390 389 61 31
a 390 420 11 89
a 391 421 18 2
a 391 422 43 52
a 391 392 4 63
a 392 421 53 3
a 392 391 66 45
a 392 422 81 21
a 392 423 74 29
a 392 393 22 36
a 393 422 46 11
a 393 392 65 97
a 393 423 29 31
a 393 424 76 14
a 393 394 59 63
a 394 423 97 11
a 394 393 37 49
a 394 424 93 14
a 394 425 52 85
a 394 395 59 36
a 395 424 8 47
a 395 394 70 80
a 395 425 76 19
a 395 426 33 94
a 395 396 97 66
a 396 425 83 78
a 396 395 69 10
a 396 426 83 60
a 396 427 98 19
a 396 397 95 80
a 397 426 36 97
a 397 396 42 19
a 397 427 4 86
a 397 428 31 81
a 397 398 52 44
a 398 427 16 15
a 398 397 96 52
a 398 428 72 49
a 398 429 6 22
a 398 399 77 4
a 399 428 65 41
a 399 398 90 65
a 399 429 55 52
a 399 430 13 9
a 399 400 98 51
a 400 429 89 33
a 400 399 23 51
a 400 430 60 75
a 400 431 27 44
a 400 401 32 28
a 401 430 17 9
a 401 400 20 2
a 401 431 44 51
a 401 432 26 34
a 401 402 66 55
a 402 431 47 30
a 402 401 3 78
a 402 432 47 97
a 402 433 93 28
a 402 403 47 83
a 403 432 8 89
a 403 402 57 92
a 403 433 73 76
a 403 434 71 22
a 403 404 80 46
a 404 433 33 70
a 404 403 40 53
a 404 434 33 13
a 404 435 97 62
a 404 405 72 8
a 405 434 48 14
a 405 404 72 46
a 405 435 93 74
a 405 436 24 14
a 405 406 26 66
a 406 435 9 36
a 406 405 16 10
a 406 436 67 65
a 406 437 89 73
a 406 407 7 95
a 407 436 53 7
a 407 406 21 76
a 407 437 53 47
a 407 438 76 24
a 407 408 1 22
a 408 437 87 34
a 408 407 74 26
a 408 438 44 62
a 408 439 5 7
a 408 409 80 53
a 409 438 39 11
a 409 408 58 74
a 409 439 90 75
a 409 440 64 73
a 409 410 41 53
a 410 439 8 47
a 410 409 21 5
a 410 440 76 61
a 410 441 52 32
a 410 411 10 78
a 411 440 22 96
a 411 410 59 32
a 411 441 58 27
a 411 442 34 63
a 411 412 50 90
a 412 441 28 68
a 412 411 4 3
a 412 442 68 97
a 412 443 3 70
a 412 413 19 91
a 413 442 94 41
a 413 412 90 62
a 413 443 96 51
a 413 444 79 81
a 413 414 16 55
a 414 443 5 24
a 414 413 39 54
a 414 444 50 90
a 414 445 56 66
a 414 415 48 37
a 415 444 96 63
a 415 414 34 26
a 415 445 69 97
a 415 446 74 35
a 415 416 1 4
a 416 445 4 23
a 416 415 23 84
a 416 446 96 52
a 416 447 98 28
a 416 417 33 36
a 417 446 33 65
a 417 416 30 50
a 417 447 76 13
a 417 448 11 69
a 417 418 86 55
a 418 447 17 59
a 418 417 4 27
a 418 448 93 56
a 418 449 21 73
a 418 419 39 82
a 419 448 22 50
a 419 418 64 53
a 419 449 6 99
a 419 450 84 80
a 419 420 67 62
a 420 449 10 46
a 420 419 57 65
a 420 450 49 88
a 421 451 21 18
a 421 452 91 48
a 421 422 62 89
a 422 451 68 55
a 422 421 64 4
a 422 452 18 4
a 422 453 84 40
a 422 423 41 32
a 423 452 49 34
a 423 422 58 26
a 423 453 4 85
a 423 454 8 67
a 423 424 48 100
a 424 453 55 60
a 424 423 2 53
a 424 454 13 30
a 424 455 23 99
a 424 425 100 55
a 425 454 20 33
a 425 424 7 15
a 425 455 78 7
a 425 456 93 81
a 425 426 4 82
a 426 455 30 78
a 426 425 70 62
a 426 456 63 5
a 426 457 36 59
a 426 427 66 85
a 427 456 88 98
a 427 426 12 5
a 427 457 1 93
a 427 458 24 7
a 427 428 81 30
a 428 457 66 99
a 428 427 13 98
a 428 458 60 100
a 428 459 8 89
a 428 429 4 91
a 429 458 43 42
a 429 428 51 35
a 429 459 85 8
a 429 460 22 10
a 429 430 32 25
a 430 459 88 22
a 430 429 38 52
a 430 460 8 74
a 430 461 81 66
a 430 431 93 28
a 431 460 46 45
a 431 430 35 31
a 431 461 61 57
a 431 462 36 49
a 431 432 48 16
a 432 461 13 95
a 432 431 78 57
a 432 462 100 42
a 432 463 2 78
a 432 433 76 26
a 433 462 81 50
a 433 432 27 38
a 433 463 8 82
a 433 464 23 34
a 433 434 7 48
a 434 463 63 41
a 434 433 100 6
a 434 464 86 51
a 434 465 12 1
a 434 435 88 68
a 435 464 57 14
a 435 434 100 23
a 435 465 16 78
a 435 466 25 38
a 435 436 86 82
a 436 465 84 59
a 436 435 10 78
a 436 466 59 40
a 436 467 22 76
a 436 437 2 85
a 437 466 55 70
a 437 436 48 86
a 437 467 6 44
a 437 468 12 59
a 437 438 37 67
a 438 467 2 27
a 438 437 100 69
a 438 468 75 26
a 438 469 98 42
a 438 439 70 12
a 439 468 96 46
a 439 438 70 47
a 439 469 100 66
a 439 470 17 9
a 439 440 18 66
a 440 469 52 87
a 440 439 72 56
a 440 470 98 90
a 440 471 56 90
a 440 441 39 48
a 441 470 37 18
a 441 440 55 79
a 441 471 67 95
a 441 472 97 97
a 441 442 24 16
a 442 471 83 32
a 442 441 79 33
a 442 472 75 14
a 442 473 47 90
a 442 443 94 85
a 443 472 73 84
a 443 442 1 88
a 443 473 47 47
a 443 474 63 50
a 443 444 7 42
a 444 473 63 21
a 444 443 48 91
a 444 474 54 56
a 444 475 96 18
a 444 445 39 58
a 445 474 69 61
a 445 444 32 94
a 445 475 53 30
a 445 476 58 94
a 445 446 42 13
a 446 475 37 48
a 446 445 52 46
a 446 476 66 29
a 446 477 68 95
a 446 447 77 86
a 447 476 73 91
a 447 446 94 74
a 447 477 29 9
a 447 478 85 26
a 447 448 13 72
a 448 477 11 76
a 448 447 74 16
a 448 478 56 1
a 448 479 41 19
a 448 449 79 97
a 449 478 62 56
a 449 448 45 81
a 449 479 30 48
a 449 480 94 73
a 449 450 2 47
a 450 479 33 14
a 450 449 96 64
a 450 480 99 52
a 451 481 73 97
a 451 482 35 12
a 451 452 52 11
a 452 481 45 87
a 452 451 67 38
a 452 482 33 58
a 452 483 92 55
a 452 453 75 82
a 453 482 83 18
a 453 452 62 50
a 453 483 59 62
a 453 484 30 97
a 453 454 14 100
a 454 483 79 78
a 454 453 95 31
a 454 484 91 2
a 454 485 55 10
a 454 455 100 55
a 455 484 8 77
a 455 454 60 27
a 455 485 67 71
a 455 486 45 13
a 455 456 12 70
a 456 485 53 34
a 456 455 24 71
a 456 486 87 89
a 456 487 39 84
a 456 457 69 27
a 457 486 24 89
a 457 456 55 29
a 457 487 54 43
a 457 488 76 16
a 457 458 80 25
a 458 487 47 63
a 458 457 41 53
a 458 488 8 33
a 458 489 23 74
a 458 459 62 90
a 459 488 75 7
a 459 458 90 40
a 459 489 94 93
a 459 490 58 91
a 459 460 90 35
a 460 489 19 9
a 460 459 3 14
a 460 490 57 52
a 460 491 1 8
a 460 461 26 14
a 461 490 28 46
a 461 460 97 8
a 461 491 72 50
a 461 492 66 64
a 461 462 15 83
a 462 491 86 88
a 462 461 99 8
a 462 492 5 24
a 462 493 69 17
a 462 463 73 47
a 463 492 80 61
a 463 462 97 11
a 463 493 36 29
a 463 494 44 15
a 463 464 4 6
a 464 493 64 21
a 464 463 59 8
a 464 494 67 17
a 464 495 47 94
a 464 465 69 13
a 465 494 18 55
a 465 464 66 17
a 465 495 58 76
a 465 496 67 30
a 465 466 100 94
a 466 495 69 19
a 466 465 98 83
a 466 496 51 51
a 466 497 35 76
a 466 467 14 62
a 467 496 16 76
a 467 466 62 28
a 467 497 48 15
a 467 498 19 12
a 467 468 76 92
a 468 497 17 58
a 468 467 61 30
a 468 498 94 31
a 468 499 83 75
a 468 469 47 15
a 469 498 68 97
a 469 468 50 73
a 469 499 91 13
a 469 500 51 91
a 469 470 51 91
a 470 499 9 92
a 470 469 43 44
a 470 500 45 7
a 470 501 48 16
a 470 471 34 31
a 471 500 25 32
a 471 470 19 29
a 471 501 99 3
a 471 502 54 35
a 471 472 23 21
a 472 501 41 90
a 472 471 65 37
a 472 502 21 22
a 472 503 39 44
a 472 473 3 14
a 473 502 69 95
a 473 472 83 91
a 473 503 55 25
a 473 504 92 95
a 473 474 26 55
a 474 503 52 2
a 474 473 88 2
a 474 504 54 46
a 474 505 38 19
a 474 475 6 8
a 475 504 44 22
a 475 474 98 59
a 475 505 74 4
a 475 506 4 29
a 475 476 54 26
a 476 505 63 40
a 476 475 4 11
a 476 506 50 73
a 476 507 71 19
a 476 477 91 46
a 477 506 59 23
a 477 476 49 19
a 477 507 97 5
a 477 508 79 27
a 477 478 56 45
a 478 507 82 8
a 478 477 79 22
a 478 508 61 82
a 478 509 80 34
a 478 479 83 48
a 479 508 52 8
a 479 478 78 38
a 479 509 42 60
a 479 510 23 26
a 479 480 43 38
a 480 509 79 99
a 480 479 79 89
a 480 510 69 36
a 481 511 86 55
a 481 512 41 30
a 481 482 53 73
a 482 511 49 5
a 482 481 25 17
a 482 512 11 64
a 482 513 11 60
a 482 483 32 1
a 483 512 9 23
a 483 482 48 47
a 483 513 52 93
a 483 514 87 60
a 483 484 48 2
a 484 513 51 55
a 484 483 69 68
a 484 514 28 43
a 484 515 32 23
a 484 485 45 46
a 485 514 38 1
a 485 484 97 76
a 485 515 25 99
a 485 516 91 16
a 485 486 78 2
a 486 515 94 81
a 486 485 42 25
a 486 516 50 99
a 486 517 85 43
a 486 487 32 53
a 487 516 96 43
a 487 486 84 32
a 487 517 11 17
a 487 518 13 90
a 487 488 88 17
a 488 517 82 95
a 488 487 23 62
a 488 518 53 93
a 488 519 11 56
a 488 489 53 14
a 489 518 46 79
a 489 488 17 40
a 489 519 9 28
a 489 520 11 83
a 489 490 67 74
a 490 519 7 79
a 490 489 92 66
a 490 520 49 16
a 490 521 18 39
a 490 491 78 1
a 491 520 12 49
a 491 490 44 6
a 491 521 76 83
a 491 522 40 19
a 491 492 35 16
a 492 521 70 15
a 492 491 90 3
a 492 522 40 98
a 492 523 68 54
a 492 493 92 69
a 493 522 75 33
a 493 492 59 36
a 493 523 9 9
a 493 524 87 14
a 493 494 85 43
a 494 523 1 98
a 494 493 30 43
a 494 524 68 2
a 494 525 88 9
a 494 495 43 48
a 495 524 1 87
a 495 494 45 10
a 495 525 48 27
a 495 526 33 6
a 495 496 10 73
a 496 525 83 43
a 496 495 73 9
a 496 526 6 40
a 496 527 66 85
a 496 497 1 19
a 497 526 82 20
a 497 496 76 87
a 497 527 97 39
a 497 528 57 87
a 497 498 76 95
a 498 527 11 98
a 498 497 82 86
a 498 528 47 63
a 498 529 37 39
a 498 499 70 65
a 499 528 23 47
a 499 498 67 13
a 499 529 24 57
a 499 530 91 93
a 499 500 19 2
a 500 529 87 97
a 500 499 85 31
a 500 530 37 25
a 500 531 82 21
a 500 501 76 65
a 501 530 11 11
a 501 500 94 98
a 501 531 56 15
a 501 532 35 58
a 501 502 48 54
a 502 531 84 47
a 502 501 47 30
a 502 532 2 93
a 502 533 65 57
a 502 503 10 37
a 503 532 8 16
a 503 502 78 47
a 503 533 84 96
a 503 534 25 4
a 503 504 59 57
a 504 533 91 81
a 504 503 46 65
a 504 534 49 91
a 504 535 61 47
a 504 505 17 52
a 505 534 19 69
a 505 504 95 28
a 505 535 35 25
a 505 536 64 45
a 505 506 99 46
a 506 535 94 9
a 506 505 14 72
a 506 536 57 9
a 506 537 57 65
a 506 507 96 40
a 507 536 89 96
a 507 506 25 74
a 507 537 85 54
a 507 538 72 67
a 507 508 68 90
a 508 537 54 80
a 508 507 63 35
a 508 538 51 72
a 508 539 5 15
a 508 509 77 76
a 509 538 59 96
a 509 508 96 9
a 509 539 79 20
a 509 540 52 56
a 509 510 64 73
a 510 539 6 100
a 510 509 73 44
a 510 540 92 64
a 511 541 36 65
a 511 542 79 8
a 511 512 81 45
a 512 541 26 2
a 512 511 68 68
a 512 542 20 26
a 512 543 63 38
a 512 513 18 43
a 513 542 93 42
a 513 512 81 37
a 513 543 69 77
a 513 544 4 83
a 513 514 95 82
a 514 543 7 41
a 514 513 18 34
a 514 544 12 4
a 514 545 42 63
a 514 515 81 39
a 515 544 8 30
a 515 514 59 35
a 515 545 85 22
a 515 546 34 79
a 515 516 64 73
a 516 545 95 85
a 516 515 4 33
a 516 546 35 44
a 516 547 75 56
a 516 517 97 34
a 517 546 48 60
a 517 516 99 59
a 517 547 76 90
a 517 548 25 9
a 517 518 32 72
a 518 547 60 8
a 518 517 58 78
a 518 548 23 33
a 518 549 19 82
a 518 519 29 3
a 519 548 88 63
a 519 518 78 78
a 519 549 22 64
a 519 550 19 75
a 519 520 85 95
a 520 549 13 73
a 520 519 15 48
a 520 550 62 22
a 520 551 31 21
a 520 521 44 99
a 521 550 33 3
a 521 520 83 39
a 521 551 85 98
a 521 552 74 99
a 521 522 25 59
a 522 551 37 26
a 522 521 51 58
a 522 552 14 98
a 522 553 40 36
a 522 523 89 66
a 523 552 3 95
a 523 522 35 45
a 523 553 38 62
a 523 554 23 58
a 523 524 31 53
a 524 553 25 79
a 524 523 66 17
a 524 554 57 27
a 524 555 43 60
a 524 525 59 58
a 525 554 88 7
a 525 524 85 55
a 525 555 34 41
a 525 556 92 49
a 525 526 17 5
a 526 555 69 49
a 526 525 45 29
a 526 556 76 65
a 526 557 15 25
a 526 527 28 22
a 527 556 93 11
a 527 526 39 19
a 527 557 75 37
a 527 558 47 21
a 527 528 23 46
a 528 557 98 68
a 528 527 32 18
a 528 558 87 39
a 528 559 59 68
a 528 529 82 32
a 529 558 43 85
a 529 528 31 76
a 529 559 15 83
a 529 560 30 26
a 529 530 18 94
a 530 559 79 31
a 530 529 19 88
a 530 560 50 29
a 530 561 39 3
a 530 531 66 33
a 531 560 41 90
a 531 530 56 76
a 531 561 72 9
a 531 562 41 14
a 531 532 72 3
a 532 561 52 46
a 532 531 91 75
a 532 562 83 58
a 532 563 30 87
a 532 533 57 14
a 533 562 9 16
a 533 532 30 57
a 533 563 31 90
a 533 564 38 93
a 533 534 3 61
a 534 563 72 15
a 534 533 25 10
a 534 564 36 62
a 534 565 9 87
a 534 535 80 36
a 535 564 16 18
a 535 534 21 40
a 535 565 12 13
a 535 566 16 56
a 535 536 57 23
a 536 565 63 47
a 536 535 25 36
a 536 566 7 8
a 536 567 20 38
a 536 537 92 21
a 537 566 59 52
a 537 536 58 22
a 537 567 47 36
a 537 568 74 54
a 537 538 47 41
a 538 567 69 25
a 538 537 23 73
a 538 568 61 13
a 538 569 67 15
a 538 539 56 46
a 539 568 4 65
a 539 538 51 72
a 539 569 77 9
a 539 570 31 55
a 539 540 58 1
a 540 569 88 39
a 540 539 34 43
a 540 570 92 44
a 541 571 96 86
a 541 572 15 89
a 541 542 10 67
a 542 571 46 68
a 542 541 93 16
a 542 572 52 45
a 542 573 76 38
a 542 543 73 36
a 543 572 79 16
a 543 542 82 86
a 543 573 15 84
a 543 574 14 100
a 543 544 29 13
a 544 573 33 38
a 544 543 37 91
a 544 574 86 3
a 544 575 55 86
a 544 545 66 86
a 545 574 89 92
a 545 544 40 86
a 545 575 42 75
a 545 576 51 20
a 545 546 14 74
a 546 575 1 9
a 546 545 50 99
a 546 576 74 15
a 546 577 76 100
a 546 547 100 1
a 547 576 18 40
a 547 546 67 50
a 547 577 52 71
a 547 578 80 48
a 547 548 71 46
a 548 577 96 45
a 548 547 32 100
a 548 578 7 31
a 548 579 83 62
a 548 549 74 66
a 549 578 66 34
a 549 548 54 18
a 549 579 13 72
a 549 580 67 17
a 549 550 8 30
a 550 579 1 62
a 550 549 23 28
a 550 580 7 40
a 550 581 98 12
a 550 551 50 58
a 551 580 70 1
a 551 550 12 43
a 551 581 57 61
a 551 582 86 75
a 551 552 34 61
a 552 581 16 60
a 552 551 52 91
a 552 582 73 47
a 552 583 77 30
a 552 553 51 40
a 553 582 6 53
a 553 552 13 57
a 553 583 26 99
a 553 584 100 31
a 553 554 40 21
a 554 583 83 27
a 554 553 67 91
a 554 584 23 91
a 554 585 78 92
a 554 555 59 21
a 555 584 97 92
a 555 554 57 73
a 555 585 55 80
a 555 586 50 32
a 555 556 53 32
a 556 585 97 6
a 556 555 43 74
a 556 586 68 56
a 556 587 38 20
a 556 557 38 95
a 557 586 2 96
a 557 556 25 13
a 557 587 31 95
a 557 588 52 73
a 557 558 83 91
a 558 587 97 3
a 558 557 27 47
a 558 588 66 6
a 558 589 56 45
a 558 559 81 1
a 559 588 92 24
a 559 558 18 9
a 559 589 46 12
a 559 590 37 37
a 559 560 91 82
a 560 589 10 13
a 560 559 91 33
a 560 590 90 37
a 560 591 36 95
a 560 561 51 74
a 561 590 86 50
a 561 560 71 63
a 561 591 12 62
a 561 592 86 93
a 561 562 35 60
a 562 591 18 73
a 562 561 8 37
a 562 592 48 24
a 562 593 89 96
a 562 563 14 89
a 563 592 69 7
a 563 562 31 60
a 563 593 80 41
a 563 594 56 75
a 563 564 8 58
a 564 593 93 64
a 564 563 81 24
a 564 594 59 57
a 564 595 48 57
a 564 565 77 68
a 565 594 91 22
a 565 564 77 17
a 565 595 25 67
a 565 596 51 31
a 565 566 53 26
a 566 595 77 79
a 566 565 32 90
a 566 596 98 64
a 566 597 81 8
a 566 567 53 6
a 567 596 33 80
a 567 566 17 42
a 567 597 61 98
a 567 598 43 55
a 567 568 84 8
a 568 597 92 83
a 568 567 89 38
a 568 598 14 29
a 568 599 13 86
a 568 569 86 19
a 569 598 77 85
a 569 568 15 94
a 569 599 21 86
a 569 600 82 89
a 569 570 37 17
a 570 599 58 59
a 570 569 93 69
a 570 600 75 21
a 571 601 57 3
a 571 602 84 99
a 571 572 34 40
a 572 601 78 80
a 572 571 52 81
a 572 602 88 21
a 572 603 17 1
a 572 573 77 83
a 573 602 15 81
a 573 572 17 21
a 573 603 22 97
a 573 604 84 28
a 573 574 29 44
a 574 603 19 10
a 574 573 11 80
a 574 604 4 30
a 574 605 74 80
a 574 575 63 23
a 575 604 88 55
a 575 574 60 57
a 575 605 58 82
a 575 606 5 60
a 575 576 98 78
a 576 605 21 7
a 576 575 36 32
a 576 606 9 97
a 576 607 85 18
a 576 577 42 36
a 577 606 57 14
a 577 576 40 27
a 577 607 28 35
a 577 608 44 58
a 577 578 3 96
a 578 607 10 21
a 578 577 29 86
a 578 608 21 37
a 578 609 9 47
a 578 579 95 48
a 579 608 87 8
a 579 578 41 4
a 579 609 79 15
a 579 610 40 34
a 579 580 85 61
a 580 609 3 69
a 580 579 60 71
a 580 610 89 18
a 580 611 50 97
a 580 581 34 4
a 581 610 82 100
a 581 580 50 77
a 581 611 97 10
a 581 612 54 4
a 581 582 65 8
a 582 611 24 31
a 582 581 36 99
a 582 612 45 17
a 582 613 97 88
a 582 583 38 35
a 583 612 14 86
a 583 582 60 100
a 583 613 71 74
a 583 614 78 74
a 583 584 66 86
a 584 613 94 45
a 584 583 29 88
a 584 614 71 9
a 584 615 12 17
a 584 585 38 99
a 585 614 15 58
a 585 584 78 50
a 585 615 41 63
a 585 616 38 2
a 585 586 26 67
a 586 615 63 70
a 586 585 64 37
a 586 616 68 67
a 586 617 41 60
a 586 587 66 77
a 587 616 81 46
a 587 586 44 24
a 587 617 88 55
a 587 618 88 99
a 587 588 42 37
a 588 617 25 21
a 588 587 75 44
a 588 618 98 28
a 588 619 22 80
a 588 589 59 51
a 589 618 62 95
a 589 588 58 29
a 589 619 64 65
a 589 620 16 80
a 589 590 8 16
a 590 619 63 37
a 590 589 78 89
a 590 620 65 29
a 590 621 76 17
a 590 591 59 96
a 591 620 32 40
a 591 590 44 2
a 591 621 53 79
a 591 622 24 47
a 591 592 51 38
a 592 621 49 17
a 592 591 80 61
a 592 622 17 85
a 592 623 36 96
a 592 593 50 7
a 593 622 18 79
a 593 592 88 94
a 593 623 45 20
a 593 624 25 52
a 593 594 97 47
a 594 623 43 24
a 594 593 76 27
a 594 624 22 11
a 594 625 36 35
a 594 595 40 65
a 595 624 5 14
a 595 594 79 63
a 595 625 72 96
a 595 626 15 86
a 595 596 10 17
a 596 625 25 18
a 596 595 75 88
a 596 626 100 18
a 596 627 86 61
a 596 597 67 6
a 597 626 27 49
a 597 596 75 43
a 597 627 52 95
a 597 628 71 50
a 597 598 97 71
a 598 627 46 59
a 598 597 7 42
a 598 628 14 61
a 598 629 56 45
a 598 599 7 47
a 599 628 13 28
a 599 598 66 87
a 599 629 20 80
a 599 630 4 51
a 599 600 81 69
a 600 629 59 49
a 600 599 97 42
a 600 630 73 4
a 601 631 99 10
a 601 632 88 93
a 601 602 59 31
a 602 631 2 72
a 602 601 1 47
a 602 632 89 87
a 602 633 58 47
a 602 603 26 46
a 603 632 9 65
a 603 602 76 17
a 603 633 81 70
a 603 634 25 14
a 603 604 43 8
a 604 633 97 64
a 604 603 44 34
a 604 634 15 96
a 604 635 61 42
a 604 605 89 92
a 605 634 88 32
a 605 604 19 34
a 605 635 59 37
a 605 636 68 98
a 605 606 83 35
a 606 635 21 93
a 606 605 78 29
a 606 636 72 81
a 606 637 74 27
a 606 607 37 99
a 607 636 70 46
a 607 606 83 20
a 607 637 80 2
a 607 638 58 59
a 607 608 59 82
a 608 637 76 73
a 608 607 49 78
a 608 638 27 79
a 608 639 25 52
a 608 609 20 49
a 609 638 86 21
a 609 608 26 61
a 609 639 29 74
a 609 640 93 6
a 609 610 6 50
a 610 639 41 66
a 610 609 48 28
a 610 640 86 79
a 610 641 60 6
a 610 611 98 77
a 611 640 47 37
a 611 610 12 82
a 611 641 81 48
a 611 642 20 48
a 611 612 91 17
a 612 641 60 61
a 612 611 44 31
a 612 642 18 5
a 612 643 60 73
a 612 613 87 92
a 613 642 42 20
a 613 612 29 3
a 613 643 96 4
a 613 644 56 60
a 613 614 21 29
a 614 643 3 70
a 614 613 91 49
a 614 644 26 38
a 614 645 46 27
a 614 615 40 77
a 615 644 2 10
a 615 614 88 16
a 615 645 77 20
a 615 646 25 19
a 615 616 1 98
a 616 645 39 47
a 616 615 77 9
a 616 646 52 61
a 616 647 50 7
a 616 617 48 39
a 617 646 82 24
a 617 616 77 97
a 617 647 77 37
a 617 648 8 46
a 617 618 29 50
a 618 647 93 22
a 618 617 52 84
a 618 648 13 8
a 618 649 68 54
a 618 619 59 49
a 619 648 3 93
a 619 618 8 8
a 619 649 100 76
a 619 650 24 13
a 619 620 14 13
a 620 649 51 36
a 620 619 52 62
a 620 650 36 55
a 620 651 95 32
a 620 621 9 33
a 621 650 33 46
a 621 620 32 30
a 621 651 67 3
a 621 652 91 24
a 621 622 30 65
a 622 651 88 88
a 622 621 66 86
a 622 652 71 9
a 622 653 83 57
a 622 623 76 51
a 623 652 33 7
a 623 622 44 12
a 623 653 59 80
a 623 654 84 8
a 623 624 52 8
a 624 653 18 11
a 624 623 15 42
a 624 654 9 35
a 624 655 2 68
a 624 625 100 65
a 625 654 83 11
a 625 624 12 72
a 625 655 2 6
a 625 656 59 1
a 625 626 9 93
a 626 655 52 86
a 626 625 81 91
a 626 656 39 18
a 626 657 75 5
a 626 627 81 36
a 627 656 61 36
a 627 626 86 96
a 627 657 63 7
a 627 658 9 54
a 627 628 45 73
a 628 657 71 17
a 628 627 66 89
a 628 658 58 20
a 628 659 51 59
a 628 629 12 13
a 629 658 71 8
a 629 628 3 96
a 629 659 88 87
a 629 660 61 43
a 629 630 71 74
a 630 659 26 22
a 630 629 56 52
a 630 660 94 36
a 631 661 65 32
a 631 662 61 62
a 631 632 100 64
a 632 661 1 6
a 632 631 52 69
a 632 662 24 14
a 632 663 14 26
a 632 633 79 15
a 633 662 13 13
a 633 632 74 27
a 633 663 9 89
a 633 664 5 21
a 633 634 64 95
a 634 663 81 87
a 634 633 50 76
a 634 664 61 4
a 634 665 80 74
a 634 635 4 14
a 635 664 88 39
a 635 634 88 44
a 635 665 76 91
a 635 666 8 28
a 635 636 1 28
a 636 665 27 26
a 636 635 79 81
a 636 666 82 48
a 636 667 44 55
a 636 637 100 46
a 637 666 5 2
a 637 636 100 71
a 637 667 40 83
a 637 668 91 83
a 637 638 44 93
a 638 667 49 85
a 638 637 95 80
a 638 668 92 17
a 638 669 92 58
a 638 639 87 39
a 639 668 54 31
a 639 638 49 66
a 639 669 32 87
a 639 670 97 90
a 639 640 61 51
a 640 669 21 70
a 640 639 95 42
a 640 670 4 82
a 640 671 21 71
a 640 641 21 38
a 641 670 23 12
a 641 640 12 76
a 641 671 63 25
a 641 672 55 67
a 641 642 94 59
a 642 671 6 6
a 642 641 16 9
a 642 672 76 72
a 642 673 60 4
a 642 643 60 11
a 643 672 48 31
a 643 642 81 31
a 643 673 34 53
a 643 674 18 96
a 643 644 49 39
a 644 673 39 20
a 644 643 51 59
a 644 674 40 83
a 644 675 39 8
a 644 645 72 9
a 645 674 78 41
a 645 644 91 63
a 645 675 83 24
a 645 676 4 22
a 645 646 45 83
a 646 675 47 85
a 646 645 34 73
a 646 676 19 63
a 646 677 81 99
a 646 647 92 68
a 647 676 16 3
a 647 646 23 97
a 647 677 77 47
a 647 678 67 70
a 647 648 31 7
a 648 677 40 44
a 648 647 65 49
a 648 678 75 32
a 648 679 63 62
a 648 649 62 15
a 649 678 93 45
a 649 648 82 65
a 649 679 30 59
a 649 680 3 73
a 649 650 65 61
a 650 679 91 43
a 650 649 66 35
a 650 680 47 97
a 650 681 40 64
a 650 651 43 68
a 651 680 35 88
a 651 650 41 55
a 651 681 3 18
a 651 682 22 58
a 651 652 44 89
a 652 681 85 28
a 652 651 56 29
a 652 682 97 67
a 652 683 87 40
a 652 653 98 9
a 653 682 70 11
a 653 652 75 77
a 653 683 64 75
a 653 684 99 40
a 653 654 45 61
a 654 683 5 23
a 654 653 4 74
a 654 684 79 54
a 654 685 44 33
a 654 655 88 65
a 655 684 43 27
a 655 654 54 91
a 655 685 32 28
a 655 686 19 95
a 655 656 99 7
a 656 685 79 100
a 656 655 79 92
a 656 686 84 22
a 656 687 32 35
a 656 657 61 3
a 657 686 84 66
a 657 656 34 69
a 657 687 92 8
a 657 688 48 65
a 657 658 95 9
a 658 687 21 16
a 658 657 7 34
a 658 688 76 99
a 658 689 91 77
a 658 659 30 64
a 659 688 33 6
a 659 658 26 73
a 659 689 13 1
a 659 690 65 41
a 659 660 12 51
a 660 689 72 29
a 660 659 36 25
a 660 690 24 2
a 661 691 89 36
a 661 692 91 52
a 661 662 41 55
a 662 691 4 69
a 662 661 28 96
a 662 692 23 64
a 662 693 37 5
a 662 663 89 83
a 663 692 86 96
a 663 662 64 52
a 663 693 72 65
a 663 694 24 75
a 663 664 11 96
a 664 693 89 7
a 664 663 34 11
a 664 694 60 80
a 664 695 90 37
a 664 665 89 68
a 665 694 49 83
a 665 664 23 22
a 665 695 38 3
a 665 696 28 82
a 665 666 52 79
a 666 695 35 32
a 666 665 4 5
a 666 696 69 33
a 666 697 31 65
a 666 667 40 17
a 667 696 73 40
a 667 666 30 91
a 667 697 49 50
a 667 698 6 17
a 667 668 39 67
a 668 697 24 80
a 668 667 41 47
a 668 698 40 96
a 668 699 45 17
a 668 669 31 30
a 669 698 58 32
a 669 668 49 79
a 669 699 77 72
a 669 700 23 41
a 669 670 11 60
a 670 699 24 20
a 670 669 74 8
a 670 700 27 71
a 670 701 43 78
a 670 671 89 66
a 671 700 68 10
a 671 670 24 5
a 671 701 34 22
a 671 702 41 87
a 671 672 65 13
a 672 701 78 23
a 672 671 31 88
a 672 702 40 20
a 672 703 63 11
a 672 673 8 55
a 673 702 56 67
a 673 672 45 71
a 673 703 3 52
a 673 704 31 91
a 673 674 38 70
a 674 703 59 35
a 674 673 9 37
a 674 704 52 45
a 674 705 79 18
a 674 675 84 22
a 675 704 87 87
a 675 674 87 54
a 675 705 25 26
a 675 706 2 98
a 675 676 12 77
a 676 705 76 28
a 676 675 57 73
a 676 706 28 88
a 676 707 2 60
a 676 677 70 41
a 677 706 6 67
a 677 676 83 92
a 677 707 3 74
a 677 708 64 22
a 677 678 90 20
a 678 707 70 54
a 678 677 29 78
a 678 708 42 49
a 678 709 93 95
a 678 679 92 42
a 679 708 95 74
a 679 678 6 18
a 679 709 27 15
a 679 710 31 100
a 679 680 17 73
a 680 709 37 11
a 680 679 29 60
a 680 710 20 65
a 680 711 80 28
a 680 681 85 96
a 681 710 32 39
a 681 680 75 7
a 681 711 89 96
a 681 712 22 46
a 681 682 22 62
a 682 711 18 28
a 682 681 9 74
a 682 712 46 63
a 682 713 86 40
a 682 683 51 79
a 683 712 39 9
a 683 682 63 32
a 683 713 64 78
a 683 714 84 9
a 683 684 78 15
a 684 713 62 65
a 684 683 4 19
a 684 714 52 57
a 684 715 26 28
a 684 685 7 57
a 685 714 66 55
a 685 684 60 72
a 685 715 52 53
a 685 716 97 18
a 685 686 9 33
a 686 715 60 25
a 686 685 48 33
a 686 716 48 56
a 686 717 2 33
a 686 687 21 41
a 687 716 48 51
a 687 686 43 27
a 687 717 19 9
a 687 718 18 68
a 687 688 96 86
a 688 717 14 72
a 688 687 46 3
a 688 718 6 1
a 688 719 77 55
a 688 689 30 88
a 689 718 89 73
a 689 688 98 2
a 689 719 68 26
a 689 720 77 24
a 689 690 13 64
a 690 719 100 41
a 690 689 42 60
a 690 720 65 69
a 691 721 45 41
a 691 722 56 51
a 691 692 15 54
a 692 721 58 77
a 692 691 94 10
a 692 722 43 40
a 692 723 53 72
a 692 693 74 71
a 693 722 10 57
a 693 692 69 85
a 693 723 76 58
a 693 724 70 7
a 693 694 38 43
a 694 723 53 40
a 694 693 24 70
a 694 724 91 95
a 694 725 74 22
a 694 695 21 99
a 695 724 20 12
a 695 694 91 7
a 695 725 53 31
a 695 726 57 73
a 695 696 15 44
a 696 725 16 49
a 696 695 79 9
a 696 726 36 31
a 696 727 46 27
a 696 697 85 41
a 697 726 81 87
a 697 696 24 12
a 697 727 39 85
a 697 728 86 98
a 697 698 13 97
a 698 727 17 36
a 698 697 9 4
a 698 728 38 94
a 698 729 52 31
a 698 699 94 48
a 699 728 15 35
a 699 698 60 90
a 699 729 73 36
a 699 730 17 20
a 699 700 64 71
a 700 729 61 47
a 700 699 25 12
a 700 730 25 35
a 700 731 89 57
a 700 701 45 81
a 701 730 6 49
a 701 700 31 78
a 701 731 88 42
a 701 732 83 23
a 701 702 2 93
a 702 731 4 77
a 702 701 13 73
a 702 732 39 80
a 702 733 52 58
a 702 703 82 32
a 703 732 44 56
a 703 702 83 75
a 703 733 19 5
a 703 734 48 6
a 703 704 8 59
a 704 733 77 4
a 704 703 35 39
a 704 734 37 73
a 704 735 92 58
a 704 705 52 21
a 705 734 33 18
a 705 704 53 43
a 705 735 25 10
a 705 736 56 5
a 705 706 71 48
a 706 735 53 22
a 706 705 80 56
a 706 736 29 95
a 706 737 26 46
a 706 707 45 33
a 707 736 71 37
a 707 706 25 88
a 707 737 14 78
a 707 738 13 8
a 707 708 61 84
a 708 737 84 60
a 708 707 62 9
a 708 738 38 11
a 708 739 12 62
a 708 709 60 80
a 709 738 23 2
a 709 708 4 47
a 709 739 20 37
a 709 740 66 19
a 709 710 47 92
a 710 739 96 11
a 710 709 30 48
a 710 740 85 39
a 710 741 4 47
a 710 711 8 32
a 711 740 87 32
a 711 710 4 44
a 711 741 80 63
a 711 742 4 65
a 711 712 52 10
a 712 741 6 78
a 712 711 23 35
a 712 742 56 55
a 712 743 34 41
a 712 713 63 53
a 713 742 14 43
a 713 712 48 61
a 713 743 85 68
a 713 744 82 35
a 713 714 64 30
a 714 743 99 97
a 714 713 74 6
a 714 744 98 46
a 714 745 89 92
a 714 715 85 85
a 715 744 35 72
a 715 714 6 77
a 715 745 72 100
a 715 746 34 78
a 715 716 79 26
a 716 745 35 35
a 716 715 31 50
a 716 746 15 63
a 716 747 49 1
a 716 717 91 92
a 717 746 99 6
a 717 716 80 27
a 717 747 63 2
a 717 748 13 41
a 717 718 98 87
a 718 747 70 34
a 718 717 84 49
a 718 748 61 43
a 718 749 18 32
a 718 719 64 83
a 719 748 84 47
a 719 718 91 64
a 719 749 65 38
a 719 750 19 77
a 719 720 28 12
a 720 749 40 68
a 720 719 21 67
a 720 750 96 37
a 721 751 21 4
a 721 752 26 93
a 721 722 14 84
a 722 751 90 77
a 722 721 75 2
a 722 752 27 36
a 722 753 93 8
a 722 723 35 24
a 723 752 64 51
a 723 722 2 57
a 723 753 85 18
a 723 754 46 55
a 723 724 52 35
a 724 753 90 69
a 724 723 41 22
a 724 754 7 48
a 724 755 3 16
a 724 725 52 31
a 725 754 62 16
a 725 724 55 78
a 725 755 16 65
a 725 756 18 42
a 725 726 48 87
a 726 755 90 7
a 726 725 54 24
a 726 756 36 89
a 726 757 18 75
a 726 727 74 80
a 727 756 84 35
a 727 726 37 35
a 727 757 76 39
a 727 758 56 40
a 727 728 15 83
a 728 757 24 82
a 728 727 34 55
a 728 758 92 5
a 728 759 48 27
a 728 729 100 39
a 729 758 64 26
a 729 728 99 13
a 729 759 49 77
a 729 760 14 76
a 729 730 33 88
a 730 759 80 14
a 730 729 60 81
a 730 760 71 68
a 730 761 46 17
a 730 731 1 61
a 731 760 4 95
a 731 730 65 78
a 731 761 10 96
a 731 762 68 46
a 731 732 73 89
a 732 761 61 94
a 732 731 12 64
a 732 762 45 17
a 732 763 14 42
a 732 733 19 34
a 733 762 90 86
a 733 732 76 99
a 733 763 64 63
a 733 764 91 18
a 733 734 74 60
a 734 763 65 7
a 734 733 7 49
a 734 764 67 96
a 734 765 77 99
a 734 735 21 4
a 735 764 1 73
a 735 734 20 71
a 735 765 33 82
a 735 766 43 77
a 735 736 2 74
a 736 765 88 32
a 736 735 48 8
a 736 766 94 35
a 736 767 36 99
a 736 737 50 76
a 737 766 93 21
a 737 736 43 21
a 737 767 66 26
a 737 768 31 14
a 737 738 64 49
a 738 767 73 60
a 738 737 11 89
a 738 768 21 99
a 738 769 27 31
a 738 739 3 63
a 739 768 62 51
a 739 738 64 60
a 739 769 12 87
a 739 770 34 68
a 739 740 20 51
a 740 769 22 94
a 740 739 82 36
a 740 770 33 28
a 740 771 15 76
a 740 741 44 78
a 741 770 70 26
a 741 740 42 26
a 741 771 47 67
a 741 772 21 29
a 741 742 6 52
a 742 771 71 64
a 742 741 56 64
a 742 772 7 13
a 742 773 18 15
a 742 743 55 80
a 743 772 45 5
a 743 742 87 17
a 743 773 71 48
a 743 774 17 100
a 743 744 17 32
a 744 773 27 64
a 744 743 8 9
a 744 774 2 54
a 744 775 21 25
a 744 745 47 1
a 745 774 1 44
a 745 744 61 28
a 745 775 34 33
a 745 776 38 28
a 745 746 74 30
a 746 775 43 100
a 746 745 22 7
a 746 776 91 80
a 746 777 38 66
a 746 747 12 85
a 747 776 24 19
a 747 746 35 34
a 747 777 38 27
a 747 778 82 96
a 747 748 1 41
a 748 777 99 76
a 748 747 48 24
a 748 778 95 26
a 748 779 95 54
a 748 749 84 75
a 749 778 23 3
a 749 748 17 84
a 749 779 47 3
a 749 780 41 75
a 749 750 59 9
a 750 779 43 14
a 750 749 20 47
a 750 780 48 98
a 751 781 83 99
a 751 782 74 47
a 751 752 56 13
a 752 781 90 45
a 752 751 69 56
a 752 782 34 16
a 752 783 71 7
a 752 753 94 81
a 753 782 77 24
a 753 752 60 40
a 753 783 36 95
a 753 784 98 70
a 753 754 96 86
a 754 783 8 24
a 754 753 37 98
a 754 784 35 15
a 754 785 28 74
a 754 755 54 28
a 755 784 33 15
a 755 754 15 76
a 755 785 18 99
a 755 786 30 64
a 755 756 47 12
a 756 785 79 70
a 756 755 22 54
a 756 786 93 35
a 756 787 77 93
a 756 757 16 22
a 757 786 98 60
a 757 756 36 87
a 757 787 31 2
a 757 788 52 81
a 757 758 85 47
a 758 787 38 15
a 758 757 51 53
a 758 788 55 73
a 758 789 96 34
a 758 759 35 15
a 759 788 45 41
a 759 758 11 74
a 759 789 64 64
a 759 790 65 51
a 759 760 26 92
a 760 789 91 18
a 760 759 100 8
a 760 790 74 27
a 760 791 43 97
a 760 761 61 1
a 761 790 97 39
a 761 760 53 67
a 761 791 76 18
a 761 792 73 33
a 761 762 78 64
a 762 791 85 37
a 762 761 99 30
a 762 792 39 86
a 762 793 51 10
a 762 763 94 58
a 763 792 52 79
a 763 762 42 14
a 763 793 56 49
a 763 794 20 100
a 763 764 39 33
a 764 793 48 2
a 764 763 37 45
a 764 794 17 26
a 764 795 39 69
a 764 765 94 63
a 765 794 37 33
a 765 764 44 1
a 765 795 47 87
a 765 796 75 81
a 765 766 89 73
a 766 795 21 52
a 766 765 77 44
a 766 796 97 27
a 766 797 99 28
a 766 767 49 25
a 767 796 5 16
a 767 766 89 56
a 767 797 13 2
a 767 798 53 78
a 767 768 65 44
a 768 797 61 87
a 768 767 5 26
a 768 798 35 84
a 768 799 11 64
a 768 769 93 100
a 769 798 48 89
a 769 768 18 7
a 769 799 95 42
a 769 800 32 39
a 769 770 65 25
a 770 799 57 71
a 770 769 76 41
a 770 800 27 88
a 770 801 16 22
a 770 771 16 52
a 771 800 36 18
a 771 770 90 85
a 771 801 13 43
a 771 802 4 18
a 771 772 46 21
a 772 801 99 37
a 772 771 20 9
a 772 802 53 77
a 772 803 41 65
a 772 773 48 77
a 773 802 1 99
a 773 772 71 74
a 773 803 100 99
a 773 804 50 89
a 773 774 51 44
a 774 803 87 48
a 774 773 62 11
a 774 804 2 90
a 774 805 82 23
a 774 775 37 7
a 775 804 17 87
a 775 774 61 94
a 775 805 63 34
a 775 806 10 32
a 775 776 63 81
a 776 805 5 46
a 776 775 56 74
a 776 806 80 98
a 776 807 50 12
a 776 777 23 71
a 777 806 46 44
a 777 776 51 21
a 777 807 81 43
a 777 808 40 85
a 777 778 92 87
a 778 807 36 79
a 778 777 54 44
a 778 808 66 79
a 778 809 95 83
a 778 779 28 85
a 779 808 10 65
a 779 778 42 88
a 779 809 65 7
a 779 810 5 54
a 779 780 24 59
a 780 809 81 74
a 780 779 88 35
a 780 810 14 17
a 781 811 71 77
a 781 812 73 18
a 781 782 82 62
a 782 811 27 69
a 782 781 47 37
a 782 812 78 38
a 782 813 12 93
a 782 783 81 51
a 783 812 80 59
a 783 782 11 10
a 783 813 89 98
a 783 814 60 48
a 783 784 28 76
a 784 813 60 71
a 784 783 94 57
a 784 814 29 2
a 784 815 55 15
a 784 785 92 50
a 785 814 49 97
a 785 784 99 50
a 785 815 98 6
a 785 816 34 17
a 785 786 87 91
a 786 815 76 49
a 786 785 27 66
a 786 816 45 60
a 786 817 72 22
a 786 787 62 26
a 787 816 61 26
a 787 786 1 1
a 787 817 15 53
a 787 818 68 53
a 787 788 93 32
a 788 817 77 24
a 788 787 29 8
a 788 818 60 6
a 788 819 13 56
a 788 789 33 71
a 789 818 64 54
a 789 788 44 34
a 789 819 58 26
a 789 820 27 38
a 789 790 57 67
a 790 819 59 25
a 790 789 83 31
a 790 820 95 88
a 790 821 9 8
a 790 791 55 37
a 791 820 86 16
a 791 790 13 20
a 791 821 17 81
a 791 822 22 33
a 791 792 19 85
a 792 821 55 40
a 792 791 95 2
a 792 822 74 35
a 792 823 77 71
a 792 793 17 65
a 793 822 98 46
a 793 792 11 96
a 793 823 70 10
a 793 824 91 61
a 793 794 58 97
a 794 823 54 48
a 794 793 56 91
a 794 824 83 30
a 794 825 10 15
a 794 795 73 39
a 795 824 60 14
a 795 794 53 69
a 795 825 19 97
a 795 826 55 52
a 795 796 48 29
a 796 825 60 68
a 796 795 76 43
a 796 826 10 45
a 796 827 14 35
a 796 797 40 62
a 797 826 14 16
a 797 796 32 96
a 797 827 1 93
a 797 828 3 79
a 797 798 67 76
a 798 827 53 35
a 798 797 21 72
a 798 828 46 69
a 798 829 33 66
a 798 799 57 68
a 799 828 91 36
a 799 798 55 76
a 799 829 62 49
a 799 830 80 98
a 799 800 71 62
a 800 829 31 69
a 800 799 66 71
a 800 830 35 82
a 800 831 8 98
a 800 801 34 98
a 801 830 70 24
a 801 800 73 66
a 801 831 68 65
a 801 832 35 48
a 801 802 69 51
a 802 831 17 37
a 802 801 30 60
a 802 832 67 39
a 802 833 30 89
a 802 803 16 20
a 803 832 22 59
a 803 802 31 42
a 803 833 94 23
a 803 834 41 42
a 803 804 1 26
a 804 833 84 99
a 804 803 49 36
a 804 834 55 8
a 804 835 87 83
a 804 805 39 39
a 805 834 86 88
a 805 804 27 97
a 805 835 50 25
a 805 836 35 15
a 805 806 65 78
a 806 835 76 35
a 806 805 10 66
a 806 836 72 87
a 806 837 6 31
a 806 807 32 79
a 807 836 60 62
a 807 806 4 7
a 807 837 32 20
a 807 838 6 8
a 807 808 81 56
a 808 837 95 100
a 808 807 45 22
a 808 838 67 53
a 808 839 58 4
a 808 809 84 15
a 809 838 82 69
a 809 808 42 14
a 809 839 87 95
a 809 840 15 58
a 809 810 53 32
a 810 839 78 55
a 810 809 93 4
a 810 840 46 49
a 811 841 32 71
a 811 842 41 56
a 811 812 10 74
a 812 841 26 69
a 812 811 85 49
a 812 842 72 17
a 812 843 61 59
a 812 813 77 64
a 813 842 74 25
a 813 812 80 42
a 813 843 21 78
a 813 844 39 10
a 813 814 24 1
a 814 843 96 8
a 814 813 9 25
a 814 844 83 85
a 814 845 77 5
a 814 815 21 70
a 815 844 86 47
a 815 814 72 30
a 815 845 71 80
a 815 846 88 92
a 815 816 54 47
a 816 845 70 37
a 816 815 41 47
a 816 846 88 95
a 816 847 28 43
a 816 817 8 36
a 817 846 70 84
a 817 816 42 15
a 817 847 82 65
a 817 848 94 55
a 817 818 23 56
a 818 847 83 95
a 818 817 77 73
a 818 848 86 25
a 818 849 31 4
a 818 819 78 16
a 819 848 46 36
a 819 818 64 50
a 819 849 26 67
a 819 850 79 45
a 819 820 8 38
a 820 849 23 71
a 820 819 68 81
a 820 850 41 7
a 820 851 10 24
a 820 821 55 20
a 821 850 45 45
a 821 820 73 51
a 821 851 15 3
a 821 852 59 60
a 821 822 73 56
a 822 851 13 7
a 822 821 30 10
a 822 852 58 23
a 822 853 50 96
a 822 823 61 72
a 823 852 14 35
a 823 822 52 31
a 823 853 50 25
a 823 854 14 70
a 823 824 32 55
a 824 853 87 7
a 824 823 36 34
a 824 854 76 33
a 824 855 37 64
a 824 825 100 74
a 825 854 4 37
a 825 824 47 29
a 825 855 83 66
a 825 856 88 9
a 825 826 45 94
a 826 855 90 51
a 826 825 48 86
a 826 856 25 48
a 826 857 28 43
a 826 827 20 62
a 827 856 20 40
a 827 826 17 68
a 827 857 75 47
a 827 858 56 39
a 827 828 2 34
a 828 857 80 4
a 828 827 49 2
a 828 858 42 28
a 828 859 79 30
a 828 829 31 83
a 829 858 34 30
a 829 828 74 68
a 829 859 84 56
a 829 860 41 11
a 829 830 89 12
a 830 859 62 28
a 830 829 38 32
a 830 860 6 28
a 830 861 40 63
a 830 831 33 19
a 831 860 98 52
a 831 830 55 97
a 831 861 51 80
a 831 862 39 59
a 831 832 76 63
a 832 861 43 9
a 832 831 18 88
a 832 862 69 33
a 832 863 85 99
a 832 833 9 94
a 833 862 26 68
a 833 832 52 60
a 833 863 39 20
a 833 864 77 90
a 833 834 44 35
a 834 863 82 10
a 834 833 57 65
a 834 864 50 81
a 834 865 71 74
a 834 835 42 97
a 835 864 97 6
a 835 834 47 7
a 835 865 53 87
a 835 866 91 34
a 835 836 95 84
a 836 865 15 88
a 836 835 98 94
a 836 866 85 54
a 836 867 5 58
a 836 837 62 2
a 837 866 90 86
a 837 836 57 23
a 837 867 67 27
a 837 868 44 40
a 837 838 25 89
a 838 867 87 99
a 838 837 26 97
a 838 868 31 94
a 838 869 34 67
a 838 839 51 41
a 839 868 55 35
a 839 838 75 74
a 839 869 78 59
a 839 870 23 29
a 839 840 90 72
a 840 869 94 72
a 840 839 76 21
a 840 870 89 76
a 841 871 92 5
a 841 872 62 15
a 841 842 24 56
a 842 871 50 85
a 842 841 55 74
a 842 872 27 97
a 842 873 26 33
a 842 843 95 100
a 843 872 11 45
a 843 842 51 2
a 843 873 10 94
a 843 874 12 38
a 843 844 49 80
a 844 873 92 81
a 844 843 59 64
a 844 874 69 83
a 844 875 41 87
a 844 845 79 48
a 845 874 53 96
a 845 844 87 74
a 845 875 61 67
a 845 876 48 20
a 845 846 41 1
a 846 875 1 20
a 846 845 17 92
a 846 876 82 11
a 846 877 25 63
a 846 847 17 33
a 847 876 82 48
a 847 846 9 52
a 847 877 50 82
a 847 878 47 65
a 847 848 89 85
a 848 877 39 42
a 848 847 32 20
a 848 878 2 47
a 848 879 10 22
a 848 849 22 36
a 849 878 66 74
a 849 848 15 57
a 849 879 71 26
a 849 880 37 41
a 849 850 68 28
a 850 879 15 70
a 850 849 49 38
a 850 880 92 81
a 850 881 98 7
a 850 851 9 2
a 851 880 55 43
a 851 850 67 82
a 851 881 88 53
a 851 882 95 5
a 851 852 96 37
a 852 881 63 80
a 852 851 2 13
a 852 882 15 91
a 852 883 99 21
a 852 853 58 57
a 853 882 11 50
a 853 852 20 28
a 853 883 6 12
a 853 884 2 13
a 853 854 55 12
a 854 883 84 49
a 854 853 81 1
a 854 884 42 18
a 854 885 15 35
a 854 855 49 93
a 855 884 30 26
a 855 854 70 88
a 855 885 24 81
a 855 886 70 41
a 855 856 68 94
a 856 885 85 1
a 856 855 49 95
a 856 886 25 77
a 856 887 22 76
a 856 857 42 66
a 857 886 32 37
a 857 856 80 8
a 857 887 55 11
a 857 888 13 93
a 857 858 14 61
a 858 887 2 62
a 858 857 84 67
a 858 888 24 12
a 858 889 82 31
a 858 859 44 89
a 859 888 3 22
a 859 858 45 64
a 859 889 27 67
a 859 890 58 83
a 859 860 39 64
a 860 889 4 22
a 860 859 46 93
a 860 890 29 49
a 860 891 3 85
a 860 861 43 51
a 861 890 48 87
a 861 860 32 47
a 861 891 98 14
a 861 892 35 93
a 861 862 54 30
a 862 891 69 29
a 862 861 78 47
a 862 892 34 23
a 862 893 45 38
a 862 863 19 74
a 863 892 51 78
a 863 862 57 17
a 863 893 1 100
a 863 894 79 49
a 863 864 66 35
a 864 893 12 44
a 864 863 19 90
a 864 894 48 55
a 864 895 45 82
a 864 865 55 6
a 865 894 36 71
a 865 864 33 78
a 865 895 18 79
a 865 896 20 68
a 865 866 86 86
a 866 895 23 60
a 866 865 1 16
a 866 896 24 69
a 866 897 93 95
a 866 867 2 83
a 867 896 49 17
a 867 866 53 45
a 867 897 51 22
a 867 898 50 87
a 867 868 55 62
a 868 897 95 7
a 868 867 21 5
a 868 898 80 11
a 868 899 68 61
a 868 869 85 30
a 869 898 47 98
a 869 868 76 35
a 869 899 41 49
a 869 900 89 36
a 869 870 77 50
a 870 899 74 65
a 870 869 95 19
a 870 900 73 77
