p sp 102 416
n 0 s
n 101 t
a 0 1 88 93
a 0 2 75 25
a 0 3 7 6
a 0 4 55 92
a 0 5 23 22
a 0 6 32 4
a 0 7 48 61
a 0 8 29 91
a 0 9 79 16
a 0 10 18 18
a 91 101 9 66
a 92 101 9 57
a 93 101 62 3
a 94 101 81 48
a 95 101 16 21
a 96 101 90 93
a 97 101 58 30
a 98 101 8 31
a 99 101 47 44
a 100 101 70 34
a 1 11 85 52
a 1 12 71 58
a 2 11 42 99
a 2 12 53 43
a 2 13 54 96
a 3 12 26 6
a 3 13 13 38
a 3 14 4 13
a 4 13 60 1
a 4 14 48 32
a 4 15 100 52
a 5 14 8 27
a 5 15 99 66
a 5 16 34 98
a 6 15 45 19
a 6 16 50 37
a 6 17 59 31
a 7 16 56 58
a 7 17 70 61
a 7 18 14 100
a 8 17 66 74
a 8 18 85 64
a 8 19 57 92
a 9 18 89 7
a 9 19 92 38
a 9 20 44 12
a 10 19 1 2
a 10 20 1 86
a 11 21 28 70
a 11 22 55 61
a 11 12 76 54
a 12 21 41 69
a 12 11 45 50
a 12 22 24 71
a 12 23 65 80
a 12 13 67 56
a 13 22 64 29
a 13 12 99 5
a 13 23 89 12
a 13 24 44 41
a 13 14 54 25
a 14 23 25 71
a 14 13 39 19
a 14 24 24 92
a 14 25 52 93
a 14 15 77 41
a 15 24 6 48
a 15 14 9 86
a 15 25 17 6
a 15 26 6 45
a 15 16 75 100
a 16 25 74 66
a 16 15 7 97
a 16 26 90 93
a 16 27 65 10
a 16 17 78 42
a 17 26 63 62
a 17 16 30 6
a 17 27 18 35
a 17 28 83 86
a 17 18 20 100
a 18 27 100 25
a 18 17 57 86
a 18 28 29 72
a 18 29 84 50
a 18 19 47 10
a 19 28 48 4
a 19 18 22 78
a 19 29 44 78
a 19 30 23 71
a 19 20 97 29
a 20 29 9 78
a 20 19 6 86
a 20 30 36 49
a 21 31 62 49
a 21 32 74 89
a 21 22 83 1
a 22 31 17 6
a 22 21 82 88
a 22 32 5 19
a 22 33 72 62
a 22 23 87 51
a 23 32 60 26
a 23 22 24 20
a 23 33 50 73
a 23 34 53 76
a 23 24 28 26
a 24 33 35 9
a 24 23 84 23
a 24 34 71 46
a 24 35 95 59
a 24 25 79 11
a 25 34 33 54
a 25 24 28 64
a 25 35 89 81
a 25 36 81 75
a 25 26 48 22
a 26 35 61 38
a 26 25 23 48
a 26 36 18 52
a 26 37 70 41
a 26 27 54 95
a 27 36 4 17
a 27 26 3 87
a 27 37 80 99
a 27 38 26 88
a 27 28 73 3
a 28 37 7 26
a 28 27 91 74
a 28 38 69 22
a 28 39 34 27
a 28 29 34 44
a 29 38 81 63
a 29 28 42 19
a 29 39 32 47
a 29 40 98 82
a 29 30 71 71
a 30 39 79 21
a 30 29 95 70
a 30 40 53 65
a 31 41 66 90
a 31 42 94 29
a 31 32 19 62
a 32 41 87 68
a 32 31 36 94
a 32 42 79 36
a 32 43 17 76
a 32 33 46 50
a 33 42 58 36
a 33 32 30 65
a 33 43 9 3
a 33 44 46 6
a 33 34 81 33
a 34 43 4 93
a 34 33 59 41
a 34 44 1 73
a 34 45 55 42
a 34 35 22 57
a 35 44 15 11
a 35 34 22 19
a 35 45 64 45
a 35 46 59 63
a 35 36 18 13
a 36 45 15 49
a 36 35 8 89
a 36 46 1 89
a 36 47 64 67
a 36 37 92 40
a 37 46 17 57
a 37 36 92 32
a 37 47 46 69
a 37 48 71 68
a 37 38 18 81
a 38 47 59 86
a 38 37 71 84
a 38 48 88 9
a 38 49 64 87
a 38 39 24 7
a 39 48 33 42
a 39 38 100 13
a 39 49 53 11
a 39 50 94 23
a 39 40 79 53
a 40 49 19 100
a 40 39 10 66
a 40 50 4 17
a 41 51 5 71
a 41 52 64 14
a 41 42 56 86
a 42 51 33 93
a 42 41 81 91
a 42 52 81 4
a 42 53 60 16
a 42 43 100 43
a 43 52 62 98
a 43 42 93 6
a 43 53 76 88
a 43 54 57 45
a 43 44 48 55
a 44 53 63 58
a 44 43 8 1
a 44 54 75 61
a 44 55 85 31
a 44 45 86 59
a 45 54 48 6
a 45 44 28 72
a 45 55 43 37
a 45 56 85 18
a 45 46 50 57
a 46 55 56 36
a 46 45 100 67
a 46 56 82 41
a 46 57 23 94
a 46 47 32 86
a 47 56 20 74
a 47 46 97 94
a 47 57 8 5
a 47 58 30 23
a 47 48 68 93
a 48 57 59 63
a 48 47 38 95
a 48 58 31 27
a 48 59 62 66
a 48 49 21 85
a 49 58 5 85
a 49 48 43 9
a 49 59 13 75
a 49 60 51 60
a 49 50 66 25
a 50 59 49 32
a 50 49 35 69
a 50 60 99 40
a 51 61 54 82
a 51 62 25 52
a 51 52 63 4
a 52 61 98 67
a 52 51 99 31
a 52 62 35 57
a 52 63 82 29
a 52 53 63 48
a 53 62 34 96
a 53 52 15 31
a 53 63 19 70
a 53 64 45 60
a 53 54 93 47
a 54 63 16 39
a 54 53 85 26
a 54 64 79 4
a 54 65 89 80
a 54 55 28 56
a 55 64 37 58
a 55 54 7 57
a 55 65 94 5
a 55 66 59 99
a 55 56 31 47
a 56 65 1 22
a 56 55 7 94
a 56 66 53 49
a 56 67 96 98
a 56 57 99 50
a 57 66 33 98
a 57 56 59 28
a 57 67 22 43
a 57 68 28 50
a 57 58 65 47
a 58 67 66 18
a 58 57 92 33
a 58 68 94 78
a 58 69 20 98
a 58 59 77 20
a 59 68 57 100
a 59 58 50 85
a 59 69 20 84
a 59 70 64 76
a 59 60 70 10
a 60 69 12 32
a 60 59 78 97
a 60 70 52 7
a 61 71 62 41
a 61 72 66 43
a 61 62 42 8
a 62 71 71 98
a 62 61 83 49
a 62 72 24 87
a 62 73 20 33
a 62 63 2 5
a 63 72 28 40
a 63 62 86 48
a 63 73 79 69
a 63 74 53 31
a 63 64 86 5
a 64 73 6 23
a 64 63 46 29
a 64 74 67 39
a 64 75 5 84
a 64 65 73 61
a 65 74 9 10
a 65 64 85 45
a 65 75 85 92
a 65 76 19 58
a 65 66 67 2
a 66 75 53 29
a 66 65 19 39
a 66 76 97 51
a 66 77 19 21
a 66 67 52 99
a 67 76 64 68
a 67 66 57 12
a 67 77 27 37
a 67 78 6 96
a 67 68 66 31
a 68 77 73 17
a 68 67 98 90
a 68 78 66 75
a 68 79 12 24
a 68 69 49 29
a 69 78 35 77
a 69 68 60 69
a 69 79 60 84
a 69 80 72 37
a 69 70 13 53
a 70 79 73 75
a 70 69 84 91
a 70 80 15 89
a 71 81 21 41
a 71 82 83 44
a 71 72 39 40
a 72 81 91 52
a 72 71 99 27
a 72 82 15 15
a 72 83 6 67
a 72 73 29 46
a 73 82 59 43
a 73 72 44 60
a 73 83 82 81
a 73 84 17 48
a 73 74 71 36
a 74 83 39 24
a 74 73 10 37
a 74 84 29 20
a 74 85 23 17
a 74 75 66 60
a 75 84 34 57
a 75 74 17 80
a 75 85 55 49
a 75 86 79 74
a 75 76 53 3
a 76 85 7 99
a 76 75 28 67
a 76 86 4 43
a 76 87 60 48
a 76 77 94 3
a 77 86 93 62
a 77 76 10 5
a 77 87 73 27
a 77 88 8 47
a 77 78 77 30
a 78 87 12 6
a 78 77 25 67
a 78 88 93 66
a 78 89 63 20
a 78 79 47 23
a 79 88 71 12
a 79 78 95 10
a 79 89 57 33
a 79 90 21 90
a 79 80 67 98
a 80 89 90 94
a 80 79 29 79
a 80 90 4 75
a 81 91 83 34
a 81 92 67 24
a 81 82 48 10
a 82 91 53 62
a 82 81 74 9
a 82 92 6 3
a 82 93 85 100
a 82 83 67 87
a 83 92 49 24
a 83 82 57 9
a 83 93 7 26
a 83 94 71 36
a 83 84 19 90
a 84 93 65 77
a 84 83 42 8
a 84 94 11 22
a 84 95 15 99
a 84 85 26 29
a 85 94 63 16
a 85 84 73 59
a 85 95 46 73
a 85 96 12 1
a 85 86 13 30
a 86 95 94 73
a 86 85 35 57
a 86 96 78 58
a 86 97 32 16
a 86 87 93 5
a 87 96 69 81
a 87 86 27 72
a 87 97 37 60
a 87 98 44 89
a 87 88 76 53
a 88 97 49 24
a 88 87 43 37
a 88 98 51 6
a 88 99 5 97
a 88 89 47 10
a 89 98 30 77
a 89 88 77 46
a 89 99 61 20
a 89 100 44 83
a 89 90 15 2
a 90 99 37 86
a 90 89 15 28
a 90 100 80 91
