p sp 27 86
n 0 s
n 26 t
a 0 1 12 77
a 0 2 67 79
a 0 3 42 4
a 0 4 78 5
a 0 5 91 42
a 21 26 9 69
a 22 26 13 12
a 23 26 30 25
a 24 26 54 1
a 25 26 52 59
a 1 6 10 29
a 1 7 98 100
a 2 6 97 59
a 2 7 93 78
a 2 8 32 33
a 3 7 65 65
a 3 8 17 74
a 3 9 74 100
a 4 8 55 40
a 4 9 62 35
a 4 10 71 47
a 5 9 52 93
a 5 10 6 95
a 6 11 67 89
a 6 12 89 6
a 6 7 33 90
a 7 11 36 14
a 7 6 67 76
a 7 12 60 74
a 7 13 66 21
a 7 8 14 15
a 8 12 16 57
a 8 7 36 27
a 8 13 65 10
a 8 14 22 38
a 8 9 34 9
a 9 13 27 14
a 9 8 19 42
a 9 14 87 53
a 9 15 17 22
a 9 10 57 5
a 10 14 15 48
a 10 9 18 88
a 10 15 18 49
a 11 16 17 81
a 11 17 13 73
a 11 12 82 79
a 12 16 90 28
a 12 11 97 81
a 12 17 15 77
a 12 18 12 100
a 12 13 69 50
a 13 17 70 30
a 13 12 87 37
a 13 18 19 80
a 13 19 56 88
a 13 14 5 95
a 14 18 18 77
a 14 13 69 51
a 14 19 11 88
a 14 20 94 72
a 14 15 98 89
a 15 19 48 90
a 15 14 12 85
a 15 20 25 88
a 16 21 77 89
a 16 22 53 17
a 16 17 49 51
a 17 21 4 20
a 17 16 39 14
a 17 22 12 47
a 17 23 53 1
a 17 18 50 56
a 18 22 96 21
a 18 17 97 39
a 18 23 3 44
a 18 24 34 90
a 18 19 46 21
a 19 23 47 70
a 19 18 28 40
a 19 24 91 68
a 19 25 6 70
a 19 20 53 70
a 20 24 1 3
a 20 19 89 64
a 20 25 8 34
