p sp 902 4236
n 0 s
n 901 t
a 0 1 63 53
a 0 2 4 59
a 0 3 68 6
a 0 4 12 47
a 0 5 63 28
a 0 6 93 9
a 0 7 53 61
a 0 8 63 53
a 0 9 70 77
a 0 10 63 49
a 0 11 76 70
a 0 12 23 4
a 0 13 40 4
a 0 14 34 24
a 0 15 70 42
a 0 16 83 84
a 0 17 95 11
a 0 18 46 38
a 0 19 83 26
a 0 20 85 34
a 0 21 29 67
a 0 22 96 3
a 0 23 62 97
a 0 24 7 42
a 0 25 65 49
a 0 26 45 50
a 0 27 54 81
a 0 28 74 83
a 0 29 59 10
a 0 30 87 95
a 871 901 87 89
a 872 901 27 3
a 873 901 10 36
a 874 901 78 2
a 875 901 37 10
a 876 901 28 45
a 877 901 48 76
a 878 901 60 3
a 879 901 76 92
a 880 901 99 24
a 881 901 46 84
a 882 901 12 25
a 883 901 77 75
a 884 901 99 55
a 885 901 83 68
a 886 901 2 66
a 887 901 95 44
a 888 901 64 84
a 889 901 85 91
a 890 901 24 83
a 891 901 87 87
a 892 901 67 47
a 893 901 71 93
a 894 901 94 77
a 895 901 50 96
a 896 901 30 49
a 897 901 11 68
a 898 901 39 96
a 899 901 98 8
a 900 901 84 23
a 1 31 17 57
a 1 32 17 60
a 2 31 9 27
a 2 32 87 7
a 2 33 10 25
a 3 32 77 24
a 3 33 4 36
a 3 34 56 92
a 4 33 30 77
a 4 34 84 68
a 4 35 53 82
a 5 34 34 27
a 5 35 21 32
a 5 36 26 69
a 6 35 9 35
a 6 36 70 93
a 6 37 53 70
a 7 36 86 62
a 7 37 29 29
a 7 38 64 4
a 8 37 78 89
a 8 38 52 58
a 8 39 89 15
a 9 38 20 16
a 9 39 84 21
a 9 40 17 34
a 10 39 84 62
a 10 40 41 89
a 10 41 13 41
a 11 40 30 92
a 11 41 33 70
a 11 42 53 73
a 12 41 91 61
a 12 42 48 51
a 12 43 72 24
a 13 42 54 44
a 13 43 10 59
a 13 44 65 76
a 14 43 81 7
a 14 44 30 31
a 14 45 91 36
a 15 44 73 60
a 15 45 96 48
a 15 46 52 19
a 16 45 5 42
a 16 46 13 79
a 16 47 54 76
a 17 46 56 81
a 17 47 60 34
a 17 48 72 36
a 18 47 34 78
a 18 48 27 90
a 18 49 72 68
a 19 48 96 31
a 19 49 25 15
a 19 50 64 25
a 20 49 50 47
a 20 50 21 85
a 20 51 28 88
a 21 50 19 85
a 21 51 75 4
a 21 52 9 52
a 22 51 78 64
a 22 52 17 82
a 22 53 54 87
a 23 52 28 93
a 23 53 58 53
a 23 54 81 77
a 24 53 10 8
a 24 54 14 23
a 24 55 68 17
a 25 54 92 63
a 25 55 73 1
a 25 56 68 95
a 26 55 33 22
a 26 56 49 84
a 26 57 45 66
a 27 56 98 67
a 27 57 74 4
a 27 58 38 69
a 28 57 90 19
a 28 58 74 65
a 28 59 17 59
a 29 58 13 71
a 29 59 86 73
a 29 60 58 79
a 30 59 79 39
a 30 60 43 43
a 31 61 100 62
a 31 62 90 95
a 31 32 30 6
a 32 61 60 43
a 32 31 65 64
a 32 62 94 26
a 32 63 68 46
a 32 33 76 37
a 33 62 25 27
a 33 32 70 57
a 33 63 38 49
a 33 64 35 28
a 33 34 66 89
a 34 63 56 68
a 34 33 94 87
a 34 64 17 47
a 34 65 59 43
a 34 35 39 36
a 35 64 76 68
a 35 34 46 77
a 35 65 65 31
a 35 66 23 23
a 35 36 60 71
a 36 65 22 90
a 36 35 77 73
a 36 66 54 5
a 36 67 10 15
a 36 37 54 50
a 37 66 52 32
a 37 36 32 42
a 37 67 28 55
a 37 68 1 6
a 37 38 82 76
a 38 67 48 19
a 38 37 87 47
a 38 68 32 20
a 38 69 59 66
a 38 39 84 62
a 39 68 81 72
a 39 38 82 92
a 39 69 96 33
a 39 70 60 76
a 39 40 28 57
a 40 69 23 90
a 40 39 2 13
a 40 70 63 89
a 40 71 21 68
a 40 41 57 8
a 41 70 28 43
a 41 40 12 64
a 41 71 26 77
a 41 72 49 87
a 41 42 57 86
a 42 71 90 76
a 42 41 84 95
a 42 72 42 63
a 42 73 88 81
a 42 43 87 47
a 43 72 13 27
a 43 42 82 49
a 43 73 6 28
a 43 74 44 84
a 43 44 50 90
a 44 73 39 18
a 44 43 3 74
a 44 74 47 90
a 44 75 17 16
a 44 45 63 26
a 45 74 37 78
a 45 44 39 65
a 45 75 24 97
a 45 76 39 55
a 45 46 27 44
a 46 75 52 74
a 46 45 28 45
a 46 76 7 22
a 46 77 94 14
a 46 47 20 79
a 47 76 19 13
a 47 46 44 82
a 47 77 31 5
a 47 78 54 34
a 47 48 9 17
a 48 77 84 58
a 48 47 82 10
a 48 78 73 17
a 48 79 78 49
a 48 49 13 73
a 49 78 11 87
a 49 48 9 72
a 49 79 18 75
a 49 80 2 85
a 49 50 9 14
a 50 79 85 28
a 50 49 59 77
a 50 80 7 62
a 50 81 22 14
a 50 51 95 12
a 51 80 94 16
a 51 50 65 29
a 51 81 51 27
a 51 82 32 7
a 51 52 38 89
a 52 81 16 39
a 52 51 90 40
a 52 82 52 6
a 52 83 38 20
a 52 53 98 38
a 53 82 2 13
a 53 52 81 81
a 53 83 31 1
a 53 84 2 93
a 53 54 9 64
a 54 83 21 19
a 54 53 23 54
a 54 84 86 29
a 54 85 42 96
a 54 55 42 64
a 55 84 2 48
a 55 54 51 43
a 55 85 67 79
a 55 86 17 24
a 55 56 13 14
a 56 85 40 33
a 56 55 51 65
a 56 86 7 3
a 56 87 70 15
a 56 57 99 66
a 57 86 16 16
a 57 56 21 80
a 57 87 49 93
a 57 88 30 65
a 57 58 90 10
a 58 87 1 67
a 58 57 53 18
a 58 88 71 28
a 58 89 89 11
a 58 59 82 65
a 59 88 95 31
a 59 58 52 15
a 59 89 35 49
a 59 90 20 85
a 59 60 24 86
a 60 89 31 56
a 60 59 43 64
a 60 90 69 43
a 61 91 39 9
a 61 92 51 33
a 61 62 71 24
a 62 91 4 6
a 62 61 61 18
a 62 92 4 79
a 62 93 34 24
a 62 63 25 50
a 63 92 71 77
a 63 62 58 82
a 63 93 6 23
a 63 94 99 40
a 63 64 63 53
a 64 93 18 44
a 64 63 94 28
a 64 94 36 55
a 64 95 82 4
a 64 65 7 21
a 65 94 29 7
a 65 64 8 82
a 65 95 26 33
a 65 96 86 90
a 65 66 33 75
a 66 95 97 99
a 66 65 49 90
a 66 96 46 20
a 66 97 4 99
a 66 67 4 84
a 67 96 44 53
a 67 66 40 55
a 67 97 61 59
a 67 98 18 97
a 67 68 65 73
a 68 97 11 1
a 68 67 7 69
a 68 98 35 66
a 68 99 25 60
a 68 69 88 78
a 69 98 25 91
a 69 68 42 91
a 69 99 2 19
a 69 100 55 68
a 69 70 8 65
a 70 99 3 4
a 70 69 34 67
a 70 100 28 90
a 70 101 5 89
a 70 71 59 53
a 71 100 85 80
a 71 70 51 34
a 71 101 23 65
a 71 102 79 48
a 71 72 66 21
a 72 101 20 80
a 72 71 24 72
a 72 102 13 39
a 72 103 82 64
a 72 73 86 34
a 73 102 56 82
a 73 72 81 17
a 73 103 74 85
a 73 104 51 11
a 73 74 96 7
a 74 103 96 10
a 74 73 37 36
a 74 104 2 94
a 74 105 72 60
a 74 75 76 97
a 75 104 96 89
a 75 74 56 99
a 75 105 37 3
a 75 106 69 3
a 75 76 56 41
a 76 105 75 2
a 76 75 31 78
a 76 106 16 10
a 76 107 79 12
a 76 77 17 36
a 77 106 51 32
a 77 76 64 41
a 77 107 82 51
a 77 108 25 87
a 77 78 70 88
a 78 107 96 48
a 78 77 96 76
a 78 108 20 31
a 78 109 64 60
a 78 79 54 38
a 79 108 56 18
a 79 78 14 100
a 79 109 69 11
a 79 110 63 77
a 79 80 19 40
a 80 109 70 76
a 80 79 71 88
a 80 110 40 73
a 80 111 3 15
a 80 81 64 88
a 81 110 73 9
a 81 80 9 78
a 81 111 49 82
a 81 112 6 40
a 81 82 53 81
a 82 111 85 17
a 82 81 43 15
a 82 112 78 93
a 82 113 90 48
a 82 83 79 28
a 83 112 62 93
a 83 82 13 32
a 83 113 86 8
a 83 114 30 59
a 83 84 25 61
a 84 113 3 81
a 84 83 37 2
a 84 114 46 31
a 84 115 59 19
a 84 85 97 66
a 85 114 63 80
a 85 84 12 79
a 85 115 49 80
a 85 116 44 40
a 85 86 98 26
a 86 115 2 47
a 86 85 49 7
a 86 116 60 86
a 86 117 93 88
a 86 87 36 39
a 87 116 84 21
a 87 86 98 67
a 87 117 46 35
a 87 118 43 39
a 87 88 100 83
a 88 117 68 33
a 88 87 16 81
a 88 118 18 82
a 88 119 73 28
a 88 89 16 84
a 89 118 49 63
a 89 88 47 32
a 89 119 80 77
a 89 120 25 15
a 89 90 57 18
a 90 119 5 41
a 90 89 7 7
a 90 120 60 64
a 91 121 96 53
a 91 122 93 57
a 91 92 97 45
a 92 121 56 34
a 92 91 23 83
a 92 122 60 92
a 92 123 100 61
a 92 93 90 59
a 93 122 95 59
a 93 92 42 24
a 93 123 98 45
a 93 124 33 76
a 93 94 56 33
a 94 123 66 32
a 94 93 86 59
a 94 124 18 89
a 94 125 91 79
a 94 95 71 77
a 95 124 53 71
a 95 94 40 12
a 95 125 16 54
a 95 126 19 61
a 95 96 93 37
a 96 125 42 61
a 96 95 93 36
a 96 126 72 70
a 96 127 11 90
a 96 97 27 76
a 97 126 72 18
a 97 96 46 53
a 97 127 82 17
a 97 128 16 23
a 97 98 80 5
a 98 127 9 13
a 98 97 93 75
a 98 128 6 83
a 98 129 67 15
a 98 99 88 78
a 99 128 49 42
a 99 98 79 96
a 99 129 85 45
a 99 130 72 28
a 99 100 80 67
a 100 129 49 63
a 100 99 55 99
a 100 130 77 11
a 100 131 91 69
a 100 101 50 57
a 101 130 29 100
a 101 100 64 59
a 101 131 28 59
a 101 132 56 7
a 101 102 80 21
a 102 131 55 47
a 102 101 8 86
a 102 132 42 57
a 102 133 8 67
a 102 103 82 47
a 103 132 93 61
a 103 102 37 53
a 103 133 63 71
a 103 134 87 96
a 103 104 12 35
a 104 133 56 87
a 104 103 31 80
a 104 134 14 80
a 104 135 12 65
a 104 105 15 72
a 105 134 99 21
a 105 104 46 8
a 105 135 60 22
a 105 136 99 5
a 105 106 6 28
a 106 135 98 55
a 106 105 29 65
a 106 136 88 30
a 106 137 23 75
a 106 107 29 57
a 107 136 86 90
a 107 106 9 13
a 107 137 78 15
a 107 138 65 15
a 107 108 77 26
a 108 137 39 50
a 108 107 29 94
a 108 138 47 24
a 108 139 36 82
a 108 109 90 39
a 109 138 35 92
a 109 108 37 11
a 109 139 4 41
a 109 140 66 15
a 109 110 78 74
a 110 139 21 65
a 110 109 56 8
a 110 140 38 4
a 110 141 94 56
a 110 111 29 65
a 111 140 72 94
a 111 110 92 74
a 111 141 68 8
a 111 142 97 68
a 111 112 98 30
a 112 141 90 71
a 112 111 68 78
a 112 142 30 12
a 112 143 76 50
a 112 113 70 82
a 113 142 62 93
a 113 112 14 18
a 113 143 78 47
a 113 144 59 22
a 113 114 28 24
a 114 143 8 2
a 114 113 56 81
a 114 144 97 58
a 114 145 53 76
a 114 115 96 63
a 115 144 58 94
a 115 114 44 41
a 115 145 31 34
a 115 146 49 69
a 115 116 70 68
a 116 145 18 85
a 116 115 86 39
a 116 146 45 37
a 116 147 38 4
a 116 117 52 53
a 117 146 42 37
a 117 116 52 49
a 117 147 18 99
a 117 148 11 12
a 117 118 84 65
a 118 147 45 86
a 118 117 65 50
a 118 148 77 29
a 118 149 9 72
a 118 119 23 43
a 119 148 9 63
a 119 118 56 67
a 119 149 65 68
a 119 150 68 13
a 119 120 65 28
a 120 149 80 96
a 120 119 33 58
a 120 150 32 39
a 121 151 98 88
a 121 152 54 91
a 121 122 41 67
a 122 151 51 65
a 122 121 3 1
a 122 152 26 19
a 122 153 27 18
a 122 123 50 46
a 123 152 14 14
a 123 122 77 48
a 123 153 73 49
a 123 154 94 91
a 123 124 18 25
a 124 153 88 7
a 124 123 78 92
a 124 154 29 100
a 124 155 63 28
a 124 125 26 39
a 125 154 25 11
a 125 124 10 3
a 125 155 59 49
a 125 156 70 48
a 125 126 83 53
a 126 155 32 42
a 126 125 92 43
a 126 156 88 96
a 126 157 13 53
a 126 127 67 3
a 127 156 6 92
a 127 126 96 14
a 127 157 75 50
a 127 158 30 47
a 127 128 13 94
a 128 157 67 21
a 128 127 74 89
a 128 158 50 25
a 128 159 61 12
a 128 129 95 63
a 129 158 79 95
a 129 128 41 26
a 129 159 33 29
a 129 160 79 55
a 129 130 77 5
a 130 159 88 77
a 130 129 80 41
a 130 160 28 25
a 130 161 2 37
a 130 131 3 33
a 131 160 30 4
a 131 130 72 39
a 131 161 73 36
a 131 162 20 19
a 131 132 30 36
a 132 161 26 19
a 132 131 93 19
a 132 162 52 51
a 132 163 89 55
a 132 133 64 86
a 133 162 20 4
a 133 132 12 24
a 133 163 70 84
a 133 164 19 56
a 133 134 77 56
a 134 163 32 89
a 134 133 47 36
a 134 164 34 7
a 134 165 91 56
a 134 135 67 49
a 135 164 6 95
a 135 134 99 74
a 135 165 3 38
a 135 166 32 80
a 135 136 33 58
a 136 165 64 96
a 136 135 72 62
a 136 166 79 68
a 136 167 80 84
a 136 137 39 68
a 137 166 82 95
a 137 136 14 61
a 137 167 26 60
a 137 168 45 91
a 137 138 82 17
a 138 167 23 94
a 138 137 68 10
a 138 168 86 80
a 138 169 47 11
a 138 139 20 38
a 139 168 12 87
a 139 138 59 72
a 139 169 20 60
a 139 170 45 31
a 139 140 91 55
a 140 169 54 52
a 140 139 83 83
a 140 170 27 55
a 140 171 99 34
a 140 141 81 5
a 141 170 99 81
a 141 140 81 42
a 141 171 21 21
a 141 172 27 59
a 141 142 91 38
a 142 171 69 37
a 142 141 27 60
a 142 172 28 84
a 142 173 16 53
a 142 143 71 95
a 143 172 11 64
a 143 142 85 88
a 143 173 38 63
a 143 174 70 75
a 143 144 65 67
a 144 173 37 96
a 144 143 63 49
a 144 174 60 71
a 144 175 84 48
a 144 145 45 12
a 145 174 29 88
a 145 144 41 44
a 145 175 70 58
a 145 176 21 12
a 145 146 68 34
a 146 175 24 61
a 146 145 87 6
a 146 176 55 48
a 146 177 61 100
a 146 147 92 18
a 147 176 53 31
a 147 146 55 13
a 147 177 12 71
a 147 178 44 11
a 147 148 6 15
a 148 177 85 24
a 148 147 35 21
a 148 178 3 92
a 148 179 96 97
a 148 149 60 54
a 149 178 56 50
a 149 148 92 20
a 149 179 23 74
a 149 180 6 16
a 149 150 54 45
a 150 179 27 60
a 150 149 46 2
a 150 180 89 14
a 151 181 8 78
a 151 182 33 94
a 151 152 62 82
a 152 181 27 50
a 152 151 15 75
a 152 182 23 21
a 152 183 29 77
a 152 153 74 67
a 153 182 16 13
a 153 152 52 89
a 153 183 40 89
a 153 184 24 20
a 153 154 96 90
a 154 183 10 45
a 154 153 69 12
a 154 184 79 85
a 154 185 49 59
a 154 155 24 70
a 155 184 81 73
a 155 154 74 90
a 155 185 99 25
a 155 186 30 98
a 155 156 62 42
a 156 185 6 20
a 156 155 12 100
a 156 186 46 8
a 156 187 14 37
a 156 157 42 13
a 157 186 78 40
a 157 156 29 20
a 157 187 74 5
a 157 188 99 60
a 157 158 9 1
a 158 187 12 13
a 158 157 83 95
a 158 188 24 4
a 158 189 78 24
a 158 159 67 96
a 159 188 11 88
a 159 158 74 48
a 159 189 32 35
a 159 190 29 24
a 159 160 88 19
a 160 189 84 74
a 160 159 66 86
a 160 190 37 30
a 160 191 100 13
a 160 161 67 73
a 161 190 35 24
a 161 160 57 59
a 161 191 2 98
a 161 192 39 76
a 161 162 84 38
a 162 191 50 91
a 162 161 71 78
a 162 192 84 3
a 162 193 5 80
a 162 163 10 74
a 163 192 75 95
a 163 162 42 98
a 163 193 55 1
a 163 194 20 2
a 163 164 99 51
a 164 193 45 71
a 164 163 6 81
a 164 194 36 26
a 164 195 45 88
a 164 165 40 31
a 165 194 28 74
a 165 164 32 50
a 165 195 63 50
a 165 196 49 13
a 165 166 1 53
a 166 195 11 98
a 166 165 30 1
a 166 196 95 79
a 166 197 81 92
a 166 167 4 78
a 167 196 52 17
a 167 166 66 74
a 167 197 20 43
a 167 198 51 44
a 167 168 54 31
a 168 197 19 83
a 168 167 68 9
a 168 198 71 62
a 168 199 90 30
a 168 169 73 2
a 169 198 9 50
a 169 168 43 67
a 169 199 58 13
a 169 200 16 13
a 169 170 8 100
a 170 199 53 3
a 170 169 66 5
a 170 200 81 83
a 170 201 24 71
a 170 171 80 53
a 171 200 53 1
a 171 170 71 2
a 171 201 87 2
a 171 202 49 3
a 171 172 25 52
a 172 201 80 38
a 172 171 77 90
a 172 202 74 74
a 172 203 46 22
a 172 173 65 42
a 173 202 7 43
a 173 172 46 16
a 173 203 22 40
a 173 204 85 20
a 173 174 77 48
a 174 203 23 47
a 174 173 43 19
a 174 204 74 51
a 174 205 97 50
a 174 175 98 24
a 175 204 71 58
a 175 174 61 62
a 175 205 9 29
a 175 206 28 6
a 175 176 39 10
a 176 205 18 79
a 176 175 96 12
a 176 206 23 71
a 176 207 36 67
a 176 177 29 63
a 177 206 61 59
a 177 176 47 16
a 177 207 28 97
a 177 208 14 38
a 177 178 62 56
a 178 207 12 58
a 178 177 41 29
a 178 208 61 45
a 178 209 50 32
a 178 179 66 17
a 179 208 76 95
a 179 178 86 21
a 179 209 94 16
a 179 210 32 41
a 179 180 35 56
a 180 209 6 62
a 180 179 27 39
a 180 210 79 16
a 181 211 51 19
a 181 212 16 11
a 181 182 2 68
a 182 211 5 29
a 182 181 70 93
a 182 212 48 15
a 182 213 82 26
a 182 183 59 81
a 183 212 18 79
a 183 182 70 43
a 183 213 73 58
a 183 214 9 81
a 183 184 92 80
a 184 213 44 63
a 184 183 83 56
a 184 214 50 72
a 184 215 61 65
a 184 185 67 46
a 185 214 41 15
a 185 184 64 24
a 185 215 91 42
a 185 216 10 32
a 185 186 22 51
a 186 215 40 18
a 186 185 12 36
a 186 216 15 21
a 186 217 29 95
a 186 187 67 76
a 187 216 14 95
a 187 186 62 97
a 187 217 61 71
a 187 218 69 100
a 187 188 65 87
a 188 217 5 80
a 188 187 11 60
a 188 218 10 28
a 188 219 88 60
a 188 189 26 60
a 189 218 71 44
a 189 188 39 17
a 189 219 63 40
a 189 220 70 99
a 189 190 6 1
a 190 219 89 66
a 190 189 57 29
a 190 220 34 33
a 190 221 45 71
a 190 191 22 80
a 191 220 47 25
a 191 190 28 92
a 191 221 40 64
a 191 222 66 29
a 191 192 28 27
a 192 221 94 43
a 192 191 7 80
a 192 222 14 54
a 192 223 58 21
a 192 193 86 33
a 193 222 24 71
a 193 192 8 79
a 193 223 35 53
a 193 224 6 9
a 193 194 7 96
a 194 223 44 31
a 194 193 53 66
a 194 224 97 33
a 194 225 96 58
a 194 195 68 66
a 195 224 7 3
a 195 194 4 46
a 195 225 44 36
a 195 226 100 53
a 195 196 14 96
a 196 225 97 19
a 196 195 23 30
a 196 226 38 14
a 196 227 61 5
a 196 197 55 47
a 197 226 15 31
a 197 196 43 54
a 197 227 80 4
a 197 228 100 53
a 197 198 19 26
a 198 227 4 64
a 198 197 34 39
a 198 228 77 23
a 198 229 80 59
a 198 199 6 85
a 199 228 47 45
a 199 198 33 54
a 199 229 11 33
a 199 230 29 19
a 199 200 22 68
a 200 229 5 25
a 200 199 57 27
a 200 230 88 16
a 200 231 15 37
a 200 201 32 68
a 201 230 53 97
a 201 200 14 7
a 201 231 17 65
a 201 232 8 20
a 201 202 1 74
a 202 231 35 23
a 202 201 24 56
a 202 232 36 37
a 202 233 13 73
a 202 203 28 76
a 203 232 87 29
a 203 202 7 81
a 203 233 65 69
a 203 234 62 3
a 203 204 95 22
a 204 233 31 72
a 204 203 18 54
a 204 234 91 82
a 204 235 43 87
a 204 205 67 100
a 205 234 93 32
a 205 204 3 22
a 205 235 62 12
a 205 236 50 100
a 205 206 95 76
a 206 235 68 75
a 206 205 27 93
a 206 236 55 46
a 206 237 71 96
a 206 207 1 60
a 207 236 39 48
a 207 206 51 58
a 207 237 34 94
a 207 238 42 54
a 207 208 20 90
a 208 237 96 91
a 208 207 46 93
a 208 238 78 63
a 208 239 28 7
a 208 209 61 19
a 209 238 26 53
a 209 208 60 93
a 209 239 72 61
a 209 240 43 33
a 209 210 67 77
a 210 239 94 66
a 210 209 37 41
a 210 240 93 31
a 211 241 90 100
a 211 242 96 6
a 211 212 5 99
a 212 241 80 77
a 212 211 62 18
a 212 242 17 18
a 212 243 42 48
a 212 213 55 6
a 213 242 70 38
a 213 212 12 29
a 213 243 54 11
a 213 244 36 60
a 213 214 81 91
a 214 243 55 79
a 214 213 73 78
a 214 244 92 94
a 214 245 44 32
a 214 215 64 55
a 215 244 34 48
a 215 214 67 95
a 215 245 23 30
a 215 246 22 27
a 215 216 2 74
a 216 245 89 61
a 216 215 63 39
a 216 246 64 72
a 216 247 10 20
a 216 217 1 64
a 217 246 17 14
a 217 216 30 72
a 217 247 92 23
a 217 248 38 27
a 217 218 1 19
a 218 247 58 9
a 218 217 46 26
a 218 248 28 79
a 218 249 4 90
a 218 219 48 53
a 219 248 33 35
a 219 218 27 65
a 219 249 14 72
a 219 250 25 86
a 219 220 67 20
a 220 249 12 2
a 220 219 11 3
a 220 250 3 40
a 220 251 61 40
a 220 221 61 58
a 221 250 49 68
a 221 220 66 4
a 221 251 74 89
a 221 252 8 75
a 221 222 24 41
a 222 251 76 1
a 222 221 77 69
a 222 252 85 40
a 222 253 5 58
a 222 223 86 34
a 223 252 38 87
a 223 222 31 89
a 223 253 99 41
a 223 254 52 100
a 223 224 73 8
a 224 253 58 31
a 224 223 13 72
a 224 254 60 47
a 224 255 57 97
a 224 225 96 78
a 225 254 37 63
a 225 224 96 50
a 225 255 54 93
a 225 256 34 36
a 225 226 13 53
a 226 255 55 5
a 226 225 27 29
a 226 256 51 97
a 226 257 58 33
a 226 227 51 8
a 227 256 36 33
a 227 226 85 82
a 227 257 99 94
a 227 258 45 7
a 227 228 76 41
a 228 257 33 48
a 228 227 82 13
a 228 258 95 9
a 228 259 55 7
a 228 229 83 40
a 229 258 15 35
a 229 228 44 83
a 229 259 29 53
a 229 260 56 58
a 229 230 38 2
a 230 259 15 64
a 230 229 21 46
a 230 260 18 32
a 230 261 89 55
a 230 231 60 3
a 231 260 66 31
a 231 230 2 65
a 231 261 10 50
a 231 262 5 90
a 231 232 25 87
a 232 261 56 32
a 232 231 81 90
a 232 262 34 79
a 232 263 29 77
a 232 233 1 92
a 233 262 40 52
a 233 232 5 3
a 233 263 29 6
a 233 264 4 16
a 233 234 65 69
a 234 263 42 12
a 234 233 4 18
a 234 264 94 94
a 234 265 59 63
a 234 235 19 96
a 235 264 4 53
a 235 234 37 64
a 235 265 1 34
a 235 266 92 6
a 235 236 22 28
a 236 265 24 4
a 236 235 36 72
a 236 266 99 50
a 236 267 75 43
a 236 237 80 17
a 237 266 100 67
a 237 236 85 18
a 237 267 18 81
a 237 268 60 41
a 237 238 72 79
a 238 267 4 41
a 238 237 19 37
a 238 268 82 89
a 238 269 29 46
a 238 239 70 48
a 239 268 72 81
a 239 238 99 80
a 239 269 59 49
a 239 270 11 28
a 239 240 39 91
a 240 269 14 93
a 240 239 79 50
a 240 270 99 57
a 241 271 6 66
a 241 272 49 84
a 241 242 29 26
a 242 271 36 58
a 242 241 98 3
a 242 272 94 53
a 242 273 91 2
a 242 243 61 32
a 243 272 60 77
a 243 242 39 14
a 243 273 55 32
a 243 274 53 22
a 243 244 43 27
a 244 273 26 96
a 244 243 73 81
a 244 274 39 92
a 244 275 15 11
a 244 245 13 26
a 245 274 18 21
a 245 244 75 14
a 245 275 10 42
a 245 276 6 82
a 245 246 37 31
a 246 275 12 55
a 246 245 18 1
a 246 276 99 93
a 246 277 58 8
a 246 247 79 52
a 247 276 24 43
a 247 246 27 88
a 247 277 1 53
a 247 278 66 71
a 247 248 43 45
a 248 277 7 75
a 248 247 23 15
a 248 278 82 55
a 248 279 38 48
a 248 249 78 59
a 249 278 69 4
a 249 248 79 56
a 249 279 97 15
a 249 280 49 45
a 249 250 22 77
a 250 279 71 41
a 250 249 1 23
a 250 280 3 10
a 250 281 5 68
a 250 251 79 36
a 251 280 18 64
a 251 250 65 67
a 251 281 44 77
a 251 282 64 57
a 251 252 91 27
a 252 281 54 68
a 252 251 57 42
a 252 282 66 85
a 252 283 78 12
a 252 253 23 10
a 253 282 17 28
a 253 252 52 6
a 253 283 35 99
a 253 284 36 47
a 253 254 39 65
a 254 283 86 97
a 254 253 57 24
a 254 284 9 42
a 254 285 89 2
a 254 255 89 58
a 255 284 25 93
a 255 254 97 93
a 255 285 79 40
a 255 286 6 67
a 255 256 100 92
a 256 285 38 69
a 256 255 37 24
a 256 286 75 91
a 256 287 85 79
a 256 257 54 74
a 257 286 45 9
a 257 256 91 19
a 257 287 72 29
a 257 288 40 73
a 257 258 10 90
a 258 287 74 36
a 258 257 63 36
a 258 288 8 75
a 258 289 62 30
a 258 259 42 41
a 259 288 56 79
a 259 258 66 32
a 259 289 40 38
a 259 290 38 51
a 259 260 88 87
a 260 289 99 67
a 260 259 82 15
a 260 290 27 17
a 260 291 94 71
a 260 261 1 46
a 261 290 27 90
a 261 260 9 91
a 261 291 38 89
a 261 292 91 32
a 261 262 81 45
a 262 291 78 5
a 262 261 38 77
a 262 292 46 17
a 262 293 16 97
a 262 263 7 19
a 263 292 11 74
a 263 262 18 58
a 263 293 81 40
a 263 294 93 24
a 263 264 72 18
a 264 293 42 51
a 264 263 80 5
a 264 294 61 57
a 264 295 65 4
a 264 265 98 82
a 265 294 22 77
a 265 264 47 8
a 265 295 57 13
a 265 296 4 55
a 265 266 15 25
a 266 295 78 91
a 266 265 20 58
a 266 296 38 19
a 266 297 40 27
a 266 267 41 100
a 267 296 89 13
a 267 266 93 7
a 267 297 57 24
a 267 298 75 8
a 267 268 40 33
a 268 297 21 28
a 268 267 36 92
a 268 298 100 50
a 268 299 5 25
a 268 269 42 98
a 269 298 52 47
a 269 268 37 98
a 269 299 3 73
a 269 300 12 63
a 269 270 98 24
a 270 299 83 28
a 270 269 14 62
a 270 300 39 62
a 271 301 50 2
a 271 302 93 68
a 271 272 89 76
a 272 301 7 62
a 272 271 79 76
a 272 302 97 14
a 272 303 3 79
a 272 273 93 66
a 273 302 42 87
a 273 272 86 13
a 273 303 89 89
a 273 304 39 32
a 273 274 71 56
a 274 303 24 5
a 274 273 14 75
a 274 304 8 32
a 274 305 84 88
a 274 275 70 7
a 275 304 49 69
a 275 274 29 48
a 275 305 30 57
a 275 306 26 21
a 275 276 38 77
a 276 305 9 71
a 276 275 99 27
a 276 306 80 32
a 276 307 38 56
a 276 277 9 80
a 277 306 35 46
a 277 276 75 43
a 277 307 98 66
a 277 308 3 42
a 277 278 69 80
a 278 307 70 71
a 278 277 95 100
a 278 308 35 54
a 278 309 95 86
a 278 279 40 54
a 279 308 23 61
a 279 278 45 54
a 279 309 2 77
a 279 310 47 38
a 279 280 57 19
a 280 309 80 54
a 280 279 85 66
a 280 310 97 1
a 280 311 33 1
a 280 281 62 22
a 281 310 98 37
a 281 280 49 24
a 281 311 88 60
a 281 312 73 9
a 281 282 37 55
a 282 311 38 78
a 282 281 66 48
a 282 312 90 81
a 282 313 58 29
a 282 283 80 92
a 283 312 78 46
a 283 282 13 26
a 283 313 71 41
a 283 314 68 52
a 283 284 88 33
a 284 313 3 14
a 284 283 39 20
a 284 314 64 71
a 284 315 43 27
a 284 285 82 83
a 285 314 56 36
a 285 284 44 41
a 285 315 90 54
a 285 316 92 70
a 285 286 61 38
a 286 315 90 21
a 286 285 54 81
a 286 316 60 8
a 286 317 92 3
a 286 287 38 44
a 287 316 34 14
a 287 286 87 69
a 287 317 49 32
a 287 318 34 32
a 287 288 98 23
a 288 317 48 34
a 288 287 76 31
a 288 318 79 2
a 288 319 44 59
a 288 289 63 12
a 289 318 26 36
a 289 288 49 59
a 289 319 17 64
a 289 320 41 88
a 289 290 68 22
a 290 319 98 36
a 290 289 96 36
a 290 320 82 47
a 290 321 10 46
a 290 291 12 87
a 291 320 85 74
a 291 290 45 93
a 291 321 93 57
a 291 322 49 95
a 291 292 79 59
a 292 321 7 71
a 292 291 77 24
a 292 322 90 40
a 292 323 54 75
a 292 293 39 75
a 293 322 87 81
a 293 292 93 29
a 293 323 5 79
a 293 324 91 88
a 293 294 43 80
a 294 323 68 55
a 294 293 17 74
a 294 324 90 24
a 294 325 83 8
a 294 295 68 25
a 295 324 84 6
a 295 294 3 99
a 295 325 66 85
a 295 326 35 20
a 295 296 74 38
a 296 325 28 36
a 296 295 13 33
a 296 326 49 34
a 296 327 30 67
a 296 297 28 4
a 297 326 13 5
a 297 296 76 21
a 297 327 17 4
a 297 328 58 43
a 297 298 10 19
a 298 327 72 63
a 298 297 90 88
a 298 328 76 57
a 298 329 73 95
a 298 299 91 16
a 299 328 100 8
a 299 298 6 78
a 299 329 18 88
a 299 330 36 81
a 299 300 39 20
a 300 329 3 52
a 300 299 78 50
a 300 330 27 97
a 301 331 58 80
a 301 332 43 31
a 301 302 54 71
a 302 331 67 23
a 302 301 69 49
a 302 332 22 55
a 302 333 74 91
a 302 303 27 44
a 303 332 13 71
a 303 302 89 35
a 303 333 42 46
a 303 334 14 48
a 303 304 83 45
a 304 333 68 98
a 304 303 64 6
a 304 334 70 34
a 304 335 56 14
a 304 305 19 78
a 305 334 79 19
a 305 304 31 2
a 305 335 75 40
a 305 336 5 19
a 305 306 61 81
a 306 335 16 72
a 306 305 100 57
a 306 336 91 39
a 306 337 57 49
a 306 307 45 91
a 307 336 90 12
a 307 306 13 32
a 307 337 57 46
a 307 338 4 25
a 307 308 70 38
a 308 337 19 10
a 308 307 41 80
a 308 338 52 27
a 308 339 2 71
a 308 309 77 4
a 309 338 30 35
a 309 308 99 59
a 309 339 22 87
a 309 340 54 40
a 309 310 68 96
a 310 339 91 19
a 310 309 9 31
a 310 340 68 85
a 310 341 39 77
a 310 311 37 53
a 311 340 8 32
a 311 310 70 46
a 311 341 53 4
a 311 342 40 15
a 311 312 42 36
a 312 341 61 78
a 312 311 45 44
a 312 342 20 34
a 312 343 94 30
a 312 313 47 87
a 313 342 29 8
a 313 312 43 32
a 313 343 96 84
a 313 344 79 9
a 313 314 72 87
a 314 343 45 75
a 314 313 84 51
a 314 344 98 10
a 314 345 17 70
a 314 315 65 46
a 315 344 40 88
a 315 314 14 85
a 315 345 42 69
a 315 346 45 88
a 315 316 45 24
a 316 345 42 29
a 316 315 69 3
a 316 346 18 66
a 316 347 54 9
a 316 317 4 97
a 317 346 98 81
a 317 316 53 11
a 317 347 75 33
a 317 348 85 38
a 317 318 18 92
a 318 347 98 3
a 318 317 51 8
a 318 348 48 50
a 318 349 77 60
a 318 319 32 62
a 319 348 22 90
a 319 318 3 93
a 319 349 12 5
a 319 350 50 60
a 319 320 16 27
a 320 349 55 55
a 320 319 76 10
a 320 350 7 13
a 320 351 3 29
a 320 321 12 7
a 321 350 4 62
a 321 320 67 51
a 321 351 24 34
a 321 352 67 15
a 321 322 62 72
a 322 351 44 56
a 322 321 98 88
a 322 352 73 19
a 322 353 43 77
a 322 323 89 83
a 323 352 89 82
a 323 322 74 41
a 323 353 77 90
a 323 354 86 40
a 323 324 96 22
a 324 353 27 27
a 324 323 48 56
a 324 354 53 30
a 324 355 90 71
a 324 325 38 42
a 325 354 29 74
a 325 324 17 30
a 325 355 53 10
a 325 356 62 99
a 325 326 4 47
a 326 355 99 66
a 326 325 26 66
a 326 356 71 49
a 326 357 39 26
a 326 327 23 61
a 327 356 25 37
a 327 326 66 24
a 327 357 100 19
a 327 358 7 19
a 327 328 50 43
a 328 357 22 14
a 328 327 11 33
a 328 358 68 15
a 328 359 14 87
a 328 329 80 85
a 329 358 68 16
a 329 328 18 99
a 329 359 70 23
a 329 360 63 29
a 329 330 49 38
a 330 359 60 23
a 330 329 79 62
a 330 360 8 45
a 331 361 21 75
a 331 362 33 47
a 331 332 56 29
a 332 361 67 67
a 332 331 22 90
a 332 362 56 28
a 332 363 33 69
a 332 333 76 29
a 333 362 28 55
a 333 332 8 47
a 333 363 30 9
a 333 364 30 92
a 333 334 62 45
a 334 363 28 35
a 334 333 61 26
a 334 364 58 22
a 334 365 92 90
a 334 335 43 94
a 335 364 3 55
a 335 334 33 37
a 335 365 71 84
a 335 366 77 56
a 335 336 47 15
a 336 365 77 92
a 336 335 94 88
a 336 366 76 65
a 336 367 57 3
a 336 337 72 43
a 337 366 32 59
a 337 336 7 73
a 337 367 72 35
a 337 368 80 43
a 337 338 7 94
a 338 367 70 95
a 338 337 96 80
a 338 368 32 56
a 338 369 22 3
a 338 339 31 68
a 339 368 48 20
a 339 338 77 5
a 339 369 35 52
a 339 370 26 87
a 339 340 84 31
a 340 369 68 64
a 340 339 38 56
a 340 370 50 100
a 340 371 19 10
a 340 341 62 16
a 341 370 60 39
a 341 340 49 55
a 341 371 10 35
a 341 372 27 84
a 341 342 36 4
a 342 371 55 68
a 342 341 31 93
a 342 372 66 39
a 342 373 20 54
a 342 343 91 66
a 343 372 86 15
a 343 342 100 76
a 343 373 72 13
a 343 374 96 61
a 343 344 59 46
a 344 373 68 81
a 344 343 5 56
a 344 374 12 46
a 344 375 21 38
a 344 345 67 90
a 345 374 3 78
a 345 344 80 63
a 345 375 93 71
a 345 376 25 8
a 345 346 87 51
a 346 375 34 93
a 346 345 76 1
a 346 376 74 80
a 346 377 6 38
a 346 347 17 80
a 347 376 12 9
a 347 346 81 31
a 347 377 4 61
a 347 378 56 7
a 347 348 55 47
a 348 377 28 9
a 348 347 72 30
a 348 378 14 30
a 348 379 13 36
a 348 349 13 72
a 349 378 98 26
a 349 348 95 53
a 349 379 61 67
a 349 380 58 51
a 349 350 40 14
a 350 379 1 4
a 350 349 17 10
a 350 380 78 33
a 350 381 47 71
a 350 351 72 63
a 351 380 21 63
a 351 350 74 49
a 351 381 60 43
a 351 382 50 53
a 351 352 48 25
a 352 381 60 85
a 352 351 76 100
a 352 382 51 14
a 352 383 82 46
a 352 353 74 49
a 353 382 82 53
a 353 352 21 83
a 353 383 58 16
a 353 384 51 35
a 353 354 80 93
a 354 383 32 65
a 354 353 2 51
a 354 384 96 38
a 354 385 1 30
a 354 355 27 87
a 355 384 89 78
a 355 354 40 100
a 355 385 8 11
a 355 386 57 71
a 355 356 67 90
a 356 385 28 18
a 356 355 84 20
a 356 386 28 38
a 356 387 80 37
a 356 357 60 41
a 357 386 33 84
a 357 356 61 99
a 357 387 47 21
a 357 388 59 8
a 357 358 97 45
a 358 387 85 13
a 358 357 89 39
a 358 388 26 94
a 358 389 36 10
a 358 359 73 98
a 359 388 19 95
a 359 358 82 50
a 359 389 82 26
a 359 390 98 40
a 359 360 67 55
a 360 389 20 35
a 360 359 60 99
a 360 390 53 79
a 361 391 39 90
a 361 392 79 67
a 361 362 34 47
a 362 391 36 19
a 362 361 59 52
a 362 392 74 30
a 362 393 78 50
a 362 363 7 16
a 363 392 23 61
a 363 362 45 42
a 363 393 40 35
a 363 394 92 19
a 363 364 22 75
a 364 393 92 37
a 364 363 40 78
a 364 394 70 13
a 364 395 7 73
a 364 365 100 68
a 365 394 22 21
a 365 364 53 60
a 365 395 32 37
a 365 396 56 16
a 365 366 84 66
a 366 395 52 24
a 366 365 22 76
a 366 396 52 56
a 366 397 38 36
a 366 367 16 11
a 367 396 13 22
a 367 366 84 80
a 367 397 28 58
a 367 398 99 38
a 367 368 70 76
a 368 397 70 10
a 368 367 27 49
a 368 398 75 93
a 368 399 91 89
a 368 369 55 60
a 369 398 81 79
a 369 368 86 40
a 369 399 24 28
a 369 400 26 90
a 369 370 72 80
a 370 399 65 70
a 370 369 54 42
a 370 400 20 38
a 370 401 34 99
a 370 371 21 38
a 371 400 22 70
a 371 370 52 33
a 371 401 51 83
a 371 402 54 18
a 371 372 17 90
a 372 401 56 82
a 372 371 73 83
a 372 402 8 52
a 372 403 26 81
a 372 373 6 95
a 373 402 90 100
a 373 372 84 94
a 373 403 54 28
a 373 404 28 77
a 373 374 21 27
a 374 403 11 21
a 374 373 87 55
a 374 404 83 5
a 374 405 89 86
a 374 375 55 10
a 375 404 2 86
a 375 374 79 47
a 375 405 31 45
a 375 406 3 34
a 375 376 20 50
a 376 405 89 91
a 376 375 8 67
a 376 406 43 19
a 376 407 71 32
a 376 377 15 40
a 377 406 61 84
a 377 376 77 90
a 377 407 46 62
a 377 408 87 98
a 377 378 80 54
a 378 407 80 18
a 378 377 80 7
a 378 408 24 21
a 378 409 33 46
a 378 379 85 72
a 379 408 65 33
a 379 378 11 94
a 379 409 34 45
a 379 410 61 47
a 379 380 21 53
a 380 409 94 71
a 380 379 1 50
a 380 410 3 78
a 380 411 43 48
a 380 381 100 48
a 381 410 62 20
a 381 380 88 74
a 381 411 34 19
a 381 412 63 58
a 381 382 2 1
a 382 411 61 54
a 382 381 34 68
a 382 412 51 45
a 382 413 44 39
a 382 383 6 7
a 383 412 79 69
a 383 382 33 23
a 383 413 83 80
a 383 414 66 100
a 383 384 97 22
a 384 413 85 15
a 384 383 78 35
a 384 414 92 85
a 384 415 6 43
a 384 385 71 45
a 385 414 66 31
a 385 384 83 74
a 385 415 86 84
a 385 416 83 74
a 385 386 23 77
a 386 415 38 86
a 386 385 6 79
a 386 416 100 42
a 386 417 22 42
a 386 387 53 49
a 387 416 84 14
a 387 386 100 76
a 387 417 16 67
a 387 418 26 68
a 387 388 29 39
a 388 417 73 74
a 388 387 9 43
a 388 418 80 34
a 388 419 66 57
a 388 389 81 51
a 389 418 69 37
a 389 388 18 14
a 389 419 66 54
a 389 420 98 38
a 389 390 42 89
a 390 419 68 45
a 390 389 57 29
a 390 420 39 58
a 391 421 59 61
a 391 422 48 51
a 391 392 86 15
a 392 421 37 33
a 392 391 63 77
a 392 422 47 30
a 392 423 66 60
a 392 393 42 3
a 393 422 55 65
a 393 392 81 32
a 393 423 49 100
a 393 424 29 50
a 393 394 27 36
a 394 423 32 80
a 394 393 60 99
a 394 424 43 65
a 394 425 41 88
a 394 395 97 5
a 395 424 25 11
a 395 394 59 74
a 395 425 44 66
a 395 426 48 84
a 395 396 76 70
a 396 425 6 54
a 396 395 34 93
a 396 426 60 76
a 396 427 54 23
a 396 397 51 30
a 397 426 69 43
a 397 396 64 13
a 397 427 72 12
a 397 428 27 49
a 397 398 17 53
a 398 427 26 27
a 398 397 91 31
a 398 428 6 94
a 398 429 52 85
a 398 399 63 37
a 399 428 47 70
a 399 398 84 72
a 399 429 100 84
a 399 430 81 69
a 399 400 27 92
a 400 429 73 66
a 400 399 36 31
a 400 430 16 12
a 400 431 34 32
a 400 401 81 50
a 401 430 15 63
a 401 400 17 21
a 401 431 88 78
a 401 432 59 44
a 401 402 31 43
a 402 431 37 72
a 402 401 29 71
a 402 432 45 46
a 402 433 50 82
a 402 403 2 96
a 403 432 48 31
a 403 402 90 42
a 403 433 76 51
a 403 434 92 59
a 403 404 73 63
a 404 433 35 61
a 404 403 27 91
a 404 434 61 94
a 404 435 47 78
a 404 405 54 7
a 405 434 21 59
a 405 404 85 23
a 405 435 90 41
a 405 436 13 38
a 405 406 49 88
a 406 435 26 80
a 406 405 30 1
a 406 436 96 86
a 406 437 21 64
a 406 407 57 24
a 407 436 2 48
a 407 406 50 96
a 407 437 33 56
a 407 438 54 99
a 407 408 61 42
a 408 437 15 49
a 408 407 46 57
a 408 438 7 15
a 408 439 95 48
a 408 409 56 78
a 409 438 43 97
a 409 408 66 95
a 409 439 61 92
a 409 440 97 83
a 409 410 91 41
a 410 439 34 32
a 410 409 60 9
a 410 440 10 73
a 410 441 33 86
a 410 411 37 91
a 411 440 41 85
a 411 410 14 85
a 411 441 74 26
a 411 442 48 60
a 411 412 28 39
a 412 441 46 8
a 412 411 30 13
a 412 442 21 79
a 412 443 72 76
a 412 413 6 44
a 413 442 66 91
a 413 412 55 86
a 413 443 92 60
a 413 444 66 31
a 413 414 43 10
a 414 443 17 91
a 414 413 52 36
a 414 444 94 20
a 414 445 37 89
a 414 415 7 65
a 415 444 68 79
a 415 414 70 90
a 415 445 72 61
a 415 446 11 28
a 415 416 83 71
a 416 445 19 41
a 416 415 67 65
a 416 446 88 75
a 416 447 1 91
a 416 417 7 34
a 417 446 51 39
a 417 416 18 39
a 417 447 77 84
a 417 448 72 72
a 417 418 27 67
a 418 447 16 3
a 418 417 47 37
a 418 448 6 56
a 418 449 75 85
a 418 419 32 7
a 419 448 35 48
a 419 418 91 94
a 419 449 80 75
a 419 450 10 95
a 419 420 56 4
a 420 449 93 58
a 420 419 97 49
a 420 450 93 23
a 421 451 9 83
a 421 452 28 43
a 421 422 21 35
a 422 451 55 89
a 422 421 91 67
a 422 452 80 8
a 422 453 54 96
a 422 423 93 24
a 423 452 40 58
a 423 422 99 71
a 423 453 6 90
a 423 454 76 65
a 423 424 76 16
a 424 453 68 43
a 424 423 13 33
a 424 454 56 50
a 424 455 44 90
a 424 425 98 32
a 425 454 49 1
a 425 424 33 81
a 425 455 61 62
a 425 456 12 39
a 425 426 60 50
a 426 455 96 14
a 426 425 21 67
a 426 456 71 92
a 426 457 9 1
a 426 427 71 94
a 427 456 42 31
a 427 426 68 54
a 427 457 19 87
a 427 458 57 33
a 427 428 97 53
a 428 457 17 15
a 428 427 80 26
a 428 458 9 76
a 428 459 99 26
a 428 429 48 86
a 429 458 59 35
a 429 428 8 71
a 429 459 83 85
a 429 460 91 50
a 429 430 30 16
a 430 459 53 90
a 430 429 14 65
a 430 460 88 54
a 430 461 100 70
a 430 431 96 71
a 431 460 48 92
a 431 430 62 36
a 431 461 70 37
a 431 462 35 93
a 431 432 17 31
a 432 461 2 44
a 432 431 54 36
a 432 462 82 12
a 432 463 5 22
a 432 433 3 75
a 433 462 91 28
a 433 432 48 28
a 433 463 11 98
a 433 464 26 6
a 433 434 78 50
a 434 463 91 97
a 434 433 30 82
a 434 464 93 79
a 434 465 40 7
a 434 435 80 34
a 435 464 30 45
a 435 434 7 84
a 435 465 68 89
a 435 466 72 36
a 435 436 68 28
a 436 465 26 33
a 436 435 33 93
a 436 466 75 13
a 436 467 5 18
a 436 437 76 72
a 437 466 18 75
a 437 436 48 75
a 437 467 67 13
a 437 468 2 60
a 437 438 12 43
a 438 467 31 92
a 438 437 3 84
a 438 468 79 73
a 438 469 75 36
a 438 439 65 81
a 439 468 63 8
a 439 438 2 51
a 439 469 93 41
a 439 470 59 97
a 439 440 77 9
a 440 469 66 95
a 440 439 80 74
a 440 470 14 56
a 440 471 86 20
a 440 441 97 88
a 441 470 83 86
a 441 440 68 90
a 441 471 79 100
a 441 472 14 88
a 441 442 86 76
a 442 471 9 72
a 442 441 31 42
a 442 472 81 29
a 442 473 89 15
a 442 443 46 27
a 443 472 67 74
a 443 442 46 80
a 443 473 49 31
a 443 474 90 33
a 443 444 51 74
a 444 473 57 1
a 444 443 58 19
a 444 474 35 58
a 444 475 23 32
a 444 445 75 54
a 445 474 25 86
a 445 444 25 60
a 445 475 15 2
a 445 476 35 47
a 445 446 31 20
a 446 475 54 80
a 446 445 62 43
a 446 476 2 97
a 446 477 67 1
a 446 447 82 62
a 447 476 7 64
a 447 446 63 17
a 447 477 51 42
a 447 478 9 45
a 447 448 91 42
a 448 477 56 4
a 448 447 72 56
a 448 478 44 58
a 448 479 80 88
a 448 449 82 34
a 449 478 13 58
a 449 448 63 48
a 449 479 30 70
a 449 480 91 56
a 449 450 95 40
a 450 479 56 75
a 450 449 46 71
a 450 480 7 59
a 451 481 16 91
a 451 482 77 34
a 451 452 78 20
a 452 481 71 20
a 452 451 6 6
a 452 482 46 66
a 452 483 18 64
a 452 453 16 92
a 453 482 88 16
a 453 452 87 22
a 453 483 61 77
a 453 484 93 40
a 453 454 30 84
a 454 483 36 71
a 454 453 39 81
a 454 484 73 60
a 454 485 91 96
a 454 455 27 7
a 455 484 84 79
a 455 454 36 60
a 455 485 85 94
a 455 486 11 91
a 455 456 60 53
a 456 485 6 35
a 456 455 93 7
a 456 486 68 79
a 456 487 28 22
a 456 457 20 88
a 457 486 22 34
a 457 456 100 30
a 457 487 83 19
a 457 488 89 70
a 457 458 18 10
a 458 487 63 45
a 458 457 62 7
a 458 488 29 39
a 458 489 40 23
a 458 459 32 66
a 459 488 70 45
a 459 458 12 82
a 459 489 15 54
a 459 490 17 71
a 459 460 58 22
a 460 489 75 87
a 460 459 89 82
a 460 490 26 70
a 460 491 17 77
a 460 461 70 54
a 461 490 76 43
a 461 460 66 71
a 461 491 76 53
a 461 492 16 73
a 461 462 31 18
a 462 491 32 47
a 462 461 53 94
a 462 492 46 13
a 462 493 93 14
a 462 463 87 97
a 463 492 12 53
a 463 462 92 66
a 463 493 17 23
a 463 494 77 77
a 463 464 10 55
a 464 493 61 5
a 464 463 92 14
a 464 494 3 58
a 464 495 85 47
a 464 465 90 11
a 465 494 70 33
a 465 464 43 21
a 465 495 5 54
a 465 496 19 80
a 465 466 9 22
a 466 495 100 98
a 466 465 25 87
a 466 496 21 70
a 466 497 84 29
a 466 467 94 55
a 467 496 13 29
a 467 466 34 18
a 467 497 76 52
a 467 498 11 70
a 467 468 77 34
a 468 497 11 79
a 468 467 89 60
a 468 498 46 93
a 468 499 81 83
a 468 469 85 28
a 469 498 50 3
a 469 468 54 33
a 469 499 6 80
a 469 500 23 52
a 469 470 4 17
a 470 499 27 46
a 470 469 19 62
a 470 500 84 97
a 470 501 55 16
a 470 471 48 18
a 471 500 29 89
a 471 470 87 27
a 471 501 28 98
a 471 502 71 31
a 471 472 9 42
a 472 501 2 71
a 472 471 51 59
a 472 502 81 11
a 472 503 62 32
a 472 473 37 46
a 473 502 71 90
a 473 472 18 20
a 473 503 12 36
a 473 504 73 34
a 473 474 4 71
a 474 503 40 39
a 474 473 41 14
a 474 504 54 69
a 474 505 39 23
a 474 475 57 78
a 475 504 26 23
a 475 474 2 43
a 475 505 94 41
a 475 506 23 28
a 475 476 11 7
a 476 505 61 14
a 476 475 87 56
a 476 506 27 5
a 476 507 54 42
a 476 477 23 53
a 477 506 93 80
a 477 476 94 81
a 477 507 96 96
a 477 508 7 91
a 477 478 35 76
a 478 507 13 99
a 478 477 36 98
a 478 508 35 27
a 478 509 10 66
a 478 479 90 40
a 479 508 25 8
a 479 478 5 47
a 479 509 86 32
a 479 510 12 7
a 479 480 76 87
a 480 509 67 75
a 480 479 25 95
a 480 510 87 91
a 481 511 39 6
a 481 512 87 48
a 481 482 46 16
a 482 511 97 22
a 482 481 6 27
a 482 512 11 83
a 482 513 35 88
a 482 483 61 2
a 483 512 73 85
a 483 482 62 25
a 483 513 83 13
a 483 514 99 84
a 483 484 48 52
a 484 513 45 6
a 484 483 40 81
a 484 514 50 82
a 484 515 45 14
a 484 485 34 13
a 485 514 81 95
a 485 484 16 14
a 485 515 53 58
a 485 516 19 39
a 485 486 92 67
a 486 515 21 87
a 486 485 87 36
a 486 516 3 17
a 486 517 29 92
a 486 487 3 32
a 487 516 94 22
a 487 486 44 4
a 487 517 5 9
a 487 518 51 50
a 487 488 27 38
a 488 517 83 96
a 488 487 76 94
a 488 518 46 76
a 488 519 80 7
a 488 489 91 39
a 489 518 51 30
a 489 488 92 26
a 489 519 70 34
a 489 520 34 61
a 489 490 94 36
a 490 519 44 25
a 490 489 67 75
a 490 520 50 4
a 490 521 90 67
a 490 491 54 50
a 491 520 12 59
a 491 490 88 43
a 491 521 7 76
a 491 522 71 84
a 491 492 28 21
a 492 521 99 56
a 492 491 87 41
a 492 522 4 28
a 492 523 86 16
a 492 493 21 47
a 493 522 45 65
a 493 492 63 57
a 493 523 83 72
a 493 524 93 74
a 493 494 58 24
a 494 523 40 99
a 494 493 1 26
a 494 524 67 100
a 494 525 55 58
a 494 495 16 37
a 495 524 32 22
a 495 494 51 96
a 495 525 100 53
a 495 526 17 65
a 495 496 96 80
a 496 525 93 26
a 496 495 58 32
a 496 526 27 96
a 496 527 81 25
a 496 497 94 38
a 497 526 81 96
a 497 496 28 29
a 497 527 29 21
a 497 528 45 85
a 497 498 62 3
a 498 527 100 84
a 498 497 13 84
a 498 528 6 93
a 498 529 34 73
a 498 499 53 93
a 499 528 20 47
a 499 498 58 70
a 499 529 80 9
a 499 530 44 35
a 499 500 98 66
a 500 529 60 68
a 500 499 23 42
a 500 530 10 99
a 500 531 33 61
a 500 501 17 45
a 501 530 53 72
a 501 500 52 41
a 501 531 15 93
a 501 532 89 18
a 501 502 77 9
a 502 531 70 83
a 502 501 33 93
a 502 532 32 75
a 502 533 9 86
a 502 503 19 62
a 503 532 13 75
a 503 502 89 57
a 503 533 44 54
a 503 534 18 34
a 503 504 56 22
a 504 533 45 28
a 504 503 97 92
a 504 534 10 23
a 504 535 41 87
a 504 505 96 47
a 505 534 89 42
a 505 504 67 92
a 505 535 64 42
a 505 536 6 81
a 505 506 44 54
a 506 535 46 17
a 506 505 58 79
a 506 536 3 4
a 506 537 72 20
a 506 507 25 58
a 507 536 11 91
a 507 506 47 11
a 507 537 28 47
a 507 538 32 95
a 507 508 55 79
a 508 537 78 44
a 508 507 62 59
a 508 538 32 99
a 508 539 8 9
a 508 509 1 20
a 509 538 41 66
a 509 508 72 71
a 509 539 95 60
a 509 540 11 16
a 509 510 59 29
a 510 539 14 2
a 510 509 34 42
a 510 540 88 68
a 511 541 12 82
a 511 542 53 28
a 511 512 34 21
a 512 541 21 82
a 512 511 72 61
a 512 542 98 65
a 512 543 94 84
a 512 513 33 61
a 513 542 36 32
a 513 512 30 57
a 513 543 1 12
a 513 544 93 55
a 513 514 29 13
a 514 543 81 67
a 514 513 40 90
a 514 544 48 49
a 514 545 23 72
a 514 515 58 44
a 515 544 21 73
a 515 514 51 3
a 515 545 51 63
a 515 546 52 26
a 515 516 81 94
a 516 545 2 31
a 516 515 93 27
a 516 546 42 46
a 516 547 47 73
a 516 517 64 24
a 517 546 82 67
a 517 516 23 56
a 517 547 37 62
a 517 548 23 13
a 517 518 63 17
a 518 547 66 64
a 518 517 89 99
a 518 548 45 61
a 518 549 7 90
a 518 519 34 93
a 519 548 30 66
a 519 518 39 6
a 519 549 40 56
a 519 550 98 4
a 519 520 66 77
a 520 549 54 96
a 520 519 91 63
a 520 550 87 7
a 520 551 66 16
a 520 521 44 52
a 521 550 90 82
a 521 520 69 35
a 521 551 6 43
a 521 552 15 87
a 521 522 17 57
a 522 551 29 3
a 522 521 88 73
a 522 552 94 50
a 522 553 49 22
a 522 523 65 61
a 523 552 1 81
a 523 522 21 5
a 523 553 82 45
a 523 554 13 46
a 523 524 11 6
a 524 553 56 86
a 524 523 42 83
a 524 554 95 55
a 524 555 55 84
a 524 525 84 9
a 525 554 47 80
a 525 524 39 64
a 525 555 28 16
a 525 556 9 39
a 525 526 64 86
a 526 555 44 37
a 526 525 22 46
a 526 556 90 73
a 526 557 76 58
a 526 527 53 1
a 527 556 95 49
a 527 526 47 43
a 527 557 69 10
a 527 558 5 1
a 527 528 65 96
a 528 557 1 35
a 528 527 26 56
a 528 558 18 51
a 528 559 49 41
a 528 529 57 29
a 529 558 41 51
a 529 528 77 89
a 529 559 5 10
a 529 560 12 83
a 529 530 21 18
a 530 559 12 29
a 530 529 39 53
a 530 560 33 7
a 530 561 61 45
a 530 531 73 84
a 531 560 35 93
a 531 530 99 82
a 531 561 34 44
a 531 562 66 9
a 531 532 48 65
a 532 561 45 17
a 532 531 17 29
a 532 562 55 25
a 532 563 87 10
a 532 533 49 91
a 533 562 69 56
a 533 532 69 46
a 533 563 42 30
a 533 564 98 95
a 533 534 29 24
a 534 563 10 57
a 534 533 26 17
a 534 564 19 32
a 534 565 28 8
a 534 535 41 90
a 535 564 37 60
a 535 534 35 25
a 535 565 22 85
a 535 566 58 16
a 535 536 71 85
a 536 565 35 61
a 536 535 41 16
a 536 566 76 84
a 536 567 49 24
a 536 537 5 18
a 537 566 44 74
a 537 536 9 20
a 537 567 49 98
a 537 568 60 87
a 537 538 2 1
a 538 567 53 53
a 538 537 35 98
a 538 568 97 55
a 538 569 77 66
a 538 539 27 84
a 539 568 26 1
a 539 538 23 9
a 539 569 47 67
a 539 570 50 94
a 539 540 79 23
a 540 569 95 24
a 540 539 20 67
a 540 570 48 57
a 541 571 57 97
a 541 572 20 26
a 541 542 33 39
a 542 571 1 59
a 542 541 10 83
a 542 572 64 50
a 542 573 42 41
a 542 543 77 66
a 543 572 68 85
a 543 542 29 31
a 543 573 5 16
a 543 574 61 77
a 543 544 29 51
a 544 573 96 89
a 544 543 100 48
a 544 574 90 19
a 544 575 5 42
a 544 545 21 84
a 545 574 62 32
a 545 544 86 68
a 545 575 95 2
a 545 576 20 70
a 545 546 33 97
a 546 575 12 65
a 546 545 48 84
a 546 576 84 92
a 546 577 45 95
a 546 547 88 8
a 547 576 10 24
a 547 546 4 81
a 547 577 96 60
a 547 578 55 11
a 547 548 94 33
a 548 577 29 40
a 548 547 87 11
a 548 578 35 67
a 548 579 54 45
a 548 549 40 43
a 549 578 7 90
a 549 548 4 23
a 549 579 23 4
a 549 580 94 90
a 549 550 60 5
a 550 579 16 44
a 550 549 91 93
a 550 580 46 64
a 550 581 83 8
a 550 551 56 8
a 551 580 39 86
a 551 550 100 91
a 551 581 77 49
a 551 582 8 41
a 551 552 62 31
a 552 581 78 22
a 552 551 42 37
a 552 582 42 89
a 552 583 20 47
a 552 553 21 95
a 553 582 59 57
a 553 552 91 21
a 553 583 39 52
a 553 584 19 47
a 553 554 91 19
a 554 583 20 71
a 554 553 33 53
a 554 584 84 70
a 554 585 29 92
a 554 555 93 86
a 555 584 96 51
a 555 554 84 58
a 555 585 71 41
a 555 586 89 50
a 555 556 99 43
a 556 585 2 6
a 556 555 60 88
a 556 586 31 30
a 556 587 59 87
a 556 557 35 1
a 557 586 43 89
a 557 556 7 8
a 557 587 15 38
a 557 588 83 42
a 557 558 33 68
a 558 587 47 21
a 558 557 95 82
a 558 588 27 34
a 558 589 83 31
a 558 559 49 7
a 559 588 50 22
a 559 558 37 28
a 559 589 89 89
a 559 590 87 4
a 559 560 23 87
a 560 589 50 21
a 560 559 63 79
a 560 590 1 22
a 560 591 94 29
a 560 561 94 78
a 561 590 19 59
a 561 560 20 19
a 561 591 15 45
a 561 592 14 92
a 561 562 20 42
a 562 591 7 28
a 562 561 82 89
a 562 592 45 19
a 562 593 96 25
a 562 563 8 51
a 563 592 66 85
a 563 562 28 41
a 563 593 59 92
a 563 594 79 10
a 563 564 34 21
a 564 593 81 26
a 564 563 74 68
a 564 594 79 4
a 564 595 14 94
a 564 565 43 67
a 565 594 36 74
a 565 564 82 68
a 565 595 18 44
a 565 596 15 16
a 565 566 11 43
a 566 595 56 19
a 566 565 64 79
a 566 596 96 49
a 566 597 43 97
a 566 567 96 96
a 567 596 30 76
a 567 566 52 2
a 567 597 97 76
a 567 598 65 31
a 567 568 29 14
a 568 597 56 60
a 568 567 49 24
a 568 598 82 96
a 568 599 15 31
a 568 569 56 32
a 569 598 53 55
a 569 568 34 7
a 569 599 18 26
a 569 600 7 15
a 569 570 11 97
a 570 599 60 63
a 570 569 58 44
a 570 600 2 26
a 571 601 50 69
a 571 602 48 41
a 571 572 87 37
a 572 601 82 53
a 572 571 81 7
a 572 602 35 84
a 572 603 88 2
a 572 573 97 50
a 573 602 5 74
a 573 572 54 47
a 573 603 36 62
a 573 604 13 100
a 573 574 15 89
a 574 603 84 80
a 574 573 59 46
a 574 604 17 34
a 574 605 71 75
a 574 575 19 85
a 575 604 94 99
a 575 574 85 51
a 575 605 2 88
a 575 606 90 75
a 575 576 18 12
a 576 605 93 86
a 576 575 45 67
a 576 606 21 9
a 576 607 13 47
a 576 577 90 49
a 577 606 99 55
a 577 576 86 71
a 577 607 49 22
a 577 608 43 27
a 577 578 90 36
a 578 607 22 72
a 578 577 78 44
a 578 608 85 47
a 578 609 86 66
a 578 579 46 42
a 579 608 16 75
a 579 578 18 64
a 579 609 44 54
a 579 610 62 23
a 579 580 9 40
a 580 609 73 1
a 580 579 79 62
a 580 610 61 63
a 580 611 11 53
a 580 581 9 51
a 581 610 2 63
a 581 580 26 46
a 581 611 48 15
a 581 612 49 20
a 581 582 39 17
a 582 611 95 25
a 582 581 8 30
a 582 612 34 76
a 582 613 77 96
a 582 583 57 34
a 583 612 26 95
a 583 582 48 36
a 583 613 79 83
a 583 614 46 61
a 583 584 18 37
a 584 613 78 24
a 584 583 15 25
a 584 614 89 43
a 584 615 59 74
a 584 585 2 42
a 585 614 31 38
a 585 584 98 91
a 585 615 82 52
a 585 616 15 55
a 585 586 90 45
a 586 615 39 41
a 586 585 37 82
a 586 616 41 94
a 586 617 59 84
a 586 587 11 21
a 587 616 81 82
a 587 586 99 21
a 587 617 24 20
a 587 618 74 50
a 587 588 96 27
a 588 617 100 65
a 588 587 53 88
a 588 618 17 41
a 588 619 75 58
a 588 589 81 7
a 589 618 86 67
a 589 588 22 21
a 589 619 60 43
a 589 620 37 23
a 589 590 64 25
a 590 619 47 58
a 590 589 33 38
a 590 620 29 18
a 590 621 31 4
a 590 591 30 68
a 591 620 47 16
a 591 590 83 93
a 591 621 29 96
a 591 622 43 71
a 591 592 79 1
a 592 621 78 46
a 592 591 77 16
a 592 622 4 50
a 592 623 23 68
a 592 593 19 7
a 593 622 96 77
a 593 592 70 21
a 593 623 93 100
a 593 624 50 4
a 593 594 43 48
a 594 623 91 72
a 594 593 79 67
a 594 624 34 7
a 594 625 50 17
a 594 595 61 48
a 595 624 33 67
a 595 594 40 71
a 595 625 23 68
a 595 626 13 43
a 595 596 2 43
a 596 625 53 59
a 596 595 80 68
a 596 626 36 22
a 596 627 2 12
a 596 597 30 41
a 597 626 36 28
a 597 596 96 24
a 597 627 76 77
a 597 628 26 58
a 597 598 18 84
a 598 627 81 33
a 598 597 9 53
a 598 628 88 78
a 598 629 24 66
a 598 599 59 57
a 599 628 23 74
a 599 598 45 22
a 599 629 24 23
a 599 630 14 52
a 599 600 43 85
a 600 629 19 87
a 600 599 42 21
a 600 630 13 25
a 601 631 79 18
a 601 632 8 85
a 601 602 52 32
a 602 631 97 14
a 602 601 32 23
a 602 632 90 35
a 602 633 88 74
a 602 603 88 39
a 603 632 97 54
a 603 602 84 51
a 603 633 97 41
a 603 634 59 100
a 603 604 97 13
a 604 633 23 25
a 604 603 17 42
a 604 634 98 34
a 604 635 8 10
a 604 605 93 38
a 605 634 12 61
a 605 604 8 38
a 605 635 10 5
a 605 636 2 46
a 605 606 27 5
a 606 635 39 27
a 606 605 30 83
a 606 636 61 24
a 606 637 93 26
a 606 607 12 2
a 607 636 23 54
a 607 606 75 59
a 607 637 97 27
a 607 638 96 61
a 607 608 18 9
a 608 637 40 60
a 608 607 42 60
a 608 638 71 14
a 608 639 26 91
a 608 609 35 4
a 609 638 69 86
a 609 608 13 3
a 609 639 38 77
a 609 640 30 85
a 609 610 57 47
a 610 639 43 93
a 610 609 66 61
a 610 640 43 9
a 610 641 86 29
a 610 611 26 91
a 611 640 94 91
a 611 610 75 4
a 611 641 13 28
a 611 642 68 53
a 611 612 69 76
a 612 641 98 12
a 612 611 74 98
a 612 642 73 19
a 612 643 18 48
a 612 613 37 52
a 613 642 62 96
a 613 612 22 98
a 613 643 50 86
a 613 644 31 19
a 613 614 68 87
a 614 643 21 79
a 614 613 83 28
a 614 644 8 40
a 614 645 99 61
a 614 615 6 76
a 615 644 50 54
a 615 614 11 65
a 615 645 10 80
a 615 646 79 89
a 615 616 57 63
a 616 645 95 18
a 616 615 30 83
a 616 646 76 72
a 616 647 90 57
a 616 617 42 25
a 617 646 67 78
a 617 616 43 62
a 617 647 2 48
a 617 648 89 6
a 617 618 43 88
a 618 647 21 75
a 618 617 74 35
a 618 648 2 25
a 618 649 49 80
a 618 619 95 22
a 619 648 96 84
a 619 618 20 64
a 619 649 11 34
a 619 650 78 20
a 619 620 58 10
a 620 649 73 32
a 620 619 79 17
a 620 650 62 12
a 620 651 54 38
a 620 621 78 96
a 621 650 17 49
a 621 620 34 26
a 621 651 32 33
a 621 652 11 39
a 621 622 79 27
a 622 651 77 89
a 622 621 39 13
a 622 652 76 17
a 622 653 67 9
a 622 623 31 30
a 623 652 99 37
a 623 622 52 91
a 623 653 44 17
a 623 654 89 92
a 623 624 52 76
a 624 653 73 80
a 624 623 73 46
a 624 654 36 60
a 624 655 13 82
a 624 625 49 56
a 625 654 8 64
a 625 624 38 44
a 625 655 17 44
a 625 656 74 65
a 625 626 48 91
a 626 655 67 22
a 626 625 1 62
a 626 656 43 53
a 626 657 86 33
a 626 627 89 15
a 627 656 3 68
a 627 626 24 81
a 627 657 67 41
a 627 658 39 42
a 627 628 84 99
a 628 657 5 94
a 628 627 52 24
a 628 658 41 4
a 628 659 91 15
a 628 629 75 24
a 629 658 80 84
a 629 628 54 23
a 629 659 75 17
a 629 660 25 12
a 629 630 70 57
a 630 659 57 33
a 630 629 68 51
a 630 660 100 79
a 631 661 91 54
a 631 662 68 55
a 631 632 82 100
a 632 661 87 39
a 632 631 35 94
a 632 662 27 37
a 632 663 64 99
a 632 633 55 2
a 633 662 97 33
a 633 632 73 54
a 633 663 82 33
a 633 664 68 20
a 633 634 90 74
a 634 663 53 61
a 634 633 50 58
a 634 664 37 11
a 634 665 86 16
a 634 635 45 37
a 635 664 86 50
a 635 634 95 70
a 635 665 66 18
a 635 666 51 86
a 635 636 32 69
a 636 665 70 76
a 636 635 78 13
a 636 666 78 86
a 636 667 85 32
a 636 637 30 51
a 637 666 99 91
a 637 636 57 64
a 637 667 38 51
a 637 668 51 51
a 637 638 46 27
a 638 667 28 69
a 638 637 77 14
a 638 668 12 82
a 638 669 79 69
a 638 639 81 64
a 639 668 41 31
a 639 638 88 60
a 639 669 34 21
a 639 670 48 16
a 639 640 16 20
a 640 669 72 39
a 640 639 17 44
a 640 670 98 66
a 640 671 76 63
a 640 641 61 5
a 641 670 8 80
a 641 640 41 86
a 641 671 63 55
a 641 672 72 22
a 641 642 63 79
a 642 671 37 2
a 642 641 40 50
a 642 672 52 88
a 642 673 55 4
a 642 643 76 12
a 643 672 53 98
a 643 642 65 54
a 643 673 69 18
a 643 674 31 50
a 643 644 3 6
a 644 673 100 56
a 644 643 40 14
a 644 674 50 22
a 644 675 67 16
a 644 645 49 39
a 645 674 31 26
a 645 644 39 33
a 645 675 76 33
a 645 676 99 35
a 645 646 96 42
a 646 675 76 66
a 646 645 45 39
a 646 676 43 58
a 646 677 17 9
a 646 647 44 57
a 647 676 63 31
a 647 646 28 44
a 647 677 50 46
a 647 678 97 26
a 647 648 33 61
a 648 677 79 70
a 648 647 33 92
a 648 678 16 49
a 648 679 6 6
a 648 649 17 5
a 649 678 20 48
a 649 648 99 85
a 649 679 87 85
a 649 680 32 98
a 649 650 7 23
a 650 679 29 43
a 650 649 73 36
a 650 680 73 53
a 650 681 63 91
a 650 651 65 33
a 651 680 58 97
a 651 650 8 88
a 651 681 38 29
a 651 682 99 10
a 651 652 85 44
a 652 681 30 10
a 652 651 97 33
a 652 682 9 81
a 652 683 17 97
a 652 653 65 82
a 653 682 17 3
a 653 652 15 71
a 653 683 89 36
a 653 684 79 95
a 653 654 49 93
a 654 683 7 72
a 654 653 70 54
a 654 684 2 15
a 654 685 31 60
a 654 655 85 83
a 655 684 18 2
a 655 654 77 7
a 655 685 2 50
a 655 686 63 88
a 655 656 99 83
a 656 685 10 42
a 656 655 28 66
a 656 686 13 62
a 656 687 2 90
a 656 657 97 3
a 657 686 89 61
a 657 656 53 63
a 657 687 52 50
a 657 688 47 33
a 657 658 18 89
a 658 687 100 65
a 658 657 4 10
a 658 688 95 90
a 658 689 59 30
a 658 659 12 100
a 659 688 82 43
a 659 658 50 19
a 659 689 89 62
a 659 690 39 48
a 659 660 29 20
a 660 689 16 35
a 660 659 76 50
a 660 690 89 33
a 661 691 13 99
a 661 692 13 17
a 661 662 33 69
a 662 691 10 7
a 662 661 33 34
a 662 692 28 81
a 662 693 96 69
a 662 663 52 62
a 663 692 77 68
a 663 662 74 99
a 663 693 82 87
a 663 694 46 64
a 663 664 81 100
a 664 693 84 37
a 664 663 52 13
a 664 694 3 19
a 664 695 80 27
a 664 665 52 3
a 665 694 34 75
a 665 664 90 6
a 665 695 29 40
a 665 696 64 19
a 665 666 49 48
a 666 695 31 57
a 666 665 93 52
a 666 696 51 68
a 666 697 33 55
a 666 667 17 55
a 667 696 26 7
a 667 666 93 96
a 667 697 50 89
a 667 698 1 1
a 667 668 14 19
a 668 697 18 24
a 668 667 91 55
a 668 698 1 42
a 668 699 37 50
a 668 669 47 12
a 669 698 10 42
a 669 668 86 30
a 669 699 26 2
a 669 700 90 9
a 669 670 25 29
a 670 699 76 5
a 670 669 78 38
a 670 700 18 72
a 670 701 7 54
a 670 671 17 62
a 671 700 86 67
a 671 670 9 38
a 671 701 30 58
a 671 702 98 10
a 671 672 69 9
a 672 701 44 80
a 672 671 39 84
a 672 702 60 53
a 672 703 87 61
a 672 673 30 34
a 673 702 21 82
a 673 672 31 57
a 673 703 78 27
a 673 704 5 77
a 673 674 29 81
a 674 703 58 44
a 674 673 25 59
a 674 704 90 35
a 674 705 61 15
a 674 675 33 79
a 675 704 96 45
a 675 674 68 67
a 675 705 72 49
a 675 706 1 41
a 675 676 8 42
a 676 705 90 39
a 676 675 67 16
a 676 706 55 88
a 676 707 17 55
a 676 677 100 100
a 677 706 82 41
a 677 676 9 100
a 677 707 82 23
a 677 708 85 54
a 677 678 7 43
a 678 707 58 85
a 678 677 18 30
a 678 708 95 85
a 678 709 25 57
a 678 679 18 59
a 679 708 94 18
a 679 678 77 57
a 679 709 53 87
a 679 710 99 65
a 679 680 29 41
a 680 709 51 7
a 680 679 96 71
a 680 710 76 25
a 680 711 10 98
a 680 681 98 15
a 681 710 79 33
a 681 680 90 19
a 681 711 80 4
a 681 712 61 75
a 681 682 10 45
a 682 711 85 19
a 682 681 21 47
a 682 712 64 82
a 682 713 49 45
a 682 683 31 86
a 683 712 86 63
a 683 682 8 96
a 683 713 77 34
a 683 714 85 17
a 683 684 64 22
a 684 713 8 98
a 684 683 51 38
a 684 714 16 10
a 684 715 78 78
a 684 685 85 12
a 685 714 99 88
a 685 684 65 16
a 685 715 100 98
a 685 716 15 40
a 685 686 78 29
a 686 715 64 76
a 686 685 25 48
a 686 716 41 82
a 686 717 32 3
a 686 687 72 64
a 687 716 65 85
a 687 686 92 11
a 687 717 14 25
a 687 718 64 66
a 687 688 59 18
a 688 717 89 76
a 688 687 32 15
a 688 718 39 23
a 688 719 96 95
a 688 689 1 78
a 689 718 8 40
a 689 688 69 30
a 689 719 97 52
a 689 720 83 73
a 689 690 20 65
a 690 719 63 31
a 690 689 88 65
a 690 720 22 58
a 691 721 52 26
a 691 722 26 34
a 691 692 48 91
a 692 721 71 55
a 692 691 97 13
a 692 722 45 64
a 692 723 40 34
a 692 693 44 52
a 693 722 14 28
a 693 692 50 54
a 693 723 83 86
a 693 724 38 49
a 693 694 63 20
a 694 723 24 38
a 694 693 54 72
a 694 724 78 4
a 694 725 28 78
a 694 695 23 27
a 695 724 84 56
a 695 694 47 73
a 695 725 30 27
a 695 726 82 30
a 695 696 65 63
a 696 725 6 90
a 696 695 66 73
a 696 726 91 57
a 696 727 59 27
a 696 697 6 58
a 697 726 56 100
a 697 696 30 21
a 697 727 11 12
a 697 728 55 32
a 697 698 8 88
a 698 727 86 45
a 698 697 88 18
a 698 728 39 47
a 698 729 4 40
a 698 699 14 6
a 699 728 74 49
a 699 698 12 88
a 699 729 11 6
a 699 730 1 42
a 699 700 80 12
a 700 729 91 29
a 700 699 14 67
a 700 730 53 15
a 700 731 2 75
a 700 701 23 2
a 701 730 91 33
a 701 700 32 35
a 701 731 7 58
a 701 732 65 71
a 701 702 37 8
a 702 731 41 16
a 702 701 84 82
a 702 732 65 3
a 702 733 81 43
a 702 703 87 55
a 703 732 22 75
a 703 702 52 88
a 703 733 23 42
a 703 734 34 37
a 703 704 88 50
a 704 733 88 2
a 704 703 13 7
a 704 734 55 78
a 704 735 26 98
a 704 705 59 83
a 705 734 70 36
a 705 704 76 79
a 705 735 10 9
a 705 736 95 49
a 705 706 40 49
a 706 735 49 65
a 706 705 38 25
a 706 736 2 17
a 706 737 50 11
a 706 707 56 71
a 707 736 52 89
a 707 706 95 4
a 707 737 26 97
a 707 738 49 78
a 707 708 56 27
a 708 737 59 90
a 708 707 47 31
a 708 738 38 60
a 708 739 65 85
a 708 709 92 72
a 709 738 8 67
a 709 708 32 55
a 709 739 76 66
a 709 740 97 47
a 709 710 19 69
a 710 739 67 56
a 710 709 46 12
a 710 740 43 96
a 710 741 38 29
a 710 711 61 22
a 711 740 94 29
a 711 710 97 8
a 711 741 37 13
a 711 742 84 38
a 711 712 4 39
a 712 741 89 63
a 712 711 73 29
a 712 742 34 71
a 712 743 91 30
a 712 713 32 30
a 713 742 22 77
a 713 712 100 57
a 713 743 43 18
a 713 744 50 35
a 713 714 41 39
a 714 743 20 43
a 714 713 12 48
a 714 744 51 33
a 714 745 62 59
a 714 715 88 11
a 715 744 32 84
a 715 714 18 94
a 715 745 79 36
a 715 746 57 46
a 715 716 8 41
a 716 745 53 86
a 716 715 51 10
a 716 746 33 38
a 716 747 59 73
a 716 717 98 79
a 717 746 39 27
a 717 716 52 1
a 717 747 64 72
a 717 748 43 81
a 717 718 84 92
a 718 747 88 96
a 718 717 61 98
a 718 748 63 1
a 718 749 6 51
a 718 719 97 55
a 719 748 94 75
a 719 718 94 92
a 719 749 50 33
a 719 750 53 98
a 719 720 89 68
a 720 749 56 26
a 720 719 8 94
a 720 750 3 71
a 721 751 13 56
a 721 752 10 77
a 721 722 81 5
a 722 751 75 12
a 722 721 78 94
a 722 752 99 37
a 722 753 30 87
a 722 723 12 35
a 723 752 38 43
a 723 722 92 54
a 723 753 71 57
a 723 754 61 74
a 723 724 78 82
a 724 753 32 39
a 724 723 24 84
a 724 754 21 54
a 724 755 1 50
a 724 725 56 83
a 725 754 34 45
a 725 724 70 29
a 725 755 7 20
a 725 756 23 76
a 725 726 59 43
a 726 755 8 86
a 726 725 11 39
a 726 756 43 90
a 726 757 1 10
a 726 727 87 73
a 727 756 25 45
a 727 726 93 26
a 727 757 15 76
a 727 758 36 78
a 727 728 12 33
a 728 757 45 61
a 728 727 64 9
a 728 758 24 32
a 728 759 89 44
a 728 729 3 80
a 729 758 65 80
a 729 728 41 95
a 729 759 54 85
a 729 760 58 23
a 729 730 11 65
a 730 759 85 88
a 730 729 47 87
a 730 760 13 60
a 730 761 77 98
a 730 731 38 90
a 731 760 40 28
a 731 730 60 94
a 731 761 18 8
a 731 762 21 5
a 731 732 12 13
a 732 761 47 72
a 732 731 32 17
a 732 762 13 39
a 732 763 62 15
a 732 733 71 97
a 733 762 90 61
a 733 732 38 43
a 733 763 67 33
a 733 764 98 3
a 733 734 19 98
a 734 763 30 79
a 734 733 50 48
a 734 764 62 6
a 734 765 55 14
a 734 735 41 27
a 735 764 87 9
a 735 734 30 20
a 735 765 9 38
a 735 766 30 98
a 735 736 4 99
a 736 765 20 48
a 736 735 87 42
a 736 766 95 18
a 736 767 10 99
a 736 737 85 69
a 737 766 7 30
a 737 736 97 96
a 737 767 48 74
a 737 768 15 89
a 737 738 1 40
a 738 767 89 7
a 738 737 42 71
a 738 768 78 80
a 738 769 70 96
a 738 739 71 60
a 739 768 75 98
a 739 738 41 1
a 739 769 74 45
a 739 770 86 8
a 739 740 32 17
a 740 769 10 33
a 740 739 22 27
a 740 770 21 90
a 740 771 90 28
a 740 741 95 80
a 741 770 70 73
a 741 740 23 100
a 741 771 19 62
a 741 772 21 92
a 741 742 32 58
a 742 771 16 88
a 742 741 76 72
a 742 772 100 26
a 742 773 59 26
a 742 743 90 14
a 743 772 92 87
a 743 742 16 94
a 743 773 88 31
a 743 774 16 61
a 743 744 35 71
a 744 773 42 90
a 744 743 84 98
a 744 774 46 83
a 744 775 11 8
a 744 745 16 45
a 745 774 91 52
a 745 744 18 18
a 745 775 7 53
a 745 776 64 53
a 745 746 86 23
a 746 775 87 55
a 746 745 22 25
a 746 776 68 31
a 746 777 6 73
a 746 747 38 25
a 747 776 16 75
a 747 746 75 34
a 747 777 94 6
a 747 778 67 72
a 747 748 29 75
a 748 777 62 42
a 748 747 96 23
a 748 778 48 80
a 748 779 59 37
a 748 749 16 21
a 749 778 67 43
a 749 748 90 68
a 749 779 83 63
a 749 780 14 93
a 749 750 86 26
a 750 779 73 73
a 750 749 40 16
a 750 780 59 26
a 751 781 99 93
a 751 782 100 6
a 751 752 46 36
a 752 781 1 26
a 752 751 97 55
a 752 782 46 92
a 752 783 76 80
a 752 753 81 66
a 753 782 63 67
a 753 752 82 45
a 753 783 23 85
a 753 784 94 9
a 753 754 77 9
a 754 783 71 22
a 754 753 96 57
a 754 784 86 1
a 754 785 89 68
a 754 755 52 27
a 755 784 25 95
a 755 754 63 23
a 755 785 95 86
a 755 786 12 26
a 755 756 35 74
a 756 785 19 52
a 756 755 56 57
a 756 786 83 81
a 756 787 53 10
a 756 757 4 24
a 757 786 32 54
a 757 756 27 99
a 757 787 7 88
a 757 788 96 23
a 757 758 39 78
a 758 787 87 36
a 758 757 71 28
a 758 788 33 29
a 758 789 7 31
a 758 759 83 7
a 759 788 12 6
a 759 758 85 91
a 759 789 43 25
a 759 790 45 34
a 759 760 5 84
a 760 789 11 36
a 760 759 25 46
a 760 790 69 65
a 760 791 46 60
a 760 761 76 57
a 761 790 73 44
a 761 760 82 12
a 761 791 71 71
a 761 792 35 10
a 761 762 23 67
a 762 791 42 27
a 762 761 90 26
a 762 792 64 47
a 762 793 92 25
a 762 763 57 17
a 763 792 96 37
a 763 762 12 95
a 763 793 66 36
a 763 794 14 68
a 763 764 16 80
a 764 793 47 85
a 764 763 67 73
a 764 794 16 57
a 764 795 51 72
a 764 765 64 75
a 765 794 41 84
a 765 764 46 38
a 765 795 2 24
a 765 796 77 45
a 765 766 20 52
a 766 795 30 37
a 766 765 6 14
a 766 796 3 20
a 766 797 53 25
a 766 767 93 40
a 767 796 26 97
a 767 766 21 85
a 767 797 53 81
a 767 798 37 96
a 767 768 79 3
a 768 797 98 93
a 768 767 95 98
a 768 798 57 23
a 768 799 59 26
a 768 769 37 100
a 769 798 17 91
a 769 768 8 44
a 769 799 82 32
a 769 800 28 83
a 769 770 84 36
a 770 799 66 32
a 770 769 68 96
a 770 800 6 100
a 770 801 78 89
a 770 771 77 20
a 771 800 92 7
a 771 770 55 19
a 771 801 51 43
a 771 802 49 27
a 771 772 66 54
a 772 801 55 56
a 772 771 13 12
a 772 802 88 70
a 772 803 57 97
a 772 773 10 37
a 773 802 93 18
a 773 772 18 28
a 773 803 81 35
a 773 804 18 70
a 773 774 72 68
a 774 803 37 54
a 774 773 33 46
a 774 804 84 85
a 774 805 43 98
a 774 775 33 86
a 775 804 18 41
a 775 774 34 97
a 775 805 26 87
a 775 806 69 9
a 775 776 30 94
a 776 805 3 84
a 776 775 10 98
a 776 806 68 6
a 776 807 89 47
a 776 777 4 59
a 777 806 98 27
a 777 776 68 2
a 777 807 63 50
a 777 808 92 99
a 777 778 5 4
a 778 807 34 3
a 778 777 44 71
a 778 808 53 67
a 778 809 6 31
a 778 779 31 47
a 779 808 26 99
a 779 778 57 42
a 779 809 82 44
a 779 810 24 28
a 779 780 53 28
a 780 809 21 39
a 780 779 76 89
a 780 810 26 95
a 781 811 2 85
a 781 812 65 93
a 781 782 8 51
a 782 811 94 79
a 782 781 67 20
a 782 812 13 10
a 782 813 11 44
a 782 783 26 17
a 783 812 12 59
a 783 782 85 14
a 783 813 72 45
a 783 814 2 71
a 783 784 5 34
a 784 813 13 27
a 784 783 46 18
a 784 814 76 74
a 784 815 33 61
a 784 785 17 7
a 785 814 3 87
a 785 784 43 81
a 785 815 80 80
a 785 816 98 15
a 785 786 83 6
a 786 815 35 34
a 786 785 85 44
a 786 816 78 36
a 786 817 34 44
a 786 787 31 90
a 787 816 52 25
a 787 786 60 21
a 787 817 32 19
a 787 818 8 75
a 787 788 77 63
a 788 817 37 86
a 788 787 48 50
a 788 818 37 79
a 788 819 74 15
a 788 789 63 41
a 789 818 56 18
a 789 788 25 15
a 789 819 28 61
a 789 820 62 96
a 789 790 43 37
a 790 819 86 30
a 790 789 59 17
a 790 820 61 43
a 790 821 67 55
a 790 791 21 89
a 791 820 97 91
a 791 790 65 88
a 791 821 94 71
a 791 822 38 63
a 791 792 38 69
a 792 821 82 43
a 792 791 100 60
a 792 822 32 28
a 792 823 26 97
a 792 793 19 78
a 793 822 6 73
a 793 792 95 55
a 793 823 45 73
a 793 824 53 28
a 793 794 61 75
a 794 823 52 97
a 794 793 30 33
a 794 824 64 55
a 794 825 81 3
a 794 795 52 13
a 795 824 51 1
a 795 794 21 31
a 795 825 14 87
a 795 826 73 8
a 795 796 71 78
a 796 825 2 70
a 796 795 93 36
a 796 826 34 36
a 796 827 62 63
a 796 797 8 68
a 797 826 75 62
a 797 796 27 15
a 797 827 99 77
a 797 828 24 30
a 797 798 100 72
a 798 827 42 42
a 798 797 66 65
a 798 828 33 69
a 798 829 41 59
a 798 799 22 40
a 799 828 46 98
a 799 798 43 93
a 799 829 39 100
a 799 830 84 62
a 799 800 100 1
a 800 829 2 23
a 800 799 45 60
a 800 830 61 2
a 800 831 64 7
a 800 801 47 97
a 801 830 1 50
a 801 800 32 98
a 801 831 23 75
a 801 832 61 3
a 801 802 11 81
a 802 831 10 19
a 802 801 23 66
a 802 832 25 14
a 802 833 56 43
a 802 803 32 85
a 803 832 96 57
a 803 802 91 54
a 803 833 7 38
a 803 834 82 3
a 803 804 39 67
a 804 833 46 21
a 804 803 71 48
a 804 834 71 1
a 804 835 37 60
a 804 805 19 66
a 805 834 11 92
a 805 804 2 47
a 805 835 87 27
a 805 836 45 61
a 805 806 36 25
a 806 835 42 16
a 806 805 97 49
a 806 836 78 87
a 806 837 82 56
a 806 807 46 93
a 807 836 97 80
a 807 806 41 56
a 807 837 98 38
a 807 838 6 54
a 807 808 8 57
a 808 837 45 75
a 808 807 8 20
a 808 838 36 66
a 808 839 10 95
a 808 809 28 26
a 809 838 55 53
a 809 808 63 100
a 809 839 20 58
a 809 840 68 16
a 809 810 96 12
a 810 839 82 54
a 810 809 61 24
a 810 840 35 36
a 811 841 82 1
a 811 842 77 30
a 811 812 25 40
a 812 841 52 5
a 812 811 72 26
a 812 842 51 48
a 812 843 59 63
a 812 813 91 81
a 813 842 4 51
a 813 812 42 21
a 813 843 4 72
a 813 844 37 12
a 813 814 14 40
a 814 843 73 52
a 814 813 97 13
a 814 844 41 24
a 814 845 55 76
a 814 815 29 76
a 815 844 36 46
a 815 814 84 80
a 815 845 94 70
a 815 846 11 54
a 815 816 11 35
a 816 845 17 18
a 816 815 97 44
a 816 846 55 58
a 816 847 67 47
a 816 817 45 79
a 817 846 84 52
a 817 816 72 99
a 817 847 85 45
a 817 848 27 60
a 817 818 57 63
a 818 847 37 97
a 818 817 84 83
a 818 848 49 20
a 818 849 10 98
a 818 819 36 36
a 819 848 45 66
a 819 818 61 58
a 819 849 93 35
a 819 850 74 68
a 819 820 57 55
a 820 849 36 77
a 820 819 7 99
a 820 850 9 80
a 820 851 22 34
a 820 821 29 20
a 821 850 80 75
a 821 820 41 65
a 821 851 50 67
a 821 852 62 17
a 821 822 44 40
a 822 851 59 90
a 822 821 89 34
a 822 852 70 31
a 822 853 28 17
a 822 823 96 58
a 823 852 67 4
a 823 822 97 30
a 823 853 37 5
a 823 854 10 95
a 823 824 79 81
a 824 853 59 92
a 824 823 100 27
a 824 854 65 99
a 824 855 53 21
a 824 825 72 60
a 825 854 52 48
a 825 824 15 35
a 825 855 97 74
a 825 856 1 83
a 825 826 3 25
a 826 855 72 46
a 826 825 65 82
a 826 856 25 95
a 826 857 56 23
a 826 827 42 4
a 827 856 41 78
a 827 826 92 4
a 827 857 93 32
a 827 858 30 24
a 827 828 30 43
a 828 857 79 35
a 828 827 54 33
a 828 858 36 32
a 828 859 78 29
a 828 829 90 97
a 829 858 40 15
a 829 828 94 6
a 829 859 14 76
a 829 860 4 35
a 829 830 30 84
a 830 859 38 82
a 830 829 12 81
a 830 860 17 9
a 830 861 35 93
a 830 831 95 100
a 831 860 96 64
a 831 830 15 92
a 831 861 98 35
a 831 862 27 5
a 831 832 71 45
a 832 861 56 89
a 832 831 12 88
a 832 862 83 54
a 832 863 54 28
a 832 833 33 41
a 833 862 89 41
a 833 832 13 38
a 833 863 11 30
a 833 864 86 34
a 833 834 78 47
a 834 863 64 74
a 834 833 92 55
a 834 864 92 66
a 834 865 76 11
a 834 835 15 33
a 835 864 93 88
a 835 834 36 76
a 835 865 55 83
a 835 866 22 19
a 835 836 22 40
a 836 865 14 11
a 836 835 27 13
a 836 866 63 3
a 836 867 43 41
a 836 837 87 34
a 837 866 66 89
a 837 836 5 68
a 837 867 37 17
a 837 868 17 73
a 837 838 16 4
a 838 867 12 37
a 838 837 99 87
a 838 868 39 12
a 838 869 13 29
a 838 839 59 93
a 839 868 66 1
a 839 838 41 24
a 839 869 46 100
a 839 870 48 99
a 839 840 51 90
a 840 869 28 11
a 840 839 88 23
a 840 870 39 67
a 841 871 80 11
a 841 872 31 21
a 841 842 22 55
a 842 871 71 24
a 842 841 31 2
a 842 872 66 51
a 842 873 14 9
a 842 843 50 84
a 843 872 69 36
a 843 842 3 77
a 843 873 4 59
a 843 874 61 91
a 843 844 55 68
a 844 873 80 81
a 844 843 46 82
a 844 874 81 70
a 844 875 80 59
a 844 845 18 26
a 845 874 50 19
a 845 844 78 87
a 845 875 49 85
a 845 876 32 24
a 845 846 3 84
a 846 875 60 95
a 846 845 19 23
a 846 876 88 60
a 846 877 15 13
a 846 847 24 14
a 847 876 4 29
a 847 846 88 54
a 847 877 29 69
a 847 878 24 23
a 847 848 82 18
a 848 877 74 61
a 848 847 24 32
a 848 878 3 70
a 848 879 14 4
a 848 849 28 90
a 849 878 38 16
a 849 848 16 87
a 849 879 74 59
a 849 880 47 99
a 849 850 98 98
a 850 879 84 2
a 850 849 78 59
a 850 880 40 87
a 850 881 53 24
a 850 851 58 2
a 851 880 18 16
a 851 850 54 44
a 851 881 92 99
a 851 882 2 16
a 851 852 13 87
a 852 881 41 64
a 852 851 92 72
a 852 882 18 87
a 852 883 71 80
a 852 853 66 96
a 853 882 76 15
a 853 852 74 100
a 853 883 44 39
a 853 884 3 21
a 853 854 95 16
a 854 883 85 25
a 854 853 7 29
a 854 884 35 69
a 854 885 66 11
a 854 855 93 95
a 855 884 67 86
a 855 854 28 7
a 855 885 77 73
a 855 886 91 89
a 855 856 53 66
a 856 885 27 61
a 856 855 47 12
a 856 886 28 35
a 856 887 35 82
a 856 857 19 95
a 857 886 93 1
a 857 856 16 6
a 857 887 69 9
a 857 888 93 35
a 857 858 15 88
a 858 887 14 72
a 858 857 52 61
a 858 888 73 96
a 858 889 86 9
a 858 859 62 14
a 859 888 17 24
a 859 858 11 17
a 859 889 66 52
a 859 890 69 4
a 859 860 98 6
a 860 889 58 61
a 860 859 12 6
a 860 890 16 77
a 860 891 17 87
a 860 861 12 38
a 861 890 73 11
a 861 860 88 94
a 861 891 79 35
a 861 892 63 56
a 861 862 57 60
a 862 891 11 41
a 862 861 42 96
a 862 892 65 89
a 862 893 77 91
a 862 863 77 43
a 863 892 90 88
a 863 862 97 11
a 863 893 49 39
a 863 894 47 56
a 863 864 75 77
a 864 893 92 47
a 864 863 65 20
a 864 894 28 63
a 864 895 57 66
a 864 865 8 73
a 865 894 8 37
a 865 864 58 4
a 865 895 30 29
a 865 896 15 3
a 865 866 51 37
a 866 895 61 96
a 866 865 87 48
a 866 896 4 9
a 866 897 62 20
a 866 867 79 37
a 867 896 42 2
a 867 866 100 20
a 867 897 4 98
a 867 898 44 92
a 867 868 9 36
a 868 897 2 69
a 868 867 53 16
a 868 898 76 32
a 868 899 25 50
a 868 869 51 93
a 869 898 18 51
a 869 868 92 70
a 869 899 31 69
a 869 900 26 96
a 869 870 1 30
a 870 899 20 24
a 870 869 99 25
a 870 900 65 51
