VF 10 1024 1 0 110.786 101.5 101.5 4 89.0 113.46875
VF 10 1024 1 1 135.014 95.75 95.75 2 76.5 106.71875
VF 10 1024 1 2 326.953 92.25 92.25 4 72.5 109.75
VF 10 1024 1 3 544.792 83.5 83.5 5 72.0 100.21875
VF 10 1024 1 4 608.363 115.4375 115.4375 4 84.5 122.8515625
VF 10 1024 1 5 906.957 91.0 91.0 5 75.0 112.75
VF 10 1024 1 6 515.53 121.5 121.5 2 104.5 131.28125
VF 10 1024 1 7 773.214 134.5 134.5 3 126.0 146.921875
VF 10 1024 1 8 1274.89 122.75 122.75 5 115.5 140.875
VF 10 1024 1 9 958.138 104.25 104.25 3 85.5 121.28125
VF 10 1024 2 0 1837.119 106.75 106.75 6 89.0 113.46875
VF 10 1024 2 1 862.097 104.75 104.75 2 76.5 106.71875
VF 10 1024 2 2 1561.787 106.25 106.25 4 72.5 109.75
VF 10 1024 2 3 3122.826 89.0 89.0 8 72.0 100.21875
VF 10 1024 2 4 348.622 116.78125 116.78125 8 84.5 122.8515625
VF 10 1024 2 5 535.748 102.875 102.875 6 75.0 112.75
VF 10 1024 2 6 540.795 129.125 129.125 4 104.5 131.28125
VF 10 1024 2 7 1001.049 137.125 137.125 6 126.0 146.921875
VF 10 1024 2 8 310.608 132.5 132.5 8 115.5 140.875
VF 10 1024 2 9 260.561 118.0 118.0 3 85.5 121.28125
VF 10 1024 3 0 153.599 111.375 111.375 6 0.0 0.0
VF 10 1024 3 1 146.972 104.75 104.75 3 0.0 0.0
VF 10 1024 3 2 122.905 109.75 109.74999999999415 2 0.0 0.0
VF 10 1024 3 3 249.164 95.25 95.25 8 0.0 0.0
VF 10 1024 3 4 592.733 118.625 118.625 8 0.0 0.0
VF 10 1024 3 5 637.847 107.8125 107.8125 6 0.0 0.0
VF 10 1024 3 6 228.223 130.375 130.375 7 0.0 0.0
VF 10 1024 3 7 596.029 140.5625 140.5625 8 0.0 0.0
VF 10 1024 3 8 389.244 140.125 140.125 4 0.0 0.0
VF 10 1024 3 9 222.574 121.28125 121.28125 2 0.0 0.0
VF 10 1024 4 0 10.109 113.46875 113.46875 1 0.0 0.0
VF 10 1024 4 1 186.344 106.71875 106.71875 6 0.0 0.0
VF 10 1024 4 2 161.034 109.75 109.74999999999415 3 0.0 0.0
VF 10 1024 4 3 28.562 99.90625 99.90625 2 0.0 0.0
VF 10 1024 4 4 302.677 121.25 121.25 7 0.0 0.0
VF 10 1024 4 5 267.359 111.84375 111.84375 4 0.0 0.0
VF 10 1024 4 6 176.693 131.25 131.25 6 0.0 0.0
VF 10 1024 4 7 449.382 143.03125 143.03125 7 0.0 0.0
VF 10 1024 4 8 76.306 140.875 140.875 1 0.0 0.0
VF 10 1024 4 9 263.37 121.28125 121.28125 3 0.0 0.0

************************************** HAT B ********************************************************************

Heuristics 10 1024 0 0 0.0 45.158 0.0 0.0 113.46875 0.0 113.46875 0.0 5
Heuristics 10 1024 0 1 0.0 100.568 0.0 0.0 106.71875 0.0 106.71875 0.0 5
Heuristics 10 1024 0 2 0.0 114.518 0.0 0.0 109.75 0.0 109.75 0.0 4
Heuristics 10 1024 0 3 0.0 144.364 0.0 0.0 100.21875 0.0 100.21875 0.0 5
Heuristics 10 1024 0 4 0.0 150.248 0.0 0.0 122.8515625 0.0 122.8515625 0.0 7
Heuristics 10 1024 0 5 0.0 173.8 0.0 0.0 112.75 0.0 112.75 0.0 5
Heuristics 10 1024 0 6 0.0 214.456 0.0 0.0 131.28125 0.0 131.28125 0.0 6
Heuristics 10 1024 0 7 0.0 217.772 0.0 0.0 146.921875 0.0 146.921875 0.0 6
Heuristics 10 1024 0 8 0.0 206.989 0.0 0.0 140.875 0.0 140.875 0.0 4
Heuristics 10 1024 0 9 0.0 294.691 0.0 0.0 121.28125 0.0 121.28125 0.0 5
Heuristics 10 1024 0 0 0.0 0.0 0.0 0.0 0.0 0.0 0.0 0.0 0
Heuristics 10 1024 0 1 0.0 0.0 0.0 0.0 0.0 0.0 0.0 0.0 0
Heuristics 10 1024 0 2 0.0 0.0 0.0 0.0 0.0 0.0 0.0 0.0 0
Heuristics 10 1024 0 3 0.0 0.0 0.0 0.0 0.0 0.0 0.0 0.0 0
Heuristics 10 1024 0 4 0.0 0.0 0.0 0.0 0.0 0.0 0.0 0.0 0
Heuristics 10 1024 0 5 0.0 0.0 0.0 0.0 0.0 0.0 0.0 0.0 0
Heuristics 10 1024 0 6 0.0 0.0 0.0 0.0 0.0 0.0 0.0 0.0 0
Heuristics 10 1024 0 7 0.0 0.0 0.0 0.0 0.0 0.0 0.0 0.0 0
Heuristics 10 1024 0 8 0.0 0.0 0.0 0.0 0.0 0.0 0.0 0.0 0
Heuristics 10 1024 0 9 0.0 0.0 0.0 0.0 0.0 0.0 0.0 0.0 0
