Heuristics 20 10 1 0 3.637 1.307 0.7229999999999999 263.3 336.8 291.3 291.3 291.3 9
Heuristics 20 10 1 1 2.263 5.668 0.6559999999999997 226.2 308.7 252.0 252.0 252.0 10
Heuristics 20 10 1 2 1.596 1.3639999999999999 1.0739999999999998 170.9 233.4 193.0 193.0 193.0 12
Heuristics 20 10 1 3 1.703 2.7989999999999995 0.6020000000000003 210.6 277.9 230.6 230.6 230.6 10
Heuristics 20 10 1 4 2.198 1.709 0.46499999999999986 263.8 337.1 278.2 278.2 278.2 12
Heuristics 20 10 1 5 1.456 1.7920000000000003 0.4339999999999997 247.3 309.0 263.8 263.8 263.8 10
Heuristics 20 10 1 6 1.532 1.673 0.2959999999999998 233.6 313.6 251.9 251.9 251.9 12
Heuristics 20 10 1 7 1.639 3.9269999999999996 0.6630000000000003 192.4 255.9 214.4 214.4 214.4 10
Heuristics 20 10 1 8 0.524 1.4 0.8050000000000002 239.8 295.3 267.0 267.0 267.0 10
Heuristics 20 10 1 9 0.701 2.135 1.6880000000000002 220.7 302.8 242.3 250.1 242.3 11
Heuristics 20 10 3 0 0.965 1.4650000000000003 3.5909999999999997 263.3 336.8 302.9 295.7 303.4 9
Heuristics 20 10 3 1 1.082 1.087 2.736 226.2 308.7 249.4 278.0 281.4 10
Heuristics 20 10 3 2 1.306 1.251 1.762 170.9 233.4 193.0 205.8 204.2 12
Heuristics 20 10 3 3 0.814 0.904 1.6869999999999998 210.6 277.9 248.2 254.6 254.6 10
Heuristics 20 10 3 4 1.065 0.9540000000000002 1.444 263.8 337.1 297.7 304.2 304.2 12
Heuristics 20 10 3 5 0.716 0.7790000000000001 1.338 247.3 309.0 275.1 279.9 279.9 10
Heuristics 20 10 3 6 0.726 0.8800000000000001 1.8259999999999998 233.6 313.6 272.1 263.7 281.7 12
Heuristics 20 10 3 7 0.866 1.0779999999999998 2.1690000000000005 192.4 255.9 217.4 238.5 238.5 10
Heuristics 20 10 3 8 0.655 0.889 2.842 239.8 295.3 248.4 279.8 283.7 10
Heuristics 20 10 3 9 0.798 0.984 2.327 220.7 302.8 259.7 251.9 278.7 11
Heuristics 20 10 6 0 1.232 1.753 2.943 263.3 336.8 318.2 330.1 330.5 9
Heuristics 20 10 6 1 1.328 1.378 2.2500000000000004 226.2 308.7 273.6 297.9 304.4 10
Heuristics 20 10 6 2 1.562 1.8659999999999999 3.2830000000000004 170.9 233.4 206.3 219.4 225.2 12
Heuristics 20 10 6 3 1.628 1.4760000000000002 2.101 210.6 277.9 257.5 275.4 275.4 10
Heuristics 20 10 6 4 2.043 2.1479999999999997 2.7010000000000005 263.8 337.1 304.3 328.3 330.2 12
Heuristics 20 10 6 5 1.319 1.866 2.382 247.3 309.0 265.3 293.1 300.6 10
Heuristics 20 10 6 6 2.221 1.682 2.264 233.6 313.6 278.4 298.9 311.9 12
Heuristics 20 10 6 7 1.786 1.8119999999999998 2.433 192.4 255.9 229.7 249.0 250.2 10
Heuristics 20 10 6 8 1.406 2.2060000000000004 3.1710000000000003 239.8 295.3 286.6 293.8 293.5 10
Heuristics 20 10 6 9 1.445 1.9879999999999998 2.9830000000000005 220.7 302.8 273.3 290.5 296.2 11
Heuristics 20 30 1 0 3.547 2.3639999999999994 2.0660000000000007 250.1 334.93333333333334 280.1 280.1 280.1 9
Heuristics 20 30 1 1 3.881 9.107 2.3529999999999998 212.0 294.4 235.33333333333334 235.33333333333334 235.33333333333334 12
Heuristics 20 30 1 2 2.536 1.9369999999999998 1.7599999999999998 184.3667 263.5 208.66666666666666 208.66666666666666 208.66666666666666 13
Heuristics 20 30 1 3 2.107 5.196 2.6819999999999995 181.6333 271.6666666666667 208.93333333333334 208.93333333333334 208.93333333333334 12
Heuristics 20 30 1 4 4.653 3.3709999999999996 2.099 228.7 323.4 248.2 254.7 254.7 13
Heuristics 20 30 1 5 3.0 3.713 1.112 240.5333 304.3 257.03333333333336 257.03333333333336 257.03333333333336 12
Heuristics 20 30 1 6 3.035 3.441 1.1210000000000004 223.2667 314.6666666666667 244.5 244.5 244.5 13
Heuristics 20 30 1 7 2.106 6.002000000000001 2.484 195.3333 255.8 213.66666666666666 213.66666666666666 213.66666666666666 12
Heuristics 20 30 1 8 2.485 3.3320000000000003 2.334999999999999 260.7667 321.6 278.9 278.9 278.9 12
Heuristics 20 30 1 9 2.545 4.214 2.3520000000000003 230.3333 316.73333333333335 253.23333333333332 253.23333333333332 253.23333333333332 12
Heuristics 20 30 3 0 1.616 2.538 6.670999999999999 250.1 334.93333333333334 305.7 303.73333333333335 312.43333333333334 9
Heuristics 20 30 3 1 2.089 2.5000000000000004 6.754999999999999 212.0 294.4 242.5 259.1666666666667 259.26666666666665 12
Heuristics 20 30 3 2 2.111 2.741 9.270999999999999 184.3667 263.5 208.66666666666666 217.33333333333334 220.26666666666668 13
Heuristics 20 30 3 3 1.758 2.4909999999999997 5.1290000000000004 181.6333 271.6666666666667 221.03333333333333 225.06666666666666 236.36666666666667 12
Heuristics 20 30 3 4 1.86 2.6519999999999992 4.567000000000001 228.7 323.4 272.1333333333333 280.93333333333334 281.2 13
Heuristics 20 30 3 5 1.986 2.851 4.024000000000001 240.5333 304.3 260.1 271.4 273.5 12
Heuristics 20 30 3 6 1.843 2.5679999999999996 4.801 223.2667 314.6666666666667 266.5 275.43333333333334 279.93333333333334 13
Heuristics 20 30 3 7 2.057 2.7929999999999997 14.685 195.3333 255.8 204.56666666666666 226.23333333333332 235.9 12
Heuristics 20 30 3 8 1.95 2.9589999999999996 5.278 260.7667 321.6 280.3333333333333 300.0 305.46666666666664 12
Heuristics 20 30 3 9 2.373 2.973 9.308 230.3333 316.73333333333335 261.6666666666667 267.8333333333333 279.23333333333335 12
Heuristics 20 30 6 0 7.797 8.620000000000001 10.174999999999997 250.1 334.93333333333334 319.5 327.2 322.23333333333335 9
Heuristics 20 30 6 1 6.312 7.175 9.655 212.0 294.4 253.2 276.56666666666666 284.46666666666664 12
Heuristics 20 30 6 2 6.99 9.106 12.395 184.3667 263.5 225.6 244.76666666666668 244.76666666666668 13
Heuristics 20 30 6 3 6.655 6.482 10.437999999999999 181.6333 271.6666666666667 226.13333333333333 252.66666666666666 260.23333333333335 12
Heuristics 20 30 6 4 9.039 8.755 14.605999999999998 228.7 323.4 289.8666666666667 312.53333333333336 308.6 13
Heuristics 20 30 6 5 6.454 8.267 11.684000000000001 240.5333 304.3 277.93333333333334 289.03333333333336 291.3666666666667 12
Heuristics 20 30 6 6 6.881 7.808999999999999 9.69 223.2667 314.6666666666667 278.56666666666666 302.8666666666667 302.8666666666667 13
Heuristics 20 30 6 7 7.176 9.598999999999998 10.986 195.3333 255.8 219.56666666666666 247.93333333333334 251.46666666666667 12
Heuristics 20 30 6 8 6.534 9.77 18.673 260.7667 321.6 289.3333333333333 308.96666666666664 314.46666666666664 12
Heuristics 20 30 6 9 14.836 14.415000000000001 13.228999999999996 230.3333 316.73333333333335 287.53333333333336 297.9 308.46666666666664 12
Heuristics 20 50 1 0 4.178 3.1500000000000004 1.557999999999999 243.86 325.42 269.86 269.86 269.86 10
Heuristics 20 50 1 1 2.764 9.16 2.9130000000000003 212.36 290.98 233.32 233.32 233.32 13
Heuristics 20 50 1 2 2.762 4.382999999999999 5.1 201.26 274.94 221.66 221.66 221.66 13
Heuristics 20 50 1 3 3.213 6.119000000000001 4.378 190.02 277.14 214.02 214.02 214.02 13
Heuristics 20 50 1 4 4.245 4.6930000000000005 2.196999999999999 230.38 324.0 250.54 250.54 250.54 13
Heuristics 20 50 1 5 3.234 5.106999999999999 3.521000000000001 217.6 292.38 237.4 237.4 237.4 13
Heuristics 20 50 1 6 2.578 4.631 2.0229999999999997 228.32 312.5 248.44 248.44 248.44 13
Heuristics 20 50 1 7 2.942 6.333 3.349 194.78 255.24 211.28 211.28 211.28 13
Heuristics 20 50 1 8 1.161 3.852 4.016 245.52 320.36 270.0 270.0 270.0 12
Heuristics 20 50 1 9 2.622 5.1160000000000005 4.252 225.6 318.94 248.1 248.1 248.1 13
Heuristics 20 50 3 0 2.811 5.147 15.834999999999999 243.86 325.42 297.84 297.54 302.18 10
Heuristics 20 50 3 1 4.165 5.380999999999999 16.114 212.36 290.98 233.32 246.8 250.9 13
Heuristics 20 50 3 2 3.189 5.2829999999999995 10.748 201.26 274.94 219.1 233.74 236.84 13
Heuristics 20 50 3 3 3.112 5.324 13.677 190.02 277.14 224.9 230.64 241.06 13
Heuristics 20 50 3 4 3.455 5.91 11.351999999999999 230.38 324.0 273.96 280.1 285.64 13
Heuristics 20 50 3 5 3.06 5.0969999999999995 8.666 217.6 292.38 244.9 257.92 257.92 13
Heuristics 20 50 3 6 3.024 5.220999999999999 11.99 228.32 312.5 268.74 274.3 275.32 13
Heuristics 20 50 3 7 3.187 5.274000000000001 25.543 194.78 255.24 206.36 216.42 230.22 13
Heuristics 20 50 3 8 3.968 5.737 10.700000000000001 245.52 320.36 286.48 287.36 300.54 12
Heuristics 20 50 3 9 3.418 5.822 15.270000000000001 225.6 318.94 262.48 275.08 279.12 13
Heuristics 20 50 6 0 16.557 18.458000000000002 24.113 243.86 325.42 311.18 313.7 316.08 10
Heuristics 20 50 6 1 16.605 19.371999999999996 31.107999999999997 212.36 290.98 247.46 265.56 275.68 13
Heuristics 20 50 6 2 17.571 17.632 32.489999999999995 201.26 274.94 240.02 257.96 259.98 13
Heuristics 20 50 6 3 13.943 16.442 22.837000000000003 190.02 277.14 229.6 257.94 264.28 13
Heuristics 20 50 6 4 17.678 21.514 30.193000000000005 230.38 324.0 294.5 309.6 309.86 13
Heuristics 20 50 6 5 15.358 19.462999999999997 31.424999999999997 217.6 292.38 260.2 276.22 276.02 13
Heuristics 20 50 6 6 15.937 17.419000000000004 26.838 228.32 312.5 281.36 293.2 301.26 13
Heuristics 20 50 6 7 14.195 16.767 20.180000000000003 194.78 255.24 217.36 245.58 247.94 13
Heuristics 20 50 6 8 15.118 17.29 22.019 245.52 320.36 294.06 310.7 310.9 12
Heuristics 20 50 6 9 15.001 18.399 18.672000000000004 225.6 318.94 274.9 299.54 308.3 13
Heuristics 30 10 1 0 0.576 0.43400000000000005 0.31699999999999995 369.8 498.0 398.2 398.2 394.1 15
Heuristics 30 10 1 1 0.482 0.929 0.5529999999999999 387.7 497.6 404.3 429.4 429.4 14
Heuristics 30 10 1 2 0.289 0.35500000000000004 0.3689999999999999 393.1 501.9 420.4 420.4 420.4 17
Heuristics 30 10 1 3 0.348 0.613 0.8019999999999999 322.0 431.0 341.5 341.5 341.5 15
Heuristics 30 10 1 4 0.465 0.40299999999999997 0.477 344.0 495.4 364.7 364.7 364.7 17
Heuristics 30 10 1 5 0.437 0.48600000000000004 0.623 363.1 497.4 379.6 386.2 383.9 16
Heuristics 30 10 1 6 0.386 0.588 0.633 332.0 493.2 360.7 360.7 360.7 19
Heuristics 30 10 1 7 0.341 0.8380000000000001 0.54 324.2 431.0 343.8 343.8 343.8 16
Heuristics 30 10 1 8 0.261 0.506 0.45299999999999996 394.1 484.0 404.5 404.5 402.7 17
Heuristics 30 10 1 9 0.244 0.517 0.4740000000000001 385.7 516.4 397.3 405.0 405.0 17
Heuristics 30 10 3 0 0.754 0.734 1.5979999999999999 369.8 498.0 425.7 415.6 429.6 15
Heuristics 30 10 3 1 0.821 0.8880000000000001 1.2469999999999999 387.7 497.6 402.3 426.0 455.7 14
Heuristics 30 10 3 2 0.676 0.989 1.008 393.1 501.9 413.4 432.7 441.3 17
Heuristics 30 10 3 3 0.686 0.868 1.631 322.0 431.0 364.0 354.4 377.4 15
Heuristics 30 10 3 4 0.737 0.9329999999999999 1.2120000000000002 344.0 495.4 402.2 405.6 410.3 17
Heuristics 30 10 3 5 0.762 0.825 1.6370000000000002 363.1 497.4 401.6 394.0 415.2 16
Heuristics 30 10 3 6 0.919 1.347 1.612 332.0 493.2 376.7 378.7 403.8 19
Heuristics 30 10 3 7 0.773 0.86 1.4700000000000002 324.2 431.0 332.7 362.3 377.5 16
Heuristics 30 10 3 8 0.818 0.8550000000000001 1.3199999999999998 394.1 484.0 423.7 432.7 440.3 17
Heuristics 30 10 3 9 0.779 1.0070000000000001 1.112 385.7 516.4 409.5 425.8 432.6 17
Heuristics 30 10 6 0 1.121 1.396 2.078 369.8 498.0 436.1 441.4 449.0 15
Heuristics 30 10 6 1 1.401 1.6609999999999998 1.895 387.7 497.6 439.1 453.3 469.1 14
Heuristics 30 10 6 2 1.233 1.447 1.8509999999999995 393.1 501.9 420.6 460.6 462.8 17
Heuristics 30 10 6 3 1.159 1.465 2.1249999999999996 322.0 431.0 368.7 391.2 397.9 15
Heuristics 30 10 6 4 1.406 1.405 2.0170000000000003 344.0 495.4 416.3 445.1 441.6 17
Heuristics 30 10 6 5 1.386 1.506 2.1279999999999997 363.1 497.4 422.6 429.6 447.6 16
Heuristics 30 10 6 6 1.327 1.85 2.4739999999999998 332.0 493.2 407.2 417.8 435.8 19
Heuristics 30 10 6 7 1.644 1.5240000000000002 2.3919999999999995 324.2 431.0 366.0 375.7 396.8 16
Heuristics 30 10 6 8 1.422 1.567 2.135 394.1 484.0 446.6 456.5 463.8 17
Heuristics 30 10 6 9 1.467 1.6629999999999998 2.2110000000000003 385.7 516.4 420.2 452.1 470.6 17
Heuristics 30 30 1 0 0.75 1.35 1.3369999999999997 371.9 511.4 393.6333333333333 391.1333333333333 393.6333333333333 18
Heuristics 30 30 1 1 0.535 1.3689999999999998 1.061 349.9 471.0 380.4 380.4 380.4 18
Heuristics 30 30 1 2 0.447 0.8939999999999999 1.265 375.5 501.53333333333336 395.96666666666664 395.96666666666664 395.96666666666664 18
Heuristics 30 30 1 3 0.483 1.104 1.8219999999999996 296.1667 421.2 313.5 315.6666666666667 315.6666666666667 18
Heuristics 30 30 1 4 0.58 1.0300000000000002 1.2619999999999996 350.7 514.6333333333333 371.23333333333335 371.23333333333335 371.23333333333335 17
Heuristics 30 30 1 5 0.496 1.074 1.578 354.1667 498.43333333333334 378.0 376.3 378.0 18
Heuristics 30 30 1 6 0.464 1.0310000000000001 0.5899999999999999 377.3333 498.53333333333336 388.6666666666667 388.6666666666667 386.4 21
Heuristics 30 30 1 7 0.512 1.257 1.7780000000000002 324.3 437.23333333333335 340.6333333333333 342.6333333333333 342.6333333333333 19
Heuristics 30 30 1 8 0.434 1.1520000000000001 1.699 351.9667 466.96666666666664 383.6 383.6 383.6 18
Heuristics 30 30 1 9 0.499 1.166 1.323 383.4667 530.7666666666667 404.93333333333334 404.93333333333334 404.93333333333334 18
Heuristics 30 30 3 0 1.611 2.1639999999999997 4.251 371.9 511.4 420.7 415.46666666666664 433.8 18
Heuristics 30 30 3 1 2.533 2.414 4.706 349.9 471.0 363.1666666666667 394.9 409.46666666666664 18
Heuristics 30 30 3 2 1.789 2.971 5.073 375.5 501.53333333333336 394.73333333333335 407.73333333333335 417.9 18
Heuristics 30 30 3 3 2.472 2.7529999999999997 6.365 296.1667 421.2 320.7 330.1 344.53333333333336 18
Heuristics 30 30 3 4 1.976 2.92 4.226 350.7 514.6333333333333 379.7 405.53333333333336 414.96666666666664 17
Heuristics 30 30 3 5 1.91 2.636 3.3439999999999994 354.1667 498.43333333333334 396.23333333333335 400.4 406.03333333333336 18
Heuristics 30 30 3 6 1.779 2.649 5.303999999999999 377.3333 498.53333333333336 401.46666666666664 406.43333333333334 406.8666666666667 21
Heuristics 30 30 3 7 2.061 2.7940000000000005 4.555 324.3 437.23333333333335 347.9 344.6666666666667 373.5 19
Heuristics 30 30 3 8 2.108 2.951 4.1049999999999995 351.9667 466.96666666666664 384.5 395.9 405.5 18
Heuristics 30 30 3 9 2.4 3.2790000000000004 3.6839999999999993 383.4667 530.7666666666667 417.53333333333336 430.6333333333333 440.6333333333333 18
Heuristics 30 30 6 0 6.84 7.114000000000001 11.085 371.9 511.4 435.1333333333333 442.73333333333335 458.43333333333334 18
Heuristics 30 30 6 1 6.273 7.1579999999999995 12.514000000000001 349.9 471.0 402.1666666666667 419.06666666666666 440.93333333333334 18
Heuristics 30 30 6 2 6.105 8.543 8.748000000000001 375.5 501.53333333333336 416.0 443.4 452.03333333333336 18
Heuristics 30 30 6 3 6.05 7.1499999999999995 10.222999999999999 296.1667 421.2 331.93333333333334 373.93333333333334 371.6 18
Heuristics 30 30 6 4 7.165 7.335 9.786999999999999 350.7 514.6333333333333 424.3666666666667 439.26666666666665 449.7 17
Heuristics 30 30 6 5 7.521 7.305000000000001 8.46 354.1667 498.43333333333334 402.4 430.46666666666664 448.26666666666665 18
Heuristics 30 30 6 6 6.992 7.697 9.907 377.3333 498.53333333333336 407.96666666666664 436.9 446.76666666666665 21
Heuristics 30 30 6 7 6.71 7.956 11.899999999999999 324.3 437.23333333333335 366.0 384.4 399.8333333333333 19
Heuristics 30 30 6 8 6.812 8.238 10.924 351.9667 466.96666666666664 420.53333333333336 420.6 432.53333333333336 18
Heuristics 30 30 6 9 7.491 8.802 8.443000000000001 383.4667 530.7666666666667 438.1333333333333 461.1 481.3 18
Heuristics 30 50 1 0 1.148 2.4590000000000005 3.0060000000000002 366.32 505.92 391.0 388.96 391.0 18
Heuristics 30 50 1 1 0.739 2.58 2.551 348.14 466.38 368.46 363.76 368.46 19
Heuristics 30 50 1 2 0.669 2.127 2.688 369.52 497.96 386.84 386.84 386.84 18
Heuristics 30 50 1 3 0.708 2.425 3.5490000000000004 305.44 428.44 320.82 322.08 322.08 19
Heuristics 30 50 1 4 0.884 2.339 2.835 345.82 514.78 368.7 368.7 368.7 18
Heuristics 30 50 1 5 0.768 2.316 2.9130000000000003 364.36 506.68 381.16 381.16 381.16 19
Heuristics 30 50 1 6 0.716 2.4619999999999997 1.641 349.42 486.54 370.76 365.28 370.76 21
Heuristics 30 50 1 7 0.822 2.499 3.48 318.58 431.5 337.06 337.06 337.06 22
Heuristics 30 50 1 8 0.831 2.607 2.788 341.52 458.36 360.58 360.58 360.58 18
Heuristics 30 50 1 9 0.693 2.606 2.413 384.16 528.46 404.14 404.14 404.14 19
Heuristics 30 50 3 0 3.149 4.768 6.308 366.32 505.92 421.92 398.9 423.36 18
Heuristics 30 50 3 1 2.764 4.686999999999999 6.2940000000000005 348.14 466.38 368.46 384.96 401.86 19
Heuristics 30 50 3 2 3.007 4.866 6.440000000000001 369.52 497.96 389.84 394.32 409.66 18
Heuristics 30 50 3 3 2.825 5.296 11.801 305.44 428.44 330.18 341.6 346.24 19
Heuristics 30 50 3 4 3.226 4.915 6.252000000000001 345.82 514.78 385.68 403.96 407.84 18
Heuristics 30 50 3 5 3.105 4.959999999999999 6.738000000000001 364.36 506.68 398.56 405.58 413.38 19
Heuristics 30 50 3 6 2.777 4.913 6.7299999999999995 349.42 486.54 378.54 387.3 393.56 21
Heuristics 30 50 3 7 3.663 5.2330000000000005 9.070999999999998 318.58 431.5 335.8 359.1 363.32 22
Heuristics 30 50 3 8 3.349 5.132999999999999 8.464000000000002 341.52 458.36 389.22 380.28 389.22 18
Heuristics 30 50 3 9 3.433 5.114000000000001 6.116999999999999 384.16 528.46 416.1 420.64 437.52 19
Heuristics 30 50 6 0 16.242 15.498999999999999 17.988 366.32 505.92 433.54 441.96 458.36 18
Heuristics 30 50 6 1 14.698 17.02 24.677000000000003 348.14 466.38 387.46 410.58 431.6 19
Heuristics 30 50 6 2 13.839 16.022999999999996 18.705000000000005 369.52 497.96 412.12 430.14 440.92 18
Heuristics 30 50 6 3 13.394 15.399 23.765 305.44 428.44 338.64 375.08 378.86 19
Heuristics 30 50 6 4 15.133 16.803 23.65 345.82 514.78 419.42 434.44 450.68 18
Heuristics 30 50 6 5 14.928 16.253999999999998 19.056 364.36 506.68 413.06 432.28 452.5 19
Heuristics 30 50 6 6 13.626 17.338 23.451 349.42 486.54 390.56 423.46 424.92 21
Heuristics 30 50 6 7 16.64 17.607999999999997 20.329 318.58 431.5 351.46 388.72 390.92 22
Heuristics 30 50 6 8 14.771 17.411 19.281 341.52 458.36 409.22 408.92 416.0 18
Heuristics 30 50 6 9 15.339 18.22 17.425000000000004 384.16 528.46 438.54 463.28 472.44 19
Heuristics 40 10 1 0 1.509 0.6240000000000001 0.7050000000000001 518.1 672.3 536.1 543.9 543.9 23
Heuristics 40 10 1 1 0.544 1.022 0.7230000000000001 573.1 724.0 598.6 589.3 603.5 19
Heuristics 40 10 1 2 0.313 0.40299999999999997 0.7949999999999999 437.6 624.5 448.3 452.0 461.4 22
Heuristics 40 10 1 3 0.439 0.758 0.706 463.0 598.3 488.6 478.4 488.6 21
Heuristics 40 10 1 4 0.468 0.611 0.718 441.9 637.1 462.2 460.1 466.6 20
Heuristics 40 10 1 5 0.47 0.516 0.6739999999999999 534.3 716.7 551.8 555.8 555.8 22
Heuristics 40 10 1 6 0.355 0.482 0.7530000000000001 447.8 632.7 479.4 472.2 479.4 21
Heuristics 40 10 1 7 0.551 0.886 3.4589999999999996 393.5 540.1 423.0 412.4 416.5 20
Heuristics 40 10 1 8 0.502 0.8460000000000001 0.5419999999999998 479.0 618.3 502.6 498.2 498.2 23
Heuristics 40 10 1 9 0.28 0.498 0.6859999999999999 517.4 668.9 539.9 533.9 540.3 22
Heuristics 40 10 3 0 0.664 0.805 1.046 518.1 672.3 544.1 552.2 579.7 23
Heuristics 40 10 3 1 0.812 0.7949999999999999 1.175 573.1 724.0 598.6 603.1 640.0 19
Heuristics 40 10 3 2 0.793 0.9289999999999999 1.2120000000000002 437.6 624.5 474.3 472.9 504.5 22
Heuristics 40 10 3 3 0.696 0.764 1.1960000000000002 463.0 598.3 485.5 494.4 501.9 21
Heuristics 40 10 3 4 0.78 1.013 1.196 441.9 637.1 477.3 481.8 493.8 20
Heuristics 40 10 3 5 0.866 0.805 1.152 534.3 716.7 562.2 563.5 587.2 22
Heuristics 40 10 3 6 0.692 1.059 1.31 447.8 632.7 491.8 501.5 502.3 21
Heuristics 40 10 3 7 0.849 0.9259999999999999 1.388 393.5 540.1 418.0 422.5 460.8 20
Heuristics 40 10 3 8 0.94 0.8 1.3670000000000002 479.0 618.3 504.5 510.0 532.5 23
Heuristics 40 10 3 9 0.923 0.752 1.147 517.4 668.9 548.6 548.7 571.2 22
Heuristics 40 10 6 0 1.294 1.4020000000000001 1.8119999999999998 518.1 672.3 572.6 585.6 614.2 23
Heuristics 40 10 6 1 1.496 1.5110000000000001 1.762 573.1 724.0 607.7 638.7 671.4 19
Heuristics 40 10 6 2 1.243 1.6129999999999998 2.1660000000000004 437.6 624.5 490.6 509.8 530.4 22
Heuristics 40 10 6 3 1.413 1.518 2.4509999999999996 463.0 598.3 497.0 514.2 535.0 21
Heuristics 40 10 6 4 2.385 1.7510000000000003 2.016 441.9 637.1 519.1 527.8 551.9 20
Heuristics 40 10 6 5 1.698 1.6400000000000001 2.149 534.3 716.7 593.5 610.5 642.2 22
Heuristics 40 10 6 6 1.522 1.667 2.234 447.8 632.7 516.6 528.7 554.7 21
Heuristics 40 10 6 7 1.527 1.547 1.9110000000000005 393.5 540.1 438.1 463.2 488.4 20
Heuristics 40 10 6 8 1.796 1.5210000000000001 2.2009999999999996 479.0 618.3 523.4 539.8 556.6 23
Heuristics 40 10 6 9 1.586 1.4189999999999998 2.0060000000000002 517.4 668.9 548.6 582.7 604.6 22
Heuristics 40 30 1 0 0.699 0.914 1.376 487.4667 677.6666666666666 511.23333333333335 511.23333333333335 511.23333333333335 24
Heuristics 40 30 1 1 0.587 1.6450000000000002 1.626 495.7333 676.8666666666667 522.9666666666667 526.8 526.8 24
Heuristics 40 30 1 2 0.416 0.8740000000000001 1.3210000000000002 457.0333 643.1 477.23333333333335 477.23333333333335 477.23333333333335 24
Heuristics 40 30 1 3 0.489 1.1270000000000002 1.4659999999999997 445.6333 600.6333333333333 471.53333333333336 457.06666666666666 471.53333333333336 23
Heuristics 40 30 1 4 0.551 1.0059999999999998 1.1989999999999998 479.3667 672.6333333333333 510.9 499.9 501.76666666666665 23
Heuristics 40 30 1 5 0.476 1.127 1.1809999999999998 536.8667 704.1333333333333 547.4666666666667 550.8666666666667 550.8666666666667 24
Heuristics 40 30 1 6 0.571 1.091 1.5860000000000003 426.4667 627.3333333333334 443.8666666666667 455.8 455.8 24
Heuristics 40 30 1 7 0.577 1.342 2.259 388.4667 547.2 409.1 408.93333333333334 409.1 26
Heuristics 40 30 1 8 0.56 1.389 1.3109999999999997 477.2667 650.8333333333334 497.56666666666666 497.6666666666667 497.56666666666666 23
Heuristics 40 30 1 9 0.537 1.1909999999999998 1.6010000000000004 495.7 680.6333333333333 518.5666666666667 518.5666666666667 518.6666666666666 24
Heuristics 40 30 3 0 1.648 2.24 3.351 487.4667 677.6666666666666 541.2333333333333 530.5666666666667 548.4 24
Heuristics 40 30 3 1 1.802 2.533 3.042 495.7333 676.8666666666667 529.9666666666667 543.1666666666666 566.7 24
Heuristics 40 30 3 2 1.679 2.2800000000000002 2.4239999999999995 457.0333 643.1 493.26666666666665 503.3 512.0666666666667 24
Heuristics 40 30 3 3 1.712 2.559 4.138000000000001 445.6333 600.6333333333333 473.23333333333335 478.8666666666667 491.56666666666666 23
Heuristics 40 30 3 4 1.971 2.404 3.4109999999999996 479.3667 672.6333333333333 520.3 522.5666666666667 540.0333333333333 23
Heuristics 40 30 3 5 1.758 2.319 2.293 536.8667 704.1333333333333 546.9666666666667 567.9333333333333 572.1 24
Heuristics 40 30 3 6 2.021 2.484 3.7079999999999993 426.4667 627.3333333333334 463.6333333333333 481.8 491.1333333333333 24
Heuristics 40 30 3 7 2.184 3.1819999999999995 5.8260000000000005 388.4667 547.2 410.0 425.46666666666664 449.1 26
Heuristics 40 30 3 8 2.165 3.1929999999999996 4.1610000000000005 477.2667 650.8333333333334 519.7666666666667 513.1333333333333 526.0666666666667 23
Heuristics 40 30 3 9 1.905 3.0039999999999996 4.1659999999999995 495.7 680.6333333333333 536.1333333333333 531.0666666666667 553.6333333333333 24
Heuristics 40 30 6 0 6.748 7.146999999999999 8.145 487.4667 677.6666666666666 563.9333333333333 556.1333333333333 593.9333333333333 24
Heuristics 40 30 6 1 6.393 7.811000000000001 9.370000000000001 495.7333 676.8666666666667 536.7666666666667 574.1666666666666 598.2666666666667 24
Heuristics 40 30 6 2 6.221 6.691000000000001 7.452999999999998 457.0333 643.1 501.76666666666665 542.9 535.9666666666667 24
Heuristics 40 30 6 3 7.863 8.178 8.751999999999999 445.6333 600.6333333333333 485.7 494.3 527.3333333333334 23
Heuristics 40 30 6 4 6.648 7.790000000000001 8.418000000000001 479.3667 672.6333333333333 535.4 568.7333333333333 578.2333333333333 23
Heuristics 40 30 6 5 6.555 6.916 7.7280000000000015 536.8667 704.1333333333333 585.2666666666667 592.8 608.1333333333333 24
Heuristics 40 30 6 6 6.82 7.5809999999999995 11.915 426.4667 627.3333333333334 513.6333333333333 524.0 537.0666666666667 24
Heuristics 40 30 6 7 7.579 7.876 12.991999999999999 388.4667 547.2 439.3666666666667 454.3 491.1333333333333 26
Heuristics 40 30 6 8 6.828 8.018 13.326999999999998 477.2667 650.8333333333334 548.4333333333333 557.7 572.5 23
Heuristics 40 30 6 9 7.584 8.809999999999999 8.777000000000001 495.7 680.6333333333333 549.3666666666667 563.2333333333333 596.9666666666667 24
Heuristics 40 50 1 0 1.097 2.007 2.532 493.46 682.42 514.26 514.26 514.26 24
Heuristics 40 50 1 1 0.861 2.627 2.763000000000001 481.58 664.12 503.6 504.9 504.9 25
Heuristics 40 50 1 2 0.617 2.039 2.4250000000000003 484.74 661.5 505.28 505.28 505.28 24
Heuristics 40 50 1 3 0.685 2.287 1.682 441.06 596.1 462.72 452.92 462.72 23
Heuristics 40 50 1 4 0.885 2.213 0.9249999999999998 474.4 666.56 493.44 493.44 491.2 25
Heuristics 40 50 1 5 0.72 2.34 2.4400000000000004 513.86 689.34 525.52 529.46 529.46 24
Heuristics 40 50 1 6 0.836 2.426 3.1969999999999996 412.34 623.4 432.22 430.48 432.22 25
Heuristics 40 50 1 7 1.067 2.615 3.6799999999999997 384.88 549.28 403.04 405.5 405.66 29
Heuristics 40 50 1 8 0.627 2.3449999999999998 2.8260000000000005 467.34 641.02 487.88 487.88 487.88 24
Heuristics 40 50 1 9 0.7 2.5120000000000005 2.8179999999999996 502.18 691.48 526.5 522.7 526.5 25
Heuristics 40 50 3 0 2.708 4.261 5.419999999999999 493.46 682.42 544.3 527.16 550.88 24
Heuristics 40 50 3 1 3.013 4.982 6.0520000000000005 481.58 664.12 516.16 519.28 544.94 25
Heuristics 40 50 3 2 2.699 4.505 4.841 484.74 661.5 515.9 523.26 537.4 24
Heuristics 40 50 3 3 2.736 4.542999999999999 7.2940000000000005 441.06 596.1 464.74 463.78 484.84 23
Heuristics 40 50 3 4 3.208 4.693 6.5169999999999995 474.4 666.56 511.06 516.56 526.84 25
Heuristics 40 50 3 5 2.851 4.825 4.16 513.86 689.34 527.0 545.34 548.48 24
Heuristics 40 50 3 6 3.367 4.7749999999999995 8.821000000000002 412.34 623.4 451.68 477.54 476.12 25
Heuristics 40 50 3 7 3.126 5.146000000000001 9.15 384.88 549.28 410.68 432.94 447.52 29
Heuristics 40 50 3 8 2.985 4.859 5.003 467.34 641.02 502.86 498.1 517.78 24
Heuristics 40 50 3 9 2.911 5.025 5.507 502.18 691.48 543.24 535.22 560.8 25
Heuristics 40 50 6 0 15.153 15.559 18.304 493.46 682.42 562.36 557.1 591.06 24
Heuristics 40 50 6 1 16.212 17.988000000000003 21.519 481.58 664.12 516.62 561.82 584.6 25
Heuristics 40 50 6 2 13.231 15.13 16.394000000000002 484.74 661.5 522.64 555.94 569.56 24
Heuristics 40 50 6 3 14.997 16.764 26.946 441.06 596.1 470.8 485.5 518.58 23
Heuristics 40 50 6 4 15.236 18.01 19.68 474.4 666.56 540.4 548.62 569.96 25
Heuristics 40 50 6 5 16.333 16.576 19.454 513.86 689.34 555.28 579.08 592.14 24
Heuristics 40 50 6 6 15.527 22.402 30.345 412.34 623.4 497.2 504.0 524.44 25
Heuristics 40 50 6 7 21.559 18.374 24.113999999999997 384.88 549.28 445.5 455.52 478.98 29
Heuristics 40 50 6 8 16.158 17.946999999999996 18.520000000000003 467.34 641.02 527.46 518.84 552.22 24
Heuristics 40 50 6 9 16.346 19.891000000000002 18.744 502.18 691.48 553.7 558.62 600.54 25



Heuristics 100 100 5 0 5.25 6.382 13.212000000000002 1046.25 1541.04 1122.4 1129.9 1165.58 56
Heuristics 100 100 5 1 4.502 5.849000000000001 13.786 1226.04 1681.88 1273.07 1282.62 1328.93 60
Heuristics 100 100 5 2 6.579 6.643 15.138 1233.64 1715.87 1309.48 1300.4 1336.53 60
Heuristics 100 100 5 3 6.328 8.354 16.393 1135.03 1558.57 1197.67 1194.38 1233.96 57
Heuristics 100 100 5 4 7.118 8.834999999999999 15.451 1190.79 1694.13 1255.2 1246.3 1295.68 57
Heuristics 100 100 5 5 7.234 10.886999999999999 33.071 1237.3 1694.66 1307.22 1311.24 1334.85 58
Heuristics 100 100 5 6 30.281 19.206000000000003 17.062000000000005 1217.95 1782.42 1288.2 1296.54 1330.55 56
Heuristics 100 100 5 7 7.051 9.751 16.134999999999998 1093.12 1536.25 1166.44 1138.52 1184.82 61
Heuristics 100 100 5 8 10.347 12.149 16.872000000000003 1181.73 1649.26 1244.21 1245.85 1275.53 56
Heuristics 100 100 5 9 8.554 12.118 17.206999999999997 1195.36 1690.59 1240.35 1249.38 1297.71 58
Heuristics 100 100 10 0 27.46 31.988999999999997 38.028000000000006 1046.25 1541.04 1178.62 1183.86 1241.27 56
Heuristics 100 100 10 1 29.737 30.124 48.659 1226.04 1681.88 1322.23 1347.48 1400.54 60
Heuristics 100 100 10 2 31.421 30.294000000000004 38.91199999999999 1233.64 1715.87 1331.9 1355.82 1397.14 60
Heuristics 100 100 10 3 33.559 35.95 43.765 1135.03 1558.57 1243.18 1233.92 1297.37 57
Heuristics 100 100 10 4 34.087 36.592 42.519999999999996 1190.79 1694.13 1289.18 1310.73 1375.68 57
Heuristics 100 100 10 5 37.342 39.104 45.426 1237.3 1694.66 1334.75 1370.43 1397.1 58
Heuristics 100 100 10 6 36.377 39.644 64.27999999999999 1217.95 1782.42 1343.08 1362.52 1422.59 56
Heuristics 100 100 10 7 37.999 42.00899999999999 44.87400000000001 1093.12 1536.25 1190.77 1175.3 1256.78 61
Heuristics 100 100 10 8 38.912 43.27100000000001 48.71299999999998 1181.73 1649.26 1267.99 1303.48 1349.3 56
Heuristics 100 100 10 9 40.661 46.559 49.605999999999995 1195.36 1690.59 1297.2 1315.37 1375.83 58
Heuristics 100 100 20 0 41.693 57.501000000000005 50.84599999999999 1046.25 1541.04 1257.88 1284.1 1352.61 56
Heuristics 100 100 20 1 44.488 45.144999999999996 52.358999999999995 1226.04 1681.88 1362.8 1432.17 1508.05 60
Heuristics 100 100 20 2 46.307 44.366 51.53 1233.64 1715.87 1386.28 1457.93 1519.67 60
Heuristics 100 100 20 3 48.273 51.044999999999995 53.854 1135.03 1558.57 1303.19 1348.29 1407.83 57
Heuristics 100 100 20 4 46.828 50.051 55.92100000000001 1190.79 1694.13 1370.1 1443.65 1512.12 57
Heuristics 100 100 20 5 49.529 49.04999999999999 56.04300000000002 1237.3 1694.66 1389.37 1435.7 1505.51 58
Heuristics 100 100 20 6 47.3 49.601 56.96900000000001 1217.95 1782.42 1443.65 1480.84 1570.69 56
Heuristics 100 100 20 7 50.862 52.824000000000005 57.816 1093.12 1536.25 1258.52 1294.16 1378.3 61
Heuristics 100 100 20 8 50.45 52.935 59.27999999999999 1181.73 1649.26 1394.63 1395.83 1471.64 56
Heuristics 100 100 20 9 54.187 53.69800000000001 61.58800000000001 1195.36 1690.59 1377.06 1426.97 1500.51 58
Heuristics 100 500 5 0 16.718 44.492000000000004 100.76499999999999 1057.29 1550.108 1137.152 1114.796 1160.046 62
Heuristics 100 500 5 1 19.053 47.293000000000006 117.30099999999999 1226.78 1683.022 1273.07 1287.816 1324.924 65
Heuristics 100 500 5 2 19.837 53.53099999999999 115.315 1241.894 1723.2619999999936 1311.698 1326.502 1341.356 63
Heuristics 100 500 5 3 23.494 55.907 119.079 1094.482 1535.5519999999992 1162.5 1183.452 1197.058 58
Heuristics 100 500 5 4 23.421 61.37500000000001 105.558 1186.886 1697.278 1249.082 1249.838 1287.098 62
Heuristics 100 500 5 5 28.699 64.399 126.77900000000001 1225.854 1686.4039999999995 1289.824 1291.468 1319.64 61
Heuristics 100 500 5 6 28.354 70.664 108.334 1233.972 1795.216 1294.916 1295.106 1335.396 64
Heuristics 100 500 5 7 37.162 73.39600000000002 124.02599999999998 1102.074 1549.262 1175.992 1153.536 1193.47 62
Heuristics 100 500 5 8 29.981 76.85900000000001 117.863 1174.74 1649.912 1242.364 1236.696 1271.252 57
Heuristics 100 500 5 9 32.564 80.59899999999999 121.62400000000002 1205.52 1705.4119999999996 1263.446 1268.576 1302.478 59
Heuristics 100 500 10 0 414.133 475.24500000000006 517.339 1057.29 1550.108 1194.09 1171.932 1248.486 62
Heuristics 100 500 10 1 471.903 489.905 496.14699999999993 1226.78 1683.022 1294.648 1331.776 1399.146 65
Heuristics 100 500 10 2 449.335 505.263 521.2260000000001 1241.894 1723.2619999999936 1338.074 1386.172 1407.072 63
Heuristics 100 500 10 3 474.175 534.4169999999999 654.2460000000001 1094.482 1535.5519999999992 1201.06 1225.276 1261.582 58
Heuristics 100 500 10 4 506.497 575.4559999999999 569.262 1186.886 1697.278 1301.51 1307.128 1375.772 62
Heuristics 100 500 10 5 489.154 563.798 565.6959999999999 1225.854 1686.4039999999995 1327.096 1325.89 1385.818 61
Heuristics 100 500 10 6 535.959 590.6440000000001 582.5809999999999 1233.972 1795.216 1369.014 1380.088 1430.1 64
Heuristics 100 500 10 7 548.073 649.555 733.6090000000002 1102.074 1549.262 1202.382 1204.804 1263.392 62
Heuristics 100 500 10 8 615.725 679.937 655.7249999999999 1174.74 1649.912 1255.67 1280.286 1350.444 57
Heuristics 100 500 10 9 642.133 697.4949999999999 620.1010000000001 1205.52 1705.4119999999996 1336.716 1319.686 1386.136 59
Heuristics 100 500 20 0 827.836 929.8900000000001 971.2339999999999 1057.29 1550.108 1259.03 1288.918 1366.214 62
Heuristics 100 500 20 1 834.185 904.287 1008.001 1226.78 1683.022 1356.18 1436.348 1509.528 65
Heuristics 100 500 20 2 867.324 948.632 937.0830000000003 1241.894 1723.2619999999936 1393.96 1467.578 1518.558 63
Heuristics 100 500 20 3 832.784 996.1440000000001 1022.992 1094.482 1535.5519999999992 1266.664 1303.544 1369.28 58
Heuristics 100 500 20 4 927.681 1029.145 1093.2019999999998 1186.886 1697.278 1373.86 1431.544 1493.282 62
Heuristics 100 500 20 5 912.408 985.599 1038.2979999999998 1225.854 1686.4039999999995 1395.248 1437.15 1489.44 61
Heuristics 100 500 20 6 911.169 997.447 1111.094 1233.972 1795.216 1469.158 1500.502 1577.768 64
Heuristics 100 500 20 7 948.61 1057.214 1078.23 1102.074 1549.262 1268.832 1299.98 1380.738 62
Heuristics 100 500 20 8 1204.295 1075.649 1077.2200000000003 1174.74 1649.912 1393.584 1396.14 1476.502 57
Heuristics 100 500 20 9 1004.935 1118.1420000000003 1104.31 1205.52 1705.4119999999996 1396.84 1443.46 1515.712 59
Heuristics 200 100 10 0 18.887 18.781 50.1 2331.86 3307.81 2489.49 2464.91 2541.8 107
Heuristics 200 100 10 1 20.318 20.91 53.186 2421.17 3445.059999999999 2533.78 2556.8 2638.02 110
Heuristics 200 100 10 2 19.531 22.868000000000002 50.20399999999999 2468.66 3477.42 2595.67 2579.89 2670.4 109
Heuristics 200 100 10 3 22.076 25.078000000000003 53.333999999999996 2245.9 3145.21 2349.4 2362.99 2438.85 102
Heuristics 200 100 10 4 22.995 27.169999999999998 58.63100000000001 2368.58 3408.9999999999945 2500.46 2497.52 2594.21 101
Heuristics 200 100 10 5 24.609 29.550999999999995 53.754000000000005 2446.65 3420.85 2581.99 2531.0 2647.04 108
Heuristics 200 100 10 6 22.559 26.014999999999997 62.345 2491.63 3562.119999999987 2586.64 2641.97 2710.76 109
Heuristics 200 100 10 7 24.947 26.895 57.117000000000004 2442.19 3410.38 2581.33 2553.74 2651.25 101
Heuristics 200 100 10 8 25.948 30.78 63.76 2454.82 3441.179999999993 2576.0 2587.2 2656.26 104
Heuristics 200 100 10 9 31.978 36.208000000000006 65.44799999999998 2304.92 3360.8499999999976 2426.88 2421.34 2521.59 108
Heuristics 200 100 20 0 29.885 33.94199999999999 73.436 2331.86 3307.81 2635.34 2575.87 2705.79 107
Heuristics 200 100 20 1 39.938 40.381 72.60799999999999 2421.17 3445.059999999999 2582.02 2655.51 2810.42 110
Heuristics 200 100 20 2 36.375 34.81999999999999 75.13300000000001 2468.66 3477.42 2680.52 2715.62 2833.8 109
Heuristics 200 100 20 3 36.519 43.022 69.15 2245.9 3145.21 2423.07 2448.29 2601.12 102
Heuristics 200 100 20 4 41.73 41.433 78.42800000000001 2368.58 3408.9999999999945 2611.03 2608.76 2751.86 101
Heuristics 200 100 20 5 41.414 47.723 85.918 2446.65 3420.85 2649.17 2669.43 2814.86 108
Heuristics 200 100 20 6 41.928 45.905 75.715 2491.63 3562.119999999987 2755.73 2770.27 2895.03 109
Heuristics 200 100 20 7 40.387 43.205 77.00000000000001 2442.19 3410.38 2664.14 2671.88 2804.45 101
Heuristics 200 100 20 8 42.724 48.63400000000001 82.39499999999998 2454.82 3441.179999999993 2688.97 2679.02 2825.46 104
Heuristics 200 100 20 9 45.208 52.730999999999995 78.017 2304.92 3360.8499999999976 2534.66 2549.93 2695.42 108
Heuristics 200 100 40 0 44.861 48.398 87.08999999999999 2331.86 3307.81 2750.8 2768.21 2965.27 107
Heuristics 200 100 40 1 68.885 53.07599999999999 93.866 2421.17 3445.059999999999 2723.05 2852.84 3054.68 110
Heuristics 200 100 40 2 49.173 52.941 89.418 2468.66 3477.42 2842.61 2952.19 3080.51 109
Heuristics 200 100 40 3 50.538 52.91 88.092 2245.9 3145.21 2571.52 2684.02 2831.17 102
Heuristics 200 100 40 4 50.786 53.444 91.782 2368.58 3408.9999999999945 2767.99 2869.17 3034.4 101
Heuristics 200 100 40 5 47.329 50.534 92.55199999999999 2446.65 3420.85 2814.37 2898.79 3043.43 108
Heuristics 200 100 40 6 55.153 53.309000000000005 90.91099999999999 2491.63 3562.119999999987 2908.23 2985.49 3179.81 109
Heuristics 200 100 40 7 54.335 54.594 97.316 2442.19 3410.38 2797.73 2901.8 3070.94 101
Heuristics 200 100 40 8 53.17 58.84 104.628 2454.82 3441.179999999993 2861.81 2948.32 3083.47 104
Heuristics 200 100 40 9 54.418 59.345000000000006 95.15 2304.92 3360.8499999999976 2719.92 2796.88 2985.27 108
Heuristics 200 500 10 0 237.778 281.53099999999995 495.63700000000006 2288.198 3291.878 2408.358 2411.546 2496.846 110
Heuristics 200 500 10 1 246.657 271.31399999999996 531.2919999999999 2417.218 3448.052 2551.166 2532.002 2634.01 116
Heuristics 200 500 10 2 270.387 319.28400000000005 500.98299999999995 2472.386 3482.426 2596.85 2600.35 2670.218 111
Heuristics 200 500 10 3 296.153 336.365 558.2449999999999 2228.542 3139.0939999999982 2351.056 2367.164 2418.61 104
Heuristics 200 500 10 4 298.767 372.893 577.4230000000001 2321.066 3382.9879999999976 2467.384 2444.564 2530.574 110
Heuristics 200 500 10 5 349.271 389.61999999999995 602.0780000000001 2398.714 3396.3719999999967 2562.422 2513.08 2611.712 112
Heuristics 200 500 10 6 352.32 425.05699999999996 612.635 2484.618 3570.177999999996 2599.706 2640.726 2707.778 115
Heuristics 200 500 10 7 385.384 421.29099999999994 617.281 2395.67 3389.929999999999 2538.43 2515.956 2605.48 107
Heuristics 200 500 10 8 400.667 472.86000000000007 642.78 2385.714 3407.559999999998 2499.826 2488.834 2586.806 110
Heuristics 200 500 10 9 408.218 472.11899999999997 650.874 2296.308 3358.571999999994 2430.03 2460.076 2512.218 111
Heuristics 200 500 20 0 557.149 638.2890000000001 857.4719999999998 2288.198 3291.878 2565.218 2515.764 2667.254 110
Heuristics 200 500 20 1 610.359 670.772 901.3879999999997 2417.218 3448.052 2579.618 2633.538 2798.504 116
Heuristics 200 500 20 2 626.985 712.305 985.9740000000002 2472.386 3482.426 2663.584 2725.196 2834.402 111
Heuristics 200 500 20 3 634.67 687.5269999999999 1087.456 2228.542 3139.0939999999982 2413.714 2446.954 2579.22 104
Heuristics 200 500 20 4 659.841 753.611 968.6809999999998 2321.066 3382.9879999999976 2565.94 2552.882 2707.324 110
Heuristics 200 500 20 5 709.433 747.2149999999999 1035.1850000000002 2398.714 3396.3719999999967 2625.412 2607.532 2776.754 112
Heuristics 200 500 20 6 691.177 764.3670000000001 995.9390000000001 2484.618 3570.177999999996 2717.874 2756.55 2887.934 115
Heuristics 200 500 20 7 755.818 845.021 1047.2400000000002 2395.67 3389.929999999999 2609.214 2657.702 2770.748 107
Heuristics 200 500 20 8 784.245 865.389 1080.931 2385.714 3407.559999999998 2597.974 2611.128 2756.604 110
Heuristics 200 500 20 9 772.075 864.0739999999998 1090.1420000000003 2296.308 3358.571999999994 2541.462 2575.926 2697.306 111
Heuristics 200 500 40 0 806.928 903.6329999999999 1146.8660000000002 2288.198 3291.878 2706.294 2758.79 2933.822 110
Heuristics 200 500 40 1 854.163 906.1779999999999 1221.808 2417.218 3448.052 2732.474 2862.844 3056.654 116
Heuristics 200 500 40 2 865.765 944.0169999999999 1241.3039999999999 2472.386 3482.426 2841.988 2959.302 3093.202 111
Heuristics 200 500 40 3 919.172 1006.2639999999999 1253.8709999999999 2228.542 3139.0939999999982 2590.614 2663.728 2830.436 104
Heuristics 200 500 40 4 906.282 1025.2889999999998 1437.435 2321.066 3382.9879999999976 2718.688 2830.184 2990.902 110
Heuristics 200 500 40 5 941.174 1041.714 1364.632 2398.714 3396.3719999999967 2754.656 2820.538 3015.672 112
Heuristics 200 500 40 6 968.18 1047.2400000000002 1374.274 2484.618 3570.177999999996 2910.542 3008.234 3176.59 115
Heuristics 200 500 40 7 1003.925 1098.9089999999999 1489.0230000000001 2395.67 3389.929999999999 2760.832 2904.38 3040.234 107
Heuristics 200 500 40 8 1021.411 1140.2709999999997 1494.4270000000001 2385.714 3407.559999999998 2793.782 2882.586 3030.568 110
Heuristics 200 500 40 9 1045.686 1159.3910000000003 1400.022 2296.308 3358.571999999994 2729.978 2815.184 2984.014 111



************************************* UPDATED RESULTS FOR BOUNDS ON BUDGET AND HEU 2 ***********************************************************************

Heuristics 20 10 1 0 0.0 0.749 0.0 0.0 336.8 0.0 291.3 0.0 9
Heuristics 20 10 1 1 0.0 0.55 0.0 0.0 308.7 0.0 252.0 0.0 10
Heuristics 20 10 1 2 0.0 0.668 0.0 0.0 233.4 0.0 193.0 0.0 14
Heuristics 20 10 1 3 0.0 0.441 0.0 0.0 277.9 0.0 230.6 0.0 10
Heuristics 20 10 1 4 0.0 0.508 0.0 0.0 337.1 0.0 278.2 0.0 12
Heuristics 20 10 1 5 0.0 0.474 0.0 0.0 309.0 0.0 263.8 0.0 10
Heuristics 20 10 1 6 0.0 0.439 0.0 0.0 313.6 0.0 251.9 0.0 13
Heuristics 20 10 1 7 0.0 0.458 0.0 0.0 255.9 0.0 214.4 0.0 10
Heuristics 20 10 1 8 0.0 0.416 0.0 0.0 295.3 0.0 267.0 0.0 11
Heuristics 20 10 1 9 0.0 0.489 0.0 0.0 302.8 0.0 250.1 0.0 12
Heuristics 20 10 3 0 0.0 0.805 0.0 0.0 336.8 0.0 295.7 0.0 9
Heuristics 20 10 3 1 0.0 0.792 0.0 0.0 308.7 0.0 273.2 0.0 10
Heuristics 20 10 3 2 0.0 1.138 0.0 0.0 233.4 0.0 205.8 0.0 14
Heuristics 20 10 3 3 0.0 0.753 0.0 0.0 277.9 0.0 254.6 0.0 10
Heuristics 20 10 3 4 0.0 0.989 0.0 0.0 337.1 0.0 304.3 0.0 12
Heuristics 20 10 3 5 0.0 1.122 0.0 0.0 309.0 0.0 279.9 0.0 10
Heuristics 20 10 3 6 0.0 1.125 0.0 0.0 313.6 0.0 263.7 0.0 13
Heuristics 20 10 3 7 0.0 0.891 0.0 0.0 255.9 0.0 228.6 0.0 10
Heuristics 20 10 3 8 0.0 0.818 0.0 0.0 295.3 0.0 282.8 0.0 11
Heuristics 20 10 3 9 0.0 0.987 0.0 0.0 302.8 0.0 261.0 0.0 12
Heuristics 20 10 6 0 0.0 1.258 0.0 0.0 336.8 0.0 325.0 0.0 9
Heuristics 20 10 6 1 0.0 1.262 0.0 0.0 308.7 0.0 297.9 0.0 10
Heuristics 20 10 6 2 0.0 1.374 0.0 0.0 233.4 0.0 219.5 0.0 14
Heuristics 20 10 6 3 0.0 1.387 0.0 0.0 277.9 0.0 275.4 0.0 10
Heuristics 20 10 6 4 0.0 2.352 0.0 0.0 337.1 0.0 328.3 0.0 12
Heuristics 20 10 6 5 0.0 1.297 0.0 0.0 309.0 0.0 295.7 0.0 10
Heuristics 20 10 6 6 0.0 1.314 0.0 0.0 313.6 0.0 305.7 0.0 13
Heuristics 20 10 6 7 0.0 1.361 0.0 0.0 255.9 0.0 245.9 0.0 10
Heuristics 20 10 6 8 0.0 1.334 0.0 0.0 295.3 0.0 293.8 0.0 11
Heuristics 20 10 6 9 0.0 2.03 0.0 0.0 302.8 0.0 294.9 0.0 12
Heuristics 20 30 1 0 0.0 3.014 0.0 0.0 334.93333333333334 0.0 280.1 0.0 9
Heuristics 20 30 1 1 0.0 1.218 0.0 0.0 294.4 0.0 235.33333333333334 0.0 12
Heuristics 20 30 1 2 0.0 1.136 0.0 0.0 263.5 0.0 208.66666666666666 0.0 14
Heuristics 20 30 1 3 0.0 1.046 0.0 0.0 271.6666666666667 0.0 208.93333333333334 0.0 12
Heuristics 20 30 1 4 0.0 2.32 0.0 0.0 323.4 0.0 254.7 0.0 13
Heuristics 20 30 1 5 0.0 1.23 0.0 0.0 304.3 0.0 257.03333333333336 0.0 12
Heuristics 20 30 1 6 0.0 1.126 0.0 0.0 314.6666666666667 0.0 244.5 0.0 13
Heuristics 20 30 1 7 0.0 1.715 0.0 0.0 255.8 0.0 213.66666666666666 0.0 13
Heuristics 20 30 1 8 0.0 1.137 0.0 0.0 321.6 0.0 278.9 0.0 12
Heuristics 20 30 1 9 0.0 1.341 0.0 0.0 316.73333333333335 0.0 253.23333333333332 0.0 12
Heuristics 20 30 3 0 0.0 2.03 0.0 0.0 334.93333333333334 0.0 303.73333333333335 0.0 9
Heuristics 20 30 3 1 0.0 2.011 0.0 0.0 294.4 0.0 259.1666666666667 0.0 12
Heuristics 20 30 3 2 0.0 2.464 0.0 0.0 263.5 0.0 214.3 0.0 14
Heuristics 20 30 3 3 0.0 1.957 0.0 0.0 271.6666666666667 0.0 231.4 0.0 12
Heuristics 20 30 3 4 0.0 2.098 0.0 0.0 323.4 0.0 277.5 0.0 13
Heuristics 20 30 3 5 0.0 2.117 0.0 0.0 304.3 0.0 271.4 0.0 12
Heuristics 20 30 3 6 0.0 2.186 0.0 0.0 314.6666666666667 0.0 275.43333333333334 0.0 13
Heuristics 20 30 3 7 0.0 2.607 0.0 0.0 255.8 0.0 226.23333333333332 0.0 13
Heuristics 20 30 3 8 0.0 2.159 0.0 0.0 321.6 0.0 290.0 0.0 12
Heuristics 20 30 3 9 0.0 2.252 0.0 0.0 316.73333333333335 0.0 267.8333333333333 0.0 12
Heuristics 20 30 6 0 0.0 4.962 0.0 0.0 334.93333333333334 0.0 324.8666666666667 0.0 9
Heuristics 20 30 6 1 0.0 4.857 0.0 0.0 294.4 0.0 284.46666666666664 0.0 12
Heuristics 20 30 6 2 0.0 5.308 0.0 0.0 263.5 0.0 244.76666666666668 0.0 14
Heuristics 20 30 6 3 0.0 4.601 0.0 0.0 271.6666666666667 0.0 254.63333333333333 0.0 12
Heuristics 20 30 6 4 0.0 5.626 0.0 0.0 323.4 0.0 312.76666666666665 0.0 13
Heuristics 20 30 6 5 0.0 6.599 0.0 0.0 304.3 0.0 292.6666666666667 0.0 12
Heuristics 20 30 6 6 0.0 6.972 0.0 0.0 314.6666666666667 0.0 301.9 0.0 13
Heuristics 20 30 6 7 0.0 6.084 0.0 0.0 255.8 0.0 245.83333333333334 0.0 13
Heuristics 20 30 6 8 0.0 5.178 0.0 0.0 321.6 0.0 310.56666666666666 0.0 12
Heuristics 20 30 6 9 0.0 5.568 0.0 0.0 316.73333333333335 0.0 295.3333333333333 0.0 12
Heuristics 20 50 1 0 0.0 3.274 0.0 0.0 325.42 0.0 269.86 0.0 11
Heuristics 20 50 1 1 0.0 2.392 0.0 0.0 290.98 0.0 233.32 0.0 13
Heuristics 20 50 1 2 0.0 2.559 0.0 0.0 274.94 0.0 221.66 0.0 14
Heuristics 20 50 1 3 0.0 2.388 0.0 0.0 277.14 0.0 214.02 0.0 13
Heuristics 20 50 1 4 0.0 3.484 0.0 0.0 324.0 0.0 250.54 0.0 13
Heuristics 20 50 1 5 0.0 2.85 0.0 0.0 292.38 0.0 237.4 0.0 13
Heuristics 20 50 1 6 0.0 2.545 0.0 0.0 312.5 0.0 248.44 0.0 13
Heuristics 20 50 1 7 0.0 3.197 0.0 0.0 255.24 0.0 211.28 0.0 14
Heuristics 20 50 1 8 0.0 2.584 0.0 0.0 320.36 0.0 270.0 0.0 12
Heuristics 20 50 1 9 0.0 3.755 0.0 0.0 318.94 0.0 248.1 0.0 14
Heuristics 20 50 3 0 0.0 5.094 0.0 0.0 325.42 0.0 295.64 0.0 11
Heuristics 20 50 3 1 0.0 4.506 0.0 0.0 290.98 0.0 246.8 0.0 13
Heuristics 20 50 3 2 0.0 4.856 0.0 0.0 274.94 0.0 235.18 0.0 14
Heuristics 20 50 3 3 0.0 4.233 0.0 0.0 277.14 0.0 237.96 0.0 13
Heuristics 20 50 3 4 0.0 4.457 0.0 0.0 324.0 0.0 285.64 0.0 13
Heuristics 20 50 3 5 0.0 4.323 0.0 0.0 292.38 0.0 255.6 0.0 13
Heuristics 20 50 3 6 0.0 4.403 0.0 0.0 312.5 0.0 274.14 0.0 13
Heuristics 20 50 3 7 0.0 5.147 0.0 0.0 255.24 0.0 214.02 0.0 14
Heuristics 20 50 3 8 0.0 4.423 0.0 0.0 320.36 0.0 287.74 0.0 12
Heuristics 20 50 3 9 0.0 5.358 0.0 0.0 318.94 0.0 264.86 0.0 14
Heuristics 20 50 6 0 0.0 12.726 0.0 0.0 325.42 0.0 314.38 0.0 11
Heuristics 20 50 6 1 0.0 15.241 0.0 0.0 290.98 0.0 268.26 0.0 13
Heuristics 20 50 6 2 0.0 21.163 0.0 0.0 274.94 0.0 255.64 0.0 14
Heuristics 20 50 6 3 0.0 22.599 0.0 0.0 277.14 0.0 264.28 0.0 13
Heuristics 20 50 6 4 0.0 17.624 0.0 0.0 324.0 0.0 309.86 0.0 13
Heuristics 20 50 6 5 0.0 15.319 0.0 0.0 292.38 0.0 276.22 0.0 13
Heuristics 20 50 6 6 0.0 12.794 0.0 0.0 312.5 0.0 293.22 0.0 13
Heuristics 20 50 6 7 0.0 12.851 0.0 0.0 255.24 0.0 243.32 0.0 14
Heuristics 20 50 6 8 0.0 13.726 0.0 0.0 320.36 0.0 309.18 0.0 12
Heuristics 20 50 6 9 0.0 14.17 0.0 0.0 318.94 0.0 302.04 0.0 14
Heuristics 30 10 1 0 0.0 1.289 0.0 0.0 498.0 0.0 394.1 0.0 15
Heuristics 30 10 1 1 0.0 1.849 0.0 0.0 497.6 0.0 429.4 0.0 14
Heuristics 30 10 1 2 0.0 0.887 0.0 0.0 501.9 0.0 420.4 0.0 17
Heuristics 30 10 1 3 0.0 1.3 0.0 0.0 431.0 0.0 341.5 0.0 15
Heuristics 30 10 1 4 0.0 1.303 0.0 0.0 495.4 0.0 364.7 0.0 17
Heuristics 30 10 1 5 0.0 0.545 0.0 0.0 497.4 0.0 386.2 0.0 16
Heuristics 30 10 1 6 0.0 0.549 0.0 0.0 493.2 0.0 360.7 0.0 19
Heuristics 30 10 1 7 0.0 0.548 0.0 0.0 431.0 0.0 343.8 0.0 16
Heuristics 30 10 1 8 0.0 0.471 0.0 0.0 484.0 0.0 404.5 0.0 17
Heuristics 30 10 1 9 0.0 0.511 0.0 0.0 516.4 0.0 405.0 0.0 18
Heuristics 30 10 3 0 0.0 0.845 0.0 0.0 498.0 0.0 426.8 0.0 15
Heuristics 30 10 3 1 0.0 0.894 0.0 0.0 497.6 0.0 426.0 0.0 14
Heuristics 30 10 3 2 0.0 0.959 0.0 0.0 501.9 0.0 432.7 0.0 17
Heuristics 30 10 3 3 0.0 1.521 0.0 0.0 431.0 0.0 370.9 0.0 15
Heuristics 30 10 3 4 0.0 0.983 0.0 0.0 495.4 0.0 393.2 0.0 17
Heuristics 30 10 3 5 0.0 1.106 0.0 0.0 497.4 0.0 400.5 0.0 16
Heuristics 30 10 3 6 0.0 1.214 0.0 0.0 493.2 0.0 370.9 0.0 19
Heuristics 30 10 3 7 0.0 0.902 0.0 0.0 431.0 0.0 356.5 0.0 16
Heuristics 30 10 3 8 0.0 0.942 0.0 0.0 484.0 0.0 423.7 0.0 17
Heuristics 30 10 3 9 0.0 1.053 0.0 0.0 516.4 0.0 425.8 0.0 18
Heuristics 30 10 6 0 0.0 1.334 0.0 0.0 498.0 0.0 446.4 0.0 15
Heuristics 30 10 6 1 0.0 1.427 0.0 0.0 497.6 0.0 453.1 0.0 14
Heuristics 30 10 6 2 0.0 1.264 0.0 0.0 501.9 0.0 455.7 0.0 17
Heuristics 30 10 6 3 0.0 1.296 0.0 0.0 431.0 0.0 389.1 0.0 15
Heuristics 30 10 6 4 0.0 1.277 0.0 0.0 495.4 0.0 438.6 0.0 17
Heuristics 30 10 6 5 0.0 1.386 0.0 0.0 497.4 0.0 432.4 0.0 16
Heuristics 30 10 6 6 0.0 1.402 0.0 0.0 493.2 0.0 418.6 0.0 19
Heuristics 30 10 6 7 0.0 1.339 0.0 0.0 431.0 0.0 378.4 0.0 16
Heuristics 30 10 6 8 0.0 1.347 0.0 0.0 484.0 0.0 463.8 0.0 17
Heuristics 30 10 6 9 0.0 1.476 0.0 0.0 516.4 0.0 467.9 0.0 18
Heuristics 30 30 1 0 0.0 1.23 0.0 0.0 511.4 0.0 393.6333333333333 0.0 18
Heuristics 30 30 1 1 0.0 1.204 0.0 0.0 471.0 0.0 380.4 0.0 18
Heuristics 30 30 1 2 0.0 1.475 0.0 0.0 501.53333333333336 0.0 395.96666666666664 0.0 18
Heuristics 30 30 1 3 0.0 1.147 0.0 0.0 421.2 0.0 315.6666666666667 0.0 18
Heuristics 30 30 1 4 0.0 1.431 0.0 0.0 514.6333333333333 0.0 371.23333333333335 0.0 17
Heuristics 30 30 1 5 0.0 1.302 0.0 0.0 498.43333333333334 0.0 376.3 0.0 18
Heuristics 30 30 1 6 0.0 1.811 0.0 0.0 498.53333333333336 0.0 388.6666666666667 0.0 22
Heuristics 30 30 1 7 0.0 1.567 0.0 0.0 437.23333333333335 0.0 342.6333333333333 0.0 19
Heuristics 30 30 1 8 0.0 1.283 0.0 0.0 466.96666666666664 0.0 383.6 0.0 18
Heuristics 30 30 1 9 0.0 1.808 0.0 0.0 530.7666666666667 0.0 404.93333333333334 0.0 18
Heuristics 30 30 3 0 0.0 2.758 0.0 0.0 511.4 0.0 409.56666666666666 0.0 18
Heuristics 30 30 3 1 0.0 2.364 0.0 0.0 471.0 0.0 391.3333333333333 0.0 18
Heuristics 30 30 3 2 0.0 2.235 0.0 0.0 501.53333333333336 0.0 405.1 0.0 18
Heuristics 30 30 3 3 0.0 2.2 0.0 0.0 421.2 0.0 336.0 0.0 18
Heuristics 30 30 3 4 0.0 2.282 0.0 0.0 514.6333333333333 0.0 405.53333333333336 0.0 17
Heuristics 30 30 3 5 0.0 2.248 0.0 0.0 498.43333333333334 0.0 400.4 0.0 18
Heuristics 30 30 3 6 0.0 2.74 0.0 0.0 498.53333333333336 0.0 406.6 0.0 22
Heuristics 30 30 3 7 0.0 2.229 0.0 0.0 437.23333333333335 0.0 351.8666666666667 0.0 19
Heuristics 30 30 3 8 0.0 2.302 0.0 0.0 466.96666666666664 0.0 395.9 0.0 18
Heuristics 30 30 3 9 0.0 2.341 0.0 0.0 530.7666666666667 0.0 430.6333333333333 0.0 18
Heuristics 30 30 6 0 0.0 5.426 0.0 0.0 511.4 0.0 444.53333333333336 0.0 18
Heuristics 30 30 6 1 0.0 5.009 0.0 0.0 471.0 0.0 417.6 0.0 18
Heuristics 30 30 6 2 0.0 5.567 0.0 0.0 501.53333333333336 0.0 427.9 0.0 18
Heuristics 30 30 6 3 0.0 5.225 0.0 0.0 421.2 0.0 369.5 0.0 18
Heuristics 30 30 6 4 0.0 5.735 0.0 0.0 514.6333333333333 0.0 444.8 0.0 17
Heuristics 30 30 6 5 0.0 5.541 0.0 0.0 498.43333333333334 0.0 433.1333333333333 0.0 18
Heuristics 30 30 6 6 0.0 5.891 0.0 0.0 498.53333333333336 0.0 436.9 0.0 22
Heuristics 30 30 6 7 0.0 6.423 0.0 0.0 437.23333333333335 0.0 385.1666666666667 0.0 19
Heuristics 30 30 6 8 0.0 5.612 0.0 0.0 466.96666666666664 0.0 421.5 0.0 18
Heuristics 30 30 6 9 0.0 5.857 0.0 0.0 530.7666666666667 0.0 465.6333333333333 0.0 18
Heuristics 30 50 1 0 0.0 2.708 0.0 0.0 505.92 0.0 388.96 0.0 18
Heuristics 30 50 1 1 0.0 2.869 0.0 0.0 466.38 0.0 363.76 0.0 19
Heuristics 30 50 1 2 0.0 2.558 0.0 0.0 497.96 0.0 386.84 0.0 18
Heuristics 30 50 1 3 0.0 2.548 0.0 0.0 428.44 0.0 322.08 0.0 19
Heuristics 30 50 1 4 0.0 2.638 0.0 0.0 514.78 0.0 368.7 0.0 18
Heuristics 30 50 1 5 0.0 2.606 0.0 0.0 506.68 0.0 381.16 0.0 19
Heuristics 30 50 1 6 0.0 3.107 0.0 0.0 486.54 0.0 365.28 0.0 22
Heuristics 30 50 1 7 0.0 2.628 0.0 0.0 431.5 0.0 337.06 0.0 22
Heuristics 30 50 1 8 0.0 2.639 0.0 0.0 458.36 0.0 360.58 0.0 18
Heuristics 30 50 1 9 0.0 2.613 0.0 0.0 528.46 0.0 404.14 0.0 19
Heuristics 30 50 3 0 0.0 4.211 0.0 0.0 505.92 0.0 398.9 0.0 18
Heuristics 30 50 3 1 0.0 4.105 0.0 0.0 466.38 0.0 386.42 0.0 19
Heuristics 30 50 3 2 0.0 4.188 0.0 0.0 497.96 0.0 394.32 0.0 18
Heuristics 30 50 3 3 0.0 4.14 0.0 0.0 428.44 0.0 341.2 0.0 19
Heuristics 30 50 3 4 0.0 4.263 0.0 0.0 514.78 0.0 403.86 0.0 18
Heuristics 30 50 3 5 0.0 5.294 0.0 0.0 506.68 0.0 405.58 0.0 19
Heuristics 30 50 3 6 0.0 5.02 0.0 0.0 486.54 0.0 375.46 0.0 22
Heuristics 30 50 3 7 0.0 4.345 0.0 0.0 431.5 0.0 353.06 0.0 22
Heuristics 30 50 3 8 0.0 4.899 0.0 0.0 458.36 0.0 370.62 0.0 18
Heuristics 30 50 3 9 0.0 4.451 0.0 0.0 528.46 0.0 426.36 0.0 19
Heuristics 30 50 6 0 0.0 11.231 0.0 0.0 505.92 0.0 437.04 0.0 18
Heuristics 30 50 6 1 0.0 10.949 0.0 0.0 466.38 0.0 407.44 0.0 19
Heuristics 30 50 6 2 0.0 11.725 0.0 0.0 497.96 0.0 440.1 0.0 18
Heuristics 30 50 6 3 0.0 11.846 0.0 0.0 428.44 0.0 371.22 0.0 19
Heuristics 30 50 6 4 0.0 13.203 0.0 0.0 514.78 0.0 441.34 0.0 18
Heuristics 30 50 6 5 0.0 11.916 0.0 0.0 506.68 0.0 444.72 0.0 19
Heuristics 30 50 6 6 0.0 13.848 0.0 0.0 486.54 0.0 416.66 0.0 22
Heuristics 30 50 6 7 0.0 12.238 0.0 0.0 431.5 0.0 383.9 0.0 22
Heuristics 30 50 6 8 0.0 16.115 0.0 0.0 458.36 0.0 405.18 0.0 18
Heuristics 30 50 6 9 0.0 13.278 0.0 0.0 528.46 0.0 465.54 0.0 19
Heuristics 40 10 1 0 0.0 3.93 0.0 0.0 672.3 0.0 538.6 0.0 23
Heuristics 40 10 1 1 0.0 1.717 0.0 0.0 724.0 0.0 589.3 0.0 19
Heuristics 40 10 1 2 0.0 0.527 0.0 0.0 624.5 0.0 452.0 0.0 22
Heuristics 40 10 1 3 0.0 0.723 0.0 0.0 598.3 0.0 478.4 0.0 22
Heuristics 40 10 1 4 0.0 0.692 0.0 0.0 637.1 0.0 460.1 0.0 20
Heuristics 40 10 1 5 0.0 0.571 0.0 0.0 716.7 0.0 555.8 0.0 22
Heuristics 40 10 1 6 0.0 0.67 0.0 0.0 632.7 0.0 472.2 0.0 22
Heuristics 40 10 1 7 0.0 0.612 0.0 0.0 540.1 0.0 412.4 0.0 20
Heuristics 40 10 1 8 0.0 0.521 0.0 0.0 618.3 0.0 498.2 0.0 23
Heuristics 40 10 1 9 0.0 0.694 0.0 0.0 668.9 0.0 533.5 0.0 24
Heuristics 40 10 3 0 0.0 0.942 0.0 0.0 672.3 0.0 552.2 0.0 23
Heuristics 40 10 3 1 0.0 1.379 0.0 0.0 724.0 0.0 602.9 0.0 19
Heuristics 40 10 3 2 0.0 1.194 0.0 0.0 624.5 0.0 472.9 0.0 22
Heuristics 40 10 3 3 0.0 1.181 0.0 0.0 598.3 0.0 501.3 0.0 22
Heuristics 40 10 3 4 0.0 0.962 0.0 0.0 637.1 0.0 481.6 0.0 20
Heuristics 40 10 3 5 0.0 0.853 0.0 0.0 716.7 0.0 563.5 0.0 22
Heuristics 40 10 3 6 0.0 1.067 0.0 0.0 632.7 0.0 491.1 0.0 22
Heuristics 40 10 3 7 0.0 0.858 0.0 0.0 540.1 0.0 443.2 0.0 20
Heuristics 40 10 3 8 0.0 0.856 0.0 0.0 618.3 0.0 510.0 0.0 23
Heuristics 40 10 3 9 0.0 0.992 0.0 0.0 668.9 0.0 548.7 0.0 24
Heuristics 40 10 6 0 0.0 1.381 0.0 0.0 672.3 0.0 586.8 0.0 23
Heuristics 40 10 6 1 0.0 1.368 0.0 0.0 724.0 0.0 634.2 0.0 19
Heuristics 40 10 6 2 0.0 1.459 0.0 0.0 624.5 0.0 510.4 0.0 22
Heuristics 40 10 6 3 0.0 2.564 0.0 0.0 598.3 0.0 533.8 0.0 22
Heuristics 40 10 6 4 0.0 1.477 0.0 0.0 637.1 0.0 523.8 0.0 20
Heuristics 40 10 6 5 0.0 1.445 0.0 0.0 716.7 0.0 607.6 0.0 22
Heuristics 40 10 6 6 0.0 1.609 0.0 0.0 632.7 0.0 529.2 0.0 22
Heuristics 40 10 6 7 0.0 1.334 0.0 0.0 540.1 0.0 491.8 0.0 20
Heuristics 40 10 6 8 0.0 1.314 0.0 0.0 618.3 0.0 543.8 0.0 23
Heuristics 40 10 6 9 0.0 1.507 0.0 0.0 668.9 0.0 576.2 0.0 24
Heuristics 40 30 1 0 0.0 1.715 0.0 0.0 677.6666666666666 0.0 511.23333333333335 0.0 24
Heuristics 40 30 1 1 0.0 1.478 0.0 0.0 676.8666666666667 0.0 526.8 0.0 24
Heuristics 40 30 1 2 0.0 2.249 0.0 0.0 643.1 0.0 477.23333333333335 0.0 24
Heuristics 40 30 1 3 0.0 1.304 0.0 0.0 600.6333333333333 0.0 457.06666666666666 0.0 23
Heuristics 40 30 1 4 0.0 1.294 0.0 0.0 672.6333333333333 0.0 499.9 0.0 23
Heuristics 40 30 1 5 0.0 1.226 0.0 0.0 704.1333333333333 0.0 550.8666666666667 0.0 24
Heuristics 40 30 1 6 0.0 1.289 0.0 0.0 627.3333333333334 0.0 455.8 0.0 24
Heuristics 40 30 1 7 0.0 1.339 0.0 0.0 547.2 0.0 408.93333333333334 0.0 26
Heuristics 40 30 1 8 0.0 1.199 0.0 0.0 650.8333333333334 0.0 497.6666666666667 0.0 23
Heuristics 40 30 1 9 0.0 1.37 0.0 0.0 680.6333333333333 0.0 518.5666666666667 0.0 25
Heuristics 40 30 3 0 0.0 2.12 0.0 0.0 677.6666666666666 0.0 530.5666666666667 0.0 24
Heuristics 40 30 3 1 0.0 2.09 0.0 0.0 676.8666666666667 0.0 543.1666666666666 0.0 24
Heuristics 40 30 3 2 0.0 2.133 0.0 0.0 643.1 0.0 500.8333333333333 0.0 24
Heuristics 40 30 3 3 0.0 2.764 0.0 0.0 600.6333333333333 0.0 478.8666666666667 0.0 23
Heuristics 40 30 3 4 0.0 2.18 0.0 0.0 672.6333333333333 0.0 521.6333333333333 0.0 23
Heuristics 40 30 3 5 0.0 2.095 0.0 0.0 704.1333333333333 0.0 575.2333333333333 0.0 24
Heuristics 40 30 3 6 0.0 2.333 0.0 0.0 627.3333333333334 0.0 483.93333333333334 0.0 24
Heuristics 40 30 3 7 0.0 3.201 0.0 0.0 547.2 0.0 425.46666666666664 0.0 26
Heuristics 40 30 3 8 0.0 2.717 0.0 0.0 650.8333333333334 0.0 513.1333333333333 0.0 23
Heuristics 40 30 3 9 0.0 2.514 0.0 0.0 680.6333333333333 0.0 537.0666666666667 0.0 25
Heuristics 40 30 6 0 0.0 5.294 0.0 0.0 677.6666666666666 0.0 560.6 0.0 24
Heuristics 40 30 6 1 0.0 5.568 0.0 0.0 676.8666666666667 0.0 568.0333333333333 0.0 24
Heuristics 40 30 6 2 0.0 5.108 0.0 0.0 643.1 0.0 518.2333333333333 0.0 24
Heuristics 40 30 6 3 0.0 5.379 0.0 0.0 600.6333333333333 0.0 505.8333333333333 0.0 23
Heuristics 40 30 6 4 0.0 5.547 0.0 0.0 672.6333333333333 0.0 561.1666666666666 0.0 23
Heuristics 40 30 6 5 0.0 5.609 0.0 0.0 704.1333333333333 0.0 592.8 0.0 24
Heuristics 40 30 6 6 0.0 5.768 0.0 0.0 627.3333333333334 0.0 524.0 0.0 24
Heuristics 40 30 6 7 0.0 5.834 0.0 0.0 547.2 0.0 462.76666666666665 0.0 26
Heuristics 40 30 6 8 0.0 5.744 0.0 0.0 650.8333333333334 0.0 542.9 0.0 23
Heuristics 40 30 6 9 0.0 6.422 0.0 0.0 680.6333333333333 0.0 568.6666666666666 0.0 25
Heuristics 40 50 1 0 0.0 3.553 0.0 0.0 682.42 0.0 514.26 0.0 24
Heuristics 40 50 1 1 0.0 2.806 0.0 0.0 664.12 0.0 504.9 0.0 25
Heuristics 40 50 1 2 0.0 2.377 0.0 0.0 661.5 0.0 505.28 0.0 24
Heuristics 40 50 1 3 0.0 2.565 0.0 0.0 596.1 0.0 452.92 0.0 23
Heuristics 40 50 1 4 0.0 2.592 0.0 0.0 666.56 0.0 493.44 0.0 25
Heuristics 40 50 1 5 0.0 2.565 0.0 0.0 689.34 0.0 529.46 0.0 24
Heuristics 40 50 1 6 0.0 2.643 0.0 0.0 623.4 0.0 430.48 0.0 25
Heuristics 40 50 1 7 0.0 2.784 0.0 0.0 549.28 0.0 405.5 0.0 29
Heuristics 40 50 1 8 0.0 2.518 0.0 0.0 641.02 0.0 487.88 0.0 24
Heuristics 40 50 1 9 0.0 2.572 0.0 0.0 691.48 0.0 526.5 0.0 25
Heuristics 40 50 3 0 0.0 4.085 0.0 0.0 682.42 0.0 520.98 0.0 24
Heuristics 40 50 3 1 0.0 4.112 0.0 0.0 664.12 0.0 519.28 0.0 25
Heuristics 40 50 3 2 0.0 3.977 0.0 0.0 661.5 0.0 526.38 0.0 24
Heuristics 40 50 3 3 0.0 4.092 0.0 0.0 596.1 0.0 465.76 0.0 23
Heuristics 40 50 3 4 0.0 4.052 0.0 0.0 666.56 0.0 518.7 0.0 25
Heuristics 40 50 3 5 0.0 4.148 0.0 0.0 689.34 0.0 545.22 0.0 24
Heuristics 40 50 3 6 0.0 5.136 0.0 0.0 623.4 0.0 477.54 0.0 25
Heuristics 40 50 3 7 0.0 5.549 0.0 0.0 549.28 0.0 422.02 0.0 29
Heuristics 40 50 3 8 0.0 4.437 0.0 0.0 641.02 0.0 498.1 0.0 24
Heuristics 40 50 3 9 0.0 5.211 0.0 0.0 691.48 0.0 530.48 0.0 25
Heuristics 40 50 6 0 0.0 11.323 0.0 0.0 682.42 0.0 545.54 0.0 24
Heuristics 40 50 6 1 0.0 11.826 0.0 0.0 664.12 0.0 566.38 0.0 25
Heuristics 40 50 6 2 0.0 10.689 0.0 0.0 661.5 0.0 558.72 0.0 24
Heuristics 40 50 6 3 0.0 11.58 0.0 0.0 596.1 0.0 494.86 0.0 23
Heuristics 40 50 6 4 0.0 12.615 0.0 0.0 666.56 0.0 548.62 0.0 25
Heuristics 40 50 6 5 0.0 12.672 0.0 0.0 689.34 0.0 574.4 0.0 24
Heuristics 40 50 6 6 0.0 12.863 0.0 0.0 623.4 0.0 508.8 0.0 25
Heuristics 40 50 6 7 0.0 14.628 0.0 0.0 549.28 0.0 455.52 0.0 29
Heuristics 40 50 6 8 0.0 13.906 0.0 0.0 641.02 0.0 523.24 0.0 24
Heuristics 40 50 6 9 0.0 12.526 0.0 0.0 691.48 0.0 568.58 0.0 25





Heuristics 100 100 5 0 0.0 7.304 0.0 0.0 1541.04 0.0 1112.88 0.0 56
Heuristics 100 100 5 1 0.0 7.171 0.0 0.0 1681.88 0.0 1270.82 0.0 60
Heuristics 100 100 5 2 0.0 7.294 0.0 0.0 1715.87 0.0 1313.63 0.0 60
Heuristics 100 100 5 3 0.0 11.653 0.0 0.0 1558.57 0.0 1198.48 0.0 57
Heuristics 100 100 5 4 0.0 8.84 0.0 0.0 1694.13 0.0 1246.76 0.0 57
Heuristics 100 100 5 5 0.0 8.225 0.0 0.0 1694.66 0.0 1311.73 0.0 58
Heuristics 100 100 5 6 0.0 8.33 0.0 0.0 1782.42 0.0 1304.04 0.0 56
Heuristics 100 100 5 7 0.0 9.011 0.0 0.0 1536.25 0.0 1152.22 0.0 61
Heuristics 100 100 5 8 0.0 9.685 0.0 0.0 1649.26 0.0 1245.16 0.0 56
Heuristics 100 100 5 9 0.0 10.667 0.0 0.0 1690.59 0.0 1244.51 0.0 58
Heuristics 100 100 10 0 0.0 26.372 0.0 0.0 1541.04 0.0 1176.26 0.0 56
Heuristics 100 100 10 1 0.0 23.977 0.0 0.0 1681.88 0.0 1356.19 0.0 60
Heuristics 100 100 10 2 0.0 24.343 0.0 0.0 1715.87 0.0 1360.75 0.0 60
Heuristics 100 100 10 3 0.0 27.449 0.0 0.0 1558.57 0.0 1224.02 0.0 57
Heuristics 100 100 10 4 0.0 26.295 0.0 0.0 1694.13 0.0 1306.89 0.0 57
Heuristics 100 100 10 5 0.0 27.045 0.0 0.0 1694.66 0.0 1358.66 0.0 58
Heuristics 100 100 10 6 0.0 27.748 0.0 0.0 1782.42 0.0 1369.06 0.0 56
Heuristics 100 100 10 7 0.0 31.233 0.0 0.0 1536.25 0.0 1176.79 0.0 61
Heuristics 100 100 10 8 0.0 29.936 0.0 0.0 1649.26 0.0 1298.52 0.0 56
Heuristics 100 100 10 9 0.0 30.207 0.0 0.0 1690.59 0.0 1310.64 0.0 58
Heuristics 100 100 20 0 0.0 32.489 0.0 0.0 1541.04 0.0 1287.76 0.0 56
Heuristics 100 100 20 1 0.0 30.203 0.0 0.0 1681.88 0.0 1426.33 0.0 60
Heuristics 100 100 20 2 0.0 33.799 0.0 0.0 1715.87 0.0 1475.79 0.0 60
Heuristics 100 100 20 3 0.0 34.976 0.0 0.0 1558.57 0.0 1320.66 0.0 57
Heuristics 100 100 20 4 0.0 34.676 0.0 0.0 1694.13 0.0 1429.14 0.0 57
Heuristics 100 100 20 5 0.0 34.949 0.0 0.0 1694.66 0.0 1447.77 0.0 58
Heuristics 100 100 20 6 0.0 34.262 0.0 0.0 1782.42 0.0 1495.05 0.0 56
Heuristics 100 100 20 7 0.0 37.252 0.0 0.0 1536.25 0.0 1312.24 0.0 61
Heuristics 100 100 20 8 0.0 36.327 0.0 0.0 1649.26 0.0 1412.8 0.0 56
Heuristics 100 100 20 9 0.0 38.001 0.0 0.0 1690.59 0.0 1429.42 0.0 58
Heuristics 100 500 5 0 0.0 42.751 0.0 0.0 1550.108 0.0 1123.646 0.0 62
Heuristics 100 500 5 1 0.0 47.32 0.0 0.0 1683.022 0.0 1295.988 0.0 65
Heuristics 100 500 5 2 0.0 49.808 0.0 0.0 1723.2619999999936 0.0 1319.034 0.0 63
Heuristics 100 500 5 3 0.0 53.105 0.0 0.0 1535.5519999999992 0.0 1183.402 0.0 58
Heuristics 100 500 5 4 0.0 55.263 0.0 0.0 1697.278 0.0 1250.992 0.0 62
Heuristics 100 500 5 5 0.0 57.208 0.0 0.0 1686.4039999999995 0.0 1292.088 0.0 61
Heuristics 100 500 5 6 0.0 61.997 0.0 0.0 1795.216 0.0 1309.264 0.0 64
Heuristics 100 500 5 7 0.0 65.699 0.0 0.0 1549.262 0.0 1151.09 0.0 62
Heuristics 100 500 5 8 0.0 74.662 0.0 0.0 1649.912 0.0 1234.914 0.0 57
Heuristics 100 500 5 9 0.0 71.72 0.0 0.0 1705.4119999999996 0.0 1264.494 0.0 59
Heuristics 100 500 10 0 0.0 286.01 0.0 0.0 1550.108 0.0 1174.486 0.0 62
Heuristics 100 500 10 1 0.0 290.537 0.0 0.0 1683.022 0.0 1332.544 0.0 65
Heuristics 100 500 10 2 0.0 303.179 0.0 0.0 1723.2619999999936 0.0 1380.392 0.0 63
Heuristics 100 500 10 3 0.0 330.706 0.0 0.0 1535.5519999999992 0.0 1228.716 0.0 58
Heuristics 100 500 10 4 0.0 340.127 0.0 0.0 1697.278 0.0 1312.862 0.0 62
Heuristics 100 500 10 5 0.0 340.647 0.0 0.0 1686.4039999999995 0.0 1333.99 0.0 61
Heuristics 100 500 10 6 0.0 373.879 0.0 0.0 1795.216 0.0 1373.29 0.0 64
Heuristics 100 500 10 7 0.0 369.487 0.0 0.0 1549.262 0.0 1202.006 0.0 62
Heuristics 100 500 10 8 0.0 375.215 0.0 0.0 1649.912 0.0 1282.03 0.0 57
Heuristics 100 500 10 9 0.0 388.727 0.0 0.0 1705.4119999999996 0.0 1319.658 0.0 59
Heuristics 100 500 20 0 0.0 495.449 0.0 0.0 1550.108 0.0 1292.098 0.0 62
Heuristics 100 500 20 1 0.0 491.601 0.0 0.0 1683.022 0.0 1439.63 0.0 65
Heuristics 100 500 20 2 0.0 512.119 0.0 0.0 1723.2619999999936 0.0 1458.668 0.0 63
Heuristics 100 500 20 3 0.0 536.728 0.0 0.0 1535.5519999999992 0.0 1310.032 0.0 58
Heuristics 100 500 20 4 0.0 571.663 0.0 0.0 1697.278 0.0 1430.258 0.0 62
Heuristics 100 500 20 5 0.0 560.922 0.0 0.0 1686.4039999999995 0.0 1430.786 0.0 61
Heuristics 100 500 20 6 0.0 566.489 0.0 0.0 1795.216 0.0 1486.798 0.0 64
Heuristics 100 500 20 7 0.0 585.902 0.0 0.0 1549.262 0.0 1294.864 0.0 62
Heuristics 100 500 20 8 0.0 611.901 0.0 0.0 1649.912 0.0 1388.206 0.0 57
Heuristics 100 500 20 9 0.0 624.926 0.0 0.0 1705.4119999999996 0.0 1439.478 0.0 59
Heuristics 200 100 10 0 0.0 25.996 0.0 0.0 3307.81 0.0 2465.54 0.0 107
Heuristics 200 100 10 1 0.0 19.95 0.0 0.0 3445.059999999999 0.0 2553.84 0.0 110
Heuristics 200 100 10 2 0.0 19.369 0.0 0.0 3477.42 0.0 2589.42 0.0 109
Heuristics 200 100 10 3 0.0 23.299 0.0 0.0 3145.21 0.0 2362.57 0.0 102
Heuristics 200 100 10 4 0.0 21.333 0.0 0.0 3408.9999999999945 0.0 2480.61 0.0 101
Heuristics 200 100 10 5 0.0 21.984 0.0 0.0 3420.85 0.0 2540.41 0.0 108
Heuristics 200 100 10 6 0.0 23.253 0.0 0.0 3562.119999999987 0.0 2644.72 0.0 109
Heuristics 200 100 10 7 0.0 22.635 0.0 0.0 3410.38 0.0 2550.49 0.0 101
Heuristics 200 100 10 8 0.0 28.932 0.0 0.0 3441.179999999993 0.0 2583.4 0.0 104
Heuristics 200 100 10 9 0.0 28.427 0.0 0.0 3360.8499999999976 0.0 2418.57 0.0 108
Heuristics 200 100 20 0 0.0 34.693 0.0 0.0 3307.81 0.0 2587.71 0.0 107
Heuristics 200 100 20 1 0.0 28.701 0.0 0.0 3445.059999999999 0.0 2639.28 0.0 110
Heuristics 200 100 20 2 0.0 30.273 0.0 0.0 3477.42 0.0 2708.23 0.0 109
Heuristics 200 100 20 3 0.0 32.495 0.0 0.0 3145.21 0.0 2453.03 0.0 102
Heuristics 200 100 20 4 0.0 30.019 0.0 0.0 3408.9999999999945 0.0 2615.49 0.0 101
Heuristics 200 100 20 5 0.0 32.116 0.0 0.0 3420.85 0.0 2672.74 0.0 108
Heuristics 200 100 20 6 0.0 31.006 0.0 0.0 3562.119999999987 0.0 2767.52 0.0 109
Heuristics 200 100 20 7 0.0 33.484 0.0 0.0 3410.38 0.0 2638.31 0.0 101
Heuristics 200 100 20 8 0.0 34.433 0.0 0.0 3441.179999999993 0.0 2683.78 0.0 104
Heuristics 200 100 20 9 0.0 38.04 0.0 0.0 3360.8499999999976 0.0 2543.88 0.0 108
Heuristics 200 100 40 0 0.0 36.72 0.0 0.0 3307.81 0.0 2809.87 0.0 107
Heuristics 200 100 40 1 0.0 34.501 0.0 0.0 3445.059999999999 0.0 2868.92 0.0 110
Heuristics 200 100 40 2 0.0 36.596 0.0 0.0 3477.42 0.0 2934.15 0.0 109
Heuristics 200 100 40 3 0.0 37.603 0.0 0.0 3145.21 0.0 2690.9 0.0 102
Heuristics 200 100 40 4 0.0 37.939 0.0 0.0 3408.9999999999945 0.0 2852.61 0.0 101
Heuristics 200 100 40 5 0.0 37.238 0.0 0.0 3420.85 0.0 2898.76 0.0 108
Heuristics 200 100 40 6 0.0 37.847 0.0 0.0 3562.119999999987 0.0 2997.81 0.0 109
Heuristics 200 100 40 7 0.0 39.858 0.0 0.0 3410.38 0.0 2903.37 0.0 101
Heuristics 200 100 40 8 0.0 41.718 0.0 0.0 3441.179999999993 0.0 2926.76 0.0 104
Heuristics 200 100 40 9 0.0 41.0 0.0 0.0 3360.8499999999976 0.0 2801.43 0.0 108
Heuristics 200 500 10 0 0.0 181.784 0.0 0.0 3291.878 0.0 2420.756 0.0 110
Heuristics 200 500 10 1 0.0 193.824 0.0 0.0 3448.052 0.0 2524.942 0.0 116
Heuristics 200 500 10 2 0.0 208.427 0.0 0.0 3482.426 0.0 2604.094 0.0 111
Heuristics 200 500 10 3 0.0 221.468 0.0 0.0 3139.0939999999982 0.0 2363.482 0.0 104
Heuristics 200 500 10 4 0.0 230.416 0.0 0.0 3382.9879999999976 0.0 2436.56 0.0 110
Heuristics 200 500 10 5 0.0 239.62 0.0 0.0 3396.3719999999967 0.0 2507.998 0.0 112
Heuristics 200 500 10 6 0.0 275.904 0.0 0.0 3570.177999999996 0.0 2640.726 0.0 115
Heuristics 200 500 10 7 0.0 271.459 0.0 0.0 3389.929999999999 0.0 2535.586 0.0 107
Heuristics 200 500 10 8 0.0 312.127 0.0 0.0 3407.559999999998 0.0 2485.054 0.0 110
Heuristics 200 500 10 9 0.0 326.563 0.0 0.0 3358.571999999994 0.0 2440.608 0.0 111
Heuristics 200 500 20 0 0.0 372.131 0.0 0.0 3291.878 0.0 2519.486 0.0 110
Heuristics 200 500 20 1 0.0 386.611 0.0 0.0 3448.052 0.0 2647.19 0.0 116
Heuristics 200 500 20 2 0.0 401.857 0.0 0.0 3482.426 0.0 2721.592 0.0 111
Heuristics 200 500 20 3 0.0 419.597 0.0 0.0 3139.0939999999982 0.0 2450.532 0.0 104
Heuristics 200 500 20 4 0.0 434.517 0.0 0.0 3382.9879999999976 0.0 2536.982 0.0 110
Heuristics 200 500 20 5 0.0 440.405 0.0 0.0 3396.3719999999967 0.0 2628.398 0.0 112
Heuristics 200 500 20 6 0.0 450.832 0.0 0.0 3570.177999999996 0.0 2778.834 0.0 115
Heuristics 200 500 20 7 0.0 478.548 0.0 0.0 3389.929999999999 0.0 2654.498 0.0 107
Heuristics 200 500 20 8 0.0 516.886 0.0 0.0 3407.559999999998 0.0 2614.376 0.0 110
Heuristics 200 500 20 9 0.0 511.132 0.0 0.0 3358.571999999994 0.0 2566.592 0.0 111
Heuristics 200 500 40 0 0.0 524.382 0.0 0.0 3291.878 0.0 2779.034 0.0 110
Heuristics 200 500 40 1 0.0 520.651 0.0 0.0 3448.052 0.0 2854.01 0.0 116
Heuristics 200 500 40 2 0.0 543.709 0.0 0.0 3482.426 0.0 2947.538 0.0 111
Heuristics 200 500 40 3 0.0 577.981 0.0 0.0 3139.0939999999982 0.0 2664.864 0.0 104
Heuristics 200 500 40 4 0.0 598.593 0.0 0.0 3382.9879999999976 0.0 2829.25 0.0 110
Heuristics 200 500 40 5 0.0 592.706 0.0 0.0 3396.3719999999967 0.0 2818.296 0.0 112
Heuristics 200 500 40 6 0.0 590.308 0.0 0.0 3570.177999999996 0.0 2983.74 0.0 115
Heuristics 200 500 40 7 0.0 620.169 0.0 0.0 3389.929999999999 0.0 2917.746 0.0 107
Heuristics 200 500 40 8 0.0 660.924 0.0 0.0 3407.559999999998 0.0 2840.1 0.0 110
Heuristics 200 500 40 9 0.0 688.429 0.0 0.0 3358.571999999994 0.0 2817.264 0.0 111
