Heuristics data/Grid10x10_100-200_0.txt 10 20 1.191 1.239 30.462000000000003 531.3 296.0 440.8 385.6 351.0 77
Heuristics data/Grid10x10_100-200_1.txt 10 20 1.153 1.3079999999999998 10.081 530.0 320.2 461.5 389.4 354.4 65
Heuristics data/Grid10x10_100-200_2.txt 10 20 1.18 1.2980000000000003 13.349 621.0 353.8 531.0 448.2 418.4 66
Heuristics data/Grid10x10_100-200_3.txt 10 20 1.203 1.308 9.25 443.2 331.4 439.4 386.1 379.9 61
Heuristics data/Grid10x10_100-200_4.txt 10 20 1.23 1.4089999999999998 14.045000000000002 533.1 337.8 491.0 429.1 410.9 87
Heuristics data/Grid10x10_100-200_5.txt 10 20 1.245 1.374 10.595 519.1 306.3 472.8 414.2 367.5 73
Heuristics data/Grid10x10_100-200_6.txt 10 20 1.264 1.3949999999999998 12.862000000000002 571.6 315.9 522.4 439.2 387.2 73
Heuristics data/Grid10x10_100-200_7.txt 10 20 1.281 1.3990000000000002 14.556000000000001 538.2 310.0 467.9 407.4 366.7 81
Heuristics data/Grid10x10_100-200_8.txt 10 20 1.292 1.4109999999999998 21.885 649.7 359.6 570.2 509.3 461.2 77
Heuristics data/Grid10x10_100-200_9.txt 10 20 1.318 1.4499999999999997 13.084 607.8 341.5 524.8 456.7 431.6 85
Heuristics data/Grid10x10_100-200_0.txt 10 40 1.384 1.467 10.073 531.3 296.0 382.1 368.2 313.0 77
Heuristics data/Grid10x10_100-200_1.txt 10 40 1.345 1.486 7.944000000000001 530.0 320.2 450.1 349.0 329.8 65
Heuristics data/Grid10x10_100-200_2.txt 10 40 1.42 1.588 7.292000000000001 621.0 353.8 490.9 399.4 367.0 66
Heuristics data/Grid10x10_100-200_3.txt 10 40 1.44 1.588 10.011999999999999 443.2 331.4 418.0 354.2 349.1 61
Heuristics data/Grid10x10_100-200_4.txt 10 40 1.457 1.6049999999999998 8.883000000000001 533.1 337.8 476.6 414.1 366.9 87
Heuristics data/Grid10x10_100-200_5.txt 10 40 1.47 1.627 7.505000000000001 519.1 306.3 440.7 378.9 336.6 73
Heuristics data/Grid10x10_100-200_6.txt 10 40 1.493 1.6379999999999997 11.884 571.6 315.9 474.8 399.6 350.2 73
Heuristics data/Grid10x10_100-200_7.txt 10 40 1.55 1.7009999999999998 11.540000000000001 538.2 310.0 429.8 398.2 324.1 81
Heuristics data/Grid10x10_100-200_8.txt 10 40 1.541 1.717 9.164000000000001 649.7 359.6 518.5 444.5 380.0 77
Heuristics data/Grid10x10_100-200_9.txt 10 40 1.555 1.703 8.907 607.8 341.5 503.8 388.3 368.5 85
Heuristics data/Grid10x10_100-200_0.txt 10 80 1.578 1.7209999999999999 4.273 531.3 296.0 359.1 324.8 302.9 77
Heuristics data/Grid10x10_100-200_1.txt 10 80 1.607 1.7580000000000002 4.39 530.0 320.2 391.6 332.4 324.6 65
Heuristics data/Grid10x10_100-200_2.txt 10 80 1.6 1.7690000000000001 6.147 621.0 353.8 423.2 369.8 371.0 66
Heuristics data/Grid10x10_100-200_3.txt 10 80 1.619 1.785 6.300000000000001 443.2 331.4 373.4 351.3 347.7 61
Heuristics data/Grid10x10_100-200_4.txt 10 80 1.646 2.013 6.223 533.1 337.8 429.0 363.9 348.7 87
Heuristics data/Grid10x10_100-200_5.txt 10 80 1.824 2.019 6.385 519.1 306.3 378.9 317.1 333.6 73
Heuristics data/Grid10x10_100-200_6.txt 10 80 1.877 1.9869999999999999 6.625000000000001 571.6 315.9 392.6 325.3 322.2 73
Heuristics data/Grid10x10_100-200_7.txt 10 80 1.826 2.004 7.388 538.2 310.0 386.7 327.9 316.6 81
Heuristics data/Grid10x10_100-200_8.txt 10 80 1.84 2.0170000000000003 4.6049999999999995 649.7 359.6 476.1 385.0 364.1 77
Heuristics data/Grid10x10_100-200_9.txt 10 80 1.844 2.0250000000000004 4.368999999999999 607.8 341.5 417.1 377.8 356.0 85
Heuristics data/Grid10x10_100-200_0.txt 30 20 3.449 3.8150000000000004 17.477 610.0667 302.1333333333333 547.2 425.6 438.23333333333335 143
Heuristics data/Grid10x10_100-200_1.txt 30 20 3.48 3.9250000000000003 13.523999999999997 584.8333 316.03333333333336 495.6 428.7 383.9 126
Heuristics data/Grid10x10_100-200_2.txt 30 20 3.661 4.057 13.332 638.6667 360.2 591.1333333333333 487.46666666666664 504.06666666666666 129
Heuristics data/Grid10x10_100-200_3.txt 30 20 3.772 4.223000000000001 10.434999999999999 432.2333 314.96666666666664 426.6 350.7 355.3666666666667 109
Heuristics data/Grid10x10_100-200_4.txt 30 20 4.141 4.647 21.361 599.3 349.6333333333333 557.2666666666667 479.93333333333334 444.8666666666667 146
Heuristics data/Grid10x10_100-200_5.txt 30 20 4.367 4.675 13.211 521.0 312.6666666666667 485.76666666666665 435.0 398.46666666666664 131
Heuristics data/Grid10x10_100-200_6.txt 30 20 4.303 4.815 19.136000000000003 601.2333 310.56666666666666 536.9333333333333 454.6 410.23333333333335 131
Heuristics data/Grid10x10_100-200_7.txt 30 20 4.428 4.925 16.482999999999997 531.6333 318.93333333333334 483.9 429.06666666666666 400.53333333333336 127
Heuristics data/Grid10x10_100-200_8.txt 30 20 4.585 5.055000000000001 26.662999999999997 671.0 366.46666666666664 576.2666666666667 522.1333333333333 492.3666666666667 127
Heuristics data/Grid10x10_100-200_9.txt 30 20 4.793 5.345 17.823 652.9 351.03333333333336 583.5333333333333 515.1333333333333 449.03333333333336 140
Heuristics data/Grid10x10_100-200_0.txt 30 40 5.328 5.861 12.536999999999999 610.0667 302.1333333333333 466.3 373.3333333333333 381.6666666666667 143
Heuristics data/Grid10x10_100-200_1.txt 30 40 5.414 5.9670000000000005 13.565000000000001 584.8333 316.03333333333336 483.43333333333334 382.0 366.03333333333336 126
Heuristics data/Grid10x10_100-200_2.txt 30 40 5.486 6.047 11.674999999999999 638.6667 360.2 515.0666666666667 442.0 433.3 129
Heuristics data/Grid10x10_100-200_3.txt 30 40 5.575 6.146 11.021 432.2333 314.96666666666664 406.3666666666667 341.8 334.6 109
Heuristics data/Grid10x10_100-200_4.txt 30 40 5.685 6.256000000000001 13.033 599.3 349.6333333333333 521.7333333333333 451.56666666666666 410.46666666666664 146
Heuristics data/Grid10x10_100-200_5.txt 30 40 5.737 6.348000000000001 12.45 521.0 312.6666666666667 455.43333333333334 413.4 378.3333333333333 131
Heuristics data/Grid10x10_100-200_6.txt 30 40 5.816 6.462000000000001 17.540999999999997 601.2333 310.56666666666666 465.1666666666667 401.43333333333334 373.8333333333333 131
Heuristics data/Grid10x10_100-200_7.txt 30 40 5.942 6.52 15.611 531.6333 318.93333333333334 446.2 382.93333333333334 367.2 127
Heuristics data/Grid10x10_100-200_8.txt 30 40 5.973 6.635000000000001 13.184999999999999 671.0 366.46666666666664 558.9666666666667 461.5 420.76666666666665 127
Heuristics data/Grid10x10_100-200_9.txt 30 40 6.07 6.725 12.476999999999999 652.9 351.03333333333336 521.4333333333333 458.8 418.8333333333333 140
Heuristics data/Grid10x10_100-200_0.txt 30 80 6.257 6.912000000000001 8.969999999999999 610.0667 302.1333333333333 404.06666666666666 349.5 356.6333333333333 143
Heuristics data/Grid10x10_100-200_1.txt 30 80 6.369 6.984 10.631000000000002 584.8333 316.03333333333336 410.26666666666665 345.3666666666667 350.3666666666667 126
Heuristics data/Grid10x10_100-200_2.txt 30 80 6.4 7.068999999999999 9.345 638.6667 360.2 453.56666666666666 393.73333333333335 405.2 129
Heuristics data/Grid10x10_100-200_3.txt 30 80 6.482 7.198999999999999 9.494000000000002 432.2333 314.96666666666664 366.96666666666664 334.6666666666667 328.23333333333335 109
Heuristics data/Grid10x10_100-200_4.txt 30 80 6.622 7.384 9.437999999999999 599.3 349.6333333333333 472.73333333333335 401.0 401.3 146
Heuristics data/Grid10x10_100-200_5.txt 30 80 6.765 7.583000000000001 9.601 521.0 312.6666666666667 409.3666666666667 357.4 366.6666666666667 131
Heuristics data/Grid10x10_100-200_6.txt 30 80 6.909 7.62 9.972000000000001 601.2333 310.56666666666666 416.2 364.93333333333334 350.73333333333335 131
Heuristics data/Grid10x10_100-200_7.txt 30 80 7.03 7.805000000000001 12.36 531.6333 318.93333333333334 398.3 357.06666666666666 368.23333333333335 127
Heuristics data/Grid10x10_100-200_8.txt 30 80 6.939 7.73 9.884999999999998 671.0 366.46666666666664 474.0 400.96666666666664 391.9 127
Heuristics data/Grid10x10_100-200_9.txt 30 80 7.142 7.839999999999999 9.713000000000001 652.9 351.03333333333336 435.6333333333333 402.1666666666667 399.23333333333335 140
Heuristics data/Grid10x10_100-200_0.txt 50 20 12.028 13.385 23.726000000000003 620.12 300.54 553.6 462.64 433.38 156
Heuristics data/Grid10x10_100-200_1.txt 50 20 12.535 13.954 21.653000000000002 558.5 313.66 490.68 420.58 393.32 143
Heuristics data/Grid10x10_100-200_2.txt 50 20 12.756 14.245000000000001 22.249 626.68 361.9 575.12 515.32 490.96 158
Heuristics data/Grid10x10_100-200_3.txt 50 20 12.79 14.172 18.547 429.98 314.94 429.98 372.42 354.66 123
Heuristics data/Grid10x10_100-200_4.txt 50 20 13.082 14.639 27.403000000000002 628.58 346.66 560.76 503.26 457.48 170
Heuristics data/Grid10x10_100-200_5.txt 50 20 13.429 14.921999999999999 21.800000000000004 541.66 309.32 503.1 449.12 406.32 157
Heuristics data/Grid10x10_100-200_6.txt 50 20 13.607 15.053 27.810999999999996 599.82 308.92 520.04 463.04 420.48 160
Heuristics data/Grid10x10_100-200_7.txt 50 20 13.936 15.572 26.906000000000002 532.22 320.54 479.52 448.7 407.34 156
Heuristics data/Grid10x10_100-200_8.txt 50 20 14.291 15.826 43.51899999999999 645.18 355.0 556.36 526.56 486.22 157
Heuristics data/Grid10x10_100-200_9.txt 50 20 14.714 16.228 30.406 642.42 338.18 564.02 466.36 437.78 165
Heuristics data/Grid10x10_100-200_0.txt 50 40 14.929 16.399 22.108999999999995 620.12 300.54 488.16 398.26 393.2 156
Heuristics data/Grid10x10_100-200_1.txt 50 40 15.098 16.747 21.413000000000004 558.5 313.66 473.72 388.48 361.78 143
Heuristics data/Grid10x10_100-200_2.txt 50 40 15.322 16.837 21.999000000000002 626.68 361.9 514.42 466.42 443.24 158
Heuristics data/Grid10x10_100-200_3.txt 50 40 15.577 17.268 21.604 429.98 314.94 424.24 351.38 340.98 123
Heuristics data/Grid10x10_100-200_4.txt 50 40 15.755 17.406999999999996 23.381 628.58 346.66 514.88 439.34 427.16 170
Heuristics data/Grid10x10_100-200_5.txt 50 40 15.987 17.744 22.802 541.66 309.32 467.04 397.54 382.72 157
Heuristics data/Grid10x10_100-200_6.txt 50 40 16.463 18.144999999999996 27.613 599.82 308.92 458.5 401.74 389.22 160
Heuristics data/Grid10x10_100-200_7.txt 50 40 16.723 18.488 25.858000000000004 532.22 320.54 439.28 395.12 371.08 156
Heuristics data/Grid10x10_100-200_8.txt 50 40 17.129 19.056 25.135999999999996 645.18 355.0 538.84 458.18 404.84 157
Heuristics data/Grid10x10_100-200_9.txt 50 40 17.471 19.38 24.217 642.42 338.18 510.28 428.04 401.32 165
Heuristics data/Grid10x10_100-200_0.txt 50 80 17.653 19.450000000000003 20.549999999999997 620.12 300.54 421.66 354.4 368.8 156
Heuristics data/Grid10x10_100-200_1.txt 50 80 17.858 19.766000000000002 22.293999999999997 558.5 313.66 411.54 354.44 348.26 143
Heuristics data/Grid10x10_100-200_2.txt 50 80 17.982 19.894 22.577000000000005 626.68 361.9 452.42 400.68 423.38 158
Heuristics data/Grid10x10_100-200_3.txt 50 80 18.282 20.148999999999997 23.164 429.98 314.94 366.22 341.72 335.8 123
Heuristics data/Grid10x10_100-200_4.txt 50 80 18.632 20.48 21.345 628.58 346.66 469.46 394.12 408.74 170
Heuristics data/Grid10x10_100-200_5.txt 50 80 18.932 21.304 23.32 541.66 309.32 419.44 359.0 370.9 157
Heuristics data/Grid10x10_100-200_6.txt 50 80 19.013 21.078 23.937999999999995 599.82 308.92 402.62 373.26 360.06 160
Heuristics data/Grid10x10_100-200_7.txt 50 80 19.324 21.383999999999997 22.711 532.22 320.54 403.2 363.86 375.74 156
Heuristics data/Grid10x10_100-200_8.txt 50 80 19.641 21.724000000000004 22.776000000000003 645.18 355.0 455.48 403.98 392.54 157
Heuristics data/Grid10x10_100-200_9.txt 50 80 19.792 21.735 22.599999999999994 642.42 338.18 440.52 386.72 386.44 165
Heuristics data/Grid20x20_100-200_0.txt 100 90 27.974 31.099999999999998 108.88600000000001 1044.28 539.75 902.62 714.41 688.85 551
Heuristics data/Grid20x20_100-200_1.txt 100 90 34.834 41.44 100.99600000000001 1033.58 559.33 921.33 751.64 725.4 545
Heuristics data/Grid20x20_100-200_2.txt 100 90 41.273 49.871 124.88 1100.26 586.31 963.27 835.66 772.07 597
Heuristics data/Grid20x20_100-200_3.txt 100 90 48.88 57.59499999999999 125.626 949.7 557.65 901.94 797.22 747.78 607
Heuristics data/Grid20x20_100-200_4.txt 100 90 52.824 59.05800000000001 128.332 1024.0 590.22 931.54 795.12 754.07 564
Heuristics data/Grid20x20_100-200_5.txt 100 90 57.339 62.95700000000001 135.378 1018.47 514.21 888.96 712.92 680.6 577
Heuristics data/Grid20x20_100-200_6.txt 100 90 59.121 64.494 157.286 993.73 554.59 918.59 739.74 717.39 518
Heuristics data/Grid20x20_100-200_7.txt 100 90 63.111 68.26400000000001 151.844 1055.35 538.81 945.55 783.41 716.31 640
Heuristics data/Grid20x20_100-200_8.txt 100 90 62.168 68.537 159.088 1122.99 596.34 996.65 809.87 788.54 589
Heuristics data/Grid20x20_100-200_9.txt 100 90 56.419 61.96000000000001 124.558 1022.31 495.24 856.08 690.47 643.64 565
Heuristics data/Grid20x20_100-200_0.txt 100 180 63.667 69.01499999999999 90.55200000000002 1044.28 539.75 819.99 657.21 667.22 551
Heuristics data/Grid20x20_100-200_1.txt 100 180 66.508 73.647 87.346 1033.58 559.33 843.76 697.47 706.2 545
Heuristics data/Grid20x20_100-200_2.txt 100 180 60.207 66.512 111.55199999999999 1100.26 586.31 878.93 760.05 750.66 597
Heuristics data/Grid20x20_100-200_3.txt 100 180 70.369 78.40199999999999 109.02799999999999 949.7 557.65 816.85 698.27 706.8 607
Heuristics data/Grid20x20_100-200_4.txt 100 180 71.806 79.48700000000001 100.39699999999999 1024.0 590.22 875.89 728.84 719.09 564
Heuristics data/Grid20x20_100-200_5.txt 100 180 73.718 81.163 107.85299999999998 1018.47 514.21 809.71 649.33 660.89 577
Heuristics data/Grid20x20_100-200_6.txt 100 180 74.763 81.62799999999999 113.24100000000001 993.73 554.59 838.04 686.45 704.14 518
Heuristics data/Grid20x20_100-200_7.txt 100 180 68.216 75.151 101.387 1055.35 538.81 857.01 705.67 689.67 640
Heuristics data/Grid20x20_100-200_8.txt 100 180 73.186 74.99699999999999 116.548 1122.99 596.34 952.26 736.8 760.43 589
Heuristics data/Grid20x20_100-200_9.txt 100 180 81.826 87.80600000000001 103.23000000000002 1022.31 495.24 790.37 649.83 622.94 565
Heuristics data/Grid20x20_100-200_0.txt 100 360 71.261 78.02000000000001 106.04499999999999 1044.28 539.75 708.77 615.47 624.02 551
Heuristics data/Grid20x20_100-200_1.txt 100 360 82.87 90.554 106.809 1033.58 559.33 723.0 641.93 650.88 545
Heuristics data/Grid20x20_100-200_2.txt 100 360 84.654 93.57500000000002 117.66499999999999 1100.26 586.31 799.49 679.7 718.78 597
Heuristics data/Grid20x20_100-200_3.txt 100 360 86.531 94.816 116.64700000000002 949.7 557.65 738.49 652.34 695.43 607
Heuristics data/Grid20x20_100-200_4.txt 100 360 87.141 96.11299999999999 115.10999999999999 1024.0 590.22 763.66 680.74 703.82 564
Heuristics data/Grid20x20_100-200_5.txt 100 360 88.799 96.923 115.809 1018.47 514.21 696.13 604.37 636.76 577
Heuristics data/Grid20x20_100-200_6.txt 100 360 89.248 98.081 118.904 993.73 554.59 720.93 634.23 697.52 518
Heuristics data/Grid20x20_100-200_7.txt 100 360 82.133 90.57600000000001 117.18900000000002 1055.35 538.81 742.92 626.45 645.73 640
Heuristics data/Grid20x20_100-200_8.txt 100 360 93.419 101.36399999999999 127.31800000000001 1122.99 596.34 796.69 684.27 738.8 589
Heuristics data/Grid20x20_100-200_9.txt 100 360 93.553 104.304 120.89700000000002 1022.31 495.24 673.02 589.81 586.93 565
Heuristics data/Grid20x20_100-200_0.txt 500 90 171.901 227.20600000000002 326.542 1047.844 536.162 915.508 712.588 691.346 842
Heuristics data/Grid20x20_100-200_1.txt 500 90 271.664 310.22400000000005 343.32399999999996 1044.52 560.308 923.486 758.608 730.222 863
Heuristics data/Grid20x20_100-200_2.txt 500 90 297.745 338.553 399.528 1124.428 585.282 967.522 831.572 810.908 892
Heuristics data/Grid20x20_100-200_3.txt 500 90 335.352 379.701 417.6260000000001 942.002 556.876 902.84 770.184 759.134 900
Heuristics data/Grid20x20_100-200_4.txt 500 90 359.201 414.35799999999995 460.3040000000001 1041.62 588.11 940.232 813.8 776.064 881
Heuristics data/Grid20x20_100-200_5.txt 500 90 391.754 439.121 474.8620000000001 1016.988 514.036 867.778 695.87 700.492 871
Heuristics data/Grid20x20_100-200_6.txt 500 90 415.743 473.25399999999996 514.8640000000001 984.122 555.0 928.922 754.906 744.274 792
Heuristics data/Grid20x20_100-200_7.txt 500 90 461.416 514.818 556.491 1061.26 537.482 952.778 763.418 721.244 919
Heuristics data/Grid20x20_100-200_8.txt 500 90 481.047 509.11299999999994 587.5559999999999 1123.776 589.768 1003.012 782.022 769.922 908
Heuristics data/Grid20x20_100-200_9.txt 500 90 478.133 537.9169999999999 599.0920000000001 1024.94 494.962 870.984 726.366 648.056 863
Heuristics data/Grid20x20_100-200_0.txt 500 180 543.42 603.716 583.7629999999999 1047.844 536.162 826.614 667.34 681.066 842
Heuristics data/Grid20x20_100-200_1.txt 500 180 577.092 654.805 618.662 1044.52 560.308 870.858 690.52 697.146 863
Heuristics data/Grid20x20_100-200_2.txt 500 180 604.743 680.264 668.4099999999999 1124.428 585.282 903.344 751.664 770.638 892
Heuristics data/Grid20x20_100-200_3.txt 500 180 644.911 715.3270000000001 645.527 942.002 556.876 821.136 703.436 722.314 900
Heuristics data/Grid20x20_100-200_4.txt 500 180 621.905 705.914 673.213 1041.62 588.11 882.83 743.464 748.738 881
Heuristics data/Grid20x20_100-200_5.txt 500 180 651.093 727.072 748.5610000000001 1016.988 514.036 809.482 647.364 678.644 871
Heuristics data/Grid20x20_100-200_6.txt 500 180 724.43 808.312 772.4950000000001 984.122 555.0 844.192 682.82 727.666 792
Heuristics data/Grid20x20_100-200_7.txt 500 180 762.362 851.666 764.3590000000002 1061.26 537.482 859.336 696.884 691.164 919
Heuristics data/Grid20x20_100-200_8.txt 500 180 741.356 829.2909999999999 820.3780000000002 1123.776 589.768 942.386 738.318 772.51 908
Heuristics data/Grid20x20_100-200_9.txt 500 180 769.649 858.189 812.3999999999999 1024.94 494.962 811.156 656.874 644.762 863
Heuristics data/Grid20x20_100-200_0.txt 500 360 791.737 882.006 873.5320000000002 1047.844 536.162 716.136 619.856 635.054 842
Heuristics data/Grid20x20_100-200_1.txt 500 360 870.544 967.1999999999999 906.7280000000003 1044.52 560.308 746.898 647.07 670.29 863
Heuristics data/Grid20x20_100-200_2.txt 500 360 902.131 996.2010000000001 940.4089999999999 1124.428 585.282 814.918 689.074 731.566 892
Heuristics data/Grid20x20_100-200_3.txt 500 360 882.84 990.3729999999999 979.068 942.002 556.876 740.37 646.914 668.296 900
Heuristics data/Grid20x20_100-200_4.txt 500 360 958.371 1061.045 953.962 1041.62 588.11 761.28 673.084 699.008 881
Heuristics data/Grid20x20_100-200_5.txt 500 360 943.266 1047.8319999999999 1014.5419999999999 1016.988 514.036 709.452 609.786 630.782 871
Heuristics data/Grid20x20_100-200_6.txt 500 360 964.426 1078.913 1018.5639999999999 984.122 555.0 733.604 632.796 682.816 792
Heuristics data/Grid20x20_100-200_7.txt 500 360 996.855 1109.538 1044.0810000000001 1061.26 537.482 739.866 643.356 640.628 919
Heuristics data/Grid20x20_100-200_8.txt 500 360 1025.034 1137.8539999999998 1125.781 1123.776 589.768 792.126 678.198 714.124 908
Heuristics data/Grid20x20_100-200_9.txt 500 360 1055.61 1174.9670000000003 1143.7849999999999 1024.94 494.962 694.62 599.928 607.624 863
Heuristics data/Grid30x30_100-200_0.txt 100 200 72.144 80.39499999999998 306.61400000000003 1521.99 788.35 1298.38 1075.96 1060.95 1075
Heuristics data/Grid30x30_100-200_1.txt 100 200 85.854 90.76100000000001 277.892 1466.32 850.38 1355.98 1163.48 1116.07 1147
Heuristics data/Grid30x30_100-200_2.txt 100 200 86.235 90.813 279.787 1612.47 807.4 1376.44 1122.38 1051.64 1052
Heuristics data/Grid30x30_100-200_3.txt 100 200 87.827 94.624 313.63 1588.86 829.48 1407.07 1133.52 1109.05 1136
Heuristics data/Grid30x30_100-200_4.txt 100 200 89.394 97.50999999999999 314.13100000000003 1520.1 799.32 1346.79 1103.47 1089.26 1150
Heuristics data/Grid30x30_100-200_5.txt 100 200 93.08 100.53699999999999 310.39300000000003 1543.24 793.73 1307.37 1100.59 1068.5 1107
Heuristics data/Grid30x30_100-200_6.txt 100 200 92.575 99.95799999999998 385.91099999999994 1443.37 811.79 1296.12 1148.14 1110.74 1152
Heuristics data/Grid30x30_100-200_7.txt 100 200 96.983 103.369 169.98499999999999 1531.71 798.94 1336.47 1055.14 1055.25 1021
Heuristics data/Grid30x30_100-200_8.txt 100 200 95.869 100.549 310.65 1493.32 802.69 1343.31 1095.41 1071.01 1071
Heuristics data/Grid30x30_100-200_9.txt 100 200 100.166 107.553 323.30800000000005 1473.47 762.28 1339.68 1049.42 1027.73 1097
Heuristics data/Grid30x30_100-200_0.txt 100 400 102.343 109.895 232.026 1521.99 788.35 1249.72 985.61 1044.96 1075
Heuristics data/Grid30x30_100-200_1.txt 100 400 104.047 113.67500000000001 199.283 1466.32 850.38 1278.31 1056.71 1111.14 1147
Heuristics data/Grid30x30_100-200_2.txt 100 400 106.554 113.06899999999999 194.596 1612.47 807.4 1293.56 1003.04 1064.72 1052
Heuristics data/Grid30x30_100-200_3.txt 100 400 107.974 117.92799999999998 197.08300000000003 1588.86 829.48 1270.39 1053.02 1115.12 1136
Heuristics data/Grid30x30_100-200_4.txt 100 400 110.233 121.786 181.303 1520.1 799.32 1240.14 1050.12 1060.73 1150
Heuristics data/Grid30x30_100-200_5.txt 100 400 111.694 120.50099999999999 200.724 1543.24 793.73 1214.42 1009.8 1077.11 1107
Heuristics data/Grid30x30_100-200_6.txt 100 400 112.961 121.45299999999999 187.59000000000003 1443.37 811.79 1224.97 1031.99 1079.9 1152
Heuristics data/Grid30x30_100-200_7.txt 100 400 116.882 125.28899999999999 182.75900000000001 1531.71 798.94 1247.59 993.83 1035.81 1021
Heuristics data/Grid30x30_100-200_8.txt 100 400 116.845 126.019 179.263 1493.32 802.69 1234.99 1017.18 1055.66 1071
Heuristics data/Grid30x30_100-200_9.txt 100 400 118.833 128.4 193.39799999999997 1473.47 762.28 1224.82 975.4 1015.48 1097
Heuristics data/Grid30x30_100-200_0.txt 100 800 120.978 131.74599999999998 217.798 1521.99 788.35 1102.64 920.3 963.63 1075
Heuristics data/Grid30x30_100-200_1.txt 100 800 122.438 134.68 207.51600000000002 1466.32 850.38 1105.46 983.36 1101.62 1147
Heuristics data/Grid30x30_100-200_2.txt 100 800 125.86 137.31399999999996 218.04200000000003 1612.47 807.4 1126.69 941.03 1075.98 1052
Heuristics data/Grid30x30_100-200_3.txt 100 800 126.225 138.444 210.34500000000003 1588.86 829.48 1128.36 962.41 1055.13 1136
Heuristics data/Grid30x30_100-200_4.txt 100 800 128.172 139.74699999999999 194.80900000000003 1520.1 799.32 1089.19 941.43 1068.56 1150
Heuristics data/Grid30x30_100-200_5.txt 100 800 130.472 141.73600000000002 216.911 1543.24 793.73 1067.78 912.47 1073.43 1107
Heuristics data/Grid30x30_100-200_6.txt 100 800 130.352 143.732 205.85500000000002 1443.37 811.79 1117.16 966.71 1054.76 1152
Heuristics data/Grid30x30_100-200_7.txt 100 800 134.699 146.286 197.01599999999996 1531.71 798.94 1072.98 930.56 998.52 1021
Heuristics data/Grid30x30_100-200_8.txt 100 800 129.684 141.662 205.06 1493.32 802.69 1078.37 930.24 1012.91 1071
Heuristics data/Grid30x30_100-200_9.txt 100 800 137.37 154.56099999999998 217.257 1473.47 762.28 1060.91 896.49 1021.55 1097
Heuristics data/Grid30x30_100-200_0.txt 500 200 424.518 461.559 637.1120000000001 1538.68 789.172 1297.408 1072.356 1088.678 1815
Heuristics data/Grid30x30_100-200_1.txt 500 200 525.528 585.394 710.3319999999999 1488.274 851.324 1384.636 1178.396 1139.628 1929
Heuristics data/Grid30x30_100-200_2.txt 500 200 590.262 649.7830000000001 780.04 1597.832 799.69 1375.27 1119.02 1061.904 1707
Heuristics data/Grid30x30_100-200_3.txt 500 200 665.342 739.881 901.8609999999999 1574.306 824.83 1407.464 1125.286 1111.554 1829
Heuristics data/Grid30x30_100-200_4.txt 500 200 737.332 806.5669999999999 925.627 1548.96 800.326 1351.086 1135.212 1123.466 1864
Heuristics data/Grid30x30_100-200_5.txt 500 200 749.871 829.6909999999999 939.6310000000003 1516.958 780.366 1311.274 1065.262 1082.294 1777
Heuristics data/Grid30x30_100-200_6.txt 500 200 720.386 805.6210000000001 1045.31 1444.894 807.708 1297.65 1166.81 1105.438 1874
Heuristics data/Grid30x30_100-200_7.txt 500 200 857.935 936.5889999999999 948.969 1539.01 801.236 1347.78 1100.37 1085.442 1813
Heuristics data/Grid30x30_100-200_8.txt 500 200 820.521 901.9070000000002 1154.296 1498.778 795.474 1348.174 1065.976 1116.948 1742
Heuristics data/Grid30x30_100-200_9.txt 500 200 937.948 998.5670000000001 1203.0039999999997 1496.166 764.894 1345.802 1052.824 1045.572 1842
Heuristics data/Grid30x30_100-200_0.txt 500 400 966.954 1038.518 1093.535 1538.68 789.172 1256.652 989.076 983.116 1815
Heuristics data/Grid30x30_100-200_1.txt 500 400 1007.039 1122.8700000000001 1113.466 1488.274 851.324 1287.994 1093.47 1142.804 1929
Heuristics data/Grid30x30_100-200_2.txt 500 400 1067.181 1160.9299999999998 1168.1110000000003 1597.832 799.69 1277.304 1014.284 1074.942 1707
Heuristics data/Grid30x30_100-200_3.txt 500 400 1041.516 1147.406 1135.6929999999998 1574.306 824.83 1291.076 1033.042 1061.05 1829
Heuristics data/Grid30x30_100-200_4.txt 500 400 1092.611 1208.9509999999998 1243.321 1548.96 800.326 1239.76 1046.018 1099.088 1864
Heuristics data/Grid30x30_100-200_5.txt 500 400 1188.855 1305.0439999999999 1287.516 1516.958 780.366 1219.212 950.824 1058.832 1777
Heuristics data/Grid30x30_100-200_6.txt 500 400 1227.643 1360.9299999999998 1327.9300000000003 1444.894 807.708 1259.196 1047.708 1076.714 1874
Heuristics data/Grid30x30_100-200_7.txt 500 400 1243.824 1341.745 1367.1080000000002 1539.01 801.236 1276.746 1004.456 985.422 1813
Heuristics data/Grid30x30_100-200_8.txt 500 400 1260.751 1380.064 1390.4809999999998 1498.778 795.474 1241.562 1004.03 1072.826 1742
Heuristics data/Grid30x30_100-200_9.txt 500 400 1360.798 1421.628 1439.9829999999997 1496.166 764.894 1240.956 948.93 1009.726 1842
Heuristics data/Grid30x30_100-200_0.txt 500 800 1403.588 1487.5269999999998 1530.7470000000003 1538.68 789.172 1114.104 940.506 1002.532 1815
Heuristics data/Grid30x30_100-200_1.txt 500 800 1465.381 1624.8299999999997 1559.2620000000002 1488.274 851.324 1124.202 1005.59 1142.804 1929
Heuristics data/Grid30x30_100-200_2.txt 500 800 1442.879 1592.676 1560.391 1597.832 799.69 1114.606 939.46 1038.824 1707
Heuristics data/Grid30x30_100-200_3.txt 500 800 1486.434 1653.472 1628.88 1574.306 824.83 1123.552 971.506 1063.648 1829
Heuristics data/Grid30x30_100-200_4.txt 500 800 1603.908 1747.0610000000001 1686.344 1548.96 800.326 1113.852 960.996 1046.208 1864
Heuristics data/Grid30x30_100-200_5.txt 500 800 1630.522 1808.241 1744.4189999999999 1516.958 780.366 1055.372 928.244 1048.068 1777
Heuristics data/Grid30x30_100-200_6.txt 500 800 1611.358 1792.6879999999999 1703.502 1444.894 807.708 1119.558 960.088 1035.024 1874
Heuristics data/Grid30x30_100-200_7.txt 500 800 1669.582 1855.6049999999998 1752.8230000000003 1539.01 801.236 1089.244 952.592 985.422 1813
Heuristics data/Grid30x30_100-200_8.txt 500 800 1694.614 1877.342 1858.9709999999995 1498.778 795.474 1087.616 941.982 1027.496 1742
Heuristics data/Grid30x30_100-200_9.txt 500 800 1830.926 2018.879 1903.3290000000002 1496.166 764.894 1076.388 900.93 959.11 1842



*********************************************************************************************************************************************************

Heuristics data/Grid5x5_100-100_0.txt 10 4 0.564 0.87 2.441 270.7 216.6 252.4 245.8 244.3 24
Heuristics data/Grid5x5_100-100_1.txt 10 4 0.672 0.697 2.2329999999999997 259.2 207.7 252.7 235.6 217.2 19
Heuristics data/Grid5x5_100-100_2.txt 10 4 0.6 0.781 1.4829999999999999 183.2 171.3 183.2 179.4 177.6 17
Heuristics data/Grid5x5_100-100_3.txt 10 4 0.61 0.8079999999999999 2.0709999999999997 320.9 282.5 312.1 313.1 305.3 18
Heuristics data/Grid5x5_100-100_4.txt 10 4 0.653 0.7949999999999999 3.0210000000000004 261.0 212.9 241.8 237.9 236.9 30
Heuristics data/Grid5x5_100-100_5.txt 10 4 0.747 0.775 2.5439999999999996 223.4 169.0 218.1 198.0 186.6 25
Heuristics data/Grid5x5_100-100_6.txt 10 4 0.791 0.8099999999999999 2.574 252.6 167.4 234.9 195.4 185.8 26
Heuristics data/Grid5x5_100-100_7.txt 10 4 0.76 1.005 1.8800000000000001 226.1 200.5 226.1 217.8 206.5 25
Heuristics data/Grid5x5_100-100_8.txt 10 4 0.702 1.137 2.3299999999999996 287.3 209.8 246.4 227.7 221.8 27
Heuristics data/Grid5x5_100-100_9.txt 10 4 0.701 1.092 2.726 337.7 249.6 316.4 301.2 296.2 35
Heuristics data/Grid5x5_100-100_0.txt 10 8 0.97 1.187 2.841 270.7 216.6 245.4 236.4 235.8 24
Heuristics data/Grid5x5_100-100_1.txt 10 8 1.016 1.1109999999999998 2.476 259.2 207.7 248.5 227.9 211.2 19
Heuristics data/Grid5x5_100-100_2.txt 10 8 1.009 1.2440000000000002 2.183 183.2 171.3 181.9 175.0 172.8 17
Heuristics data/Grid5x5_100-100_3.txt 10 8 0.984 1.262 2.2520000000000002 320.9 282.5 312.1 298.7 290.9 18
Heuristics data/Grid5x5_100-100_4.txt 10 8 1.045 1.2560000000000002 3.471 261.0 212.9 239.0 233.5 228.5 30
Heuristics data/Grid5x5_100-100_5.txt 10 8 1.058 1.3189999999999997 2.643 223.4 169.0 202.4 187.5 188.1 25
Heuristics data/Grid5x5_100-100_6.txt 10 8 1.124 1.334 2.261 252.6 167.4 217.6 183.6 175.7 26
Heuristics data/Grid5x5_100-100_7.txt 10 8 1.111 1.5080000000000002 2.238 226.1 200.5 218.9 211.4 207.8 25
Heuristics data/Grid5x5_100-100_8.txt 10 8 1.208 1.6330000000000002 2.213 287.3 209.8 234.4 217.7 216.4 27
Heuristics data/Grid5x5_100-100_9.txt 10 8 1.205 1.596 3.415 337.7 249.6 300.9 291.3 276.6 35
Heuristics data/Grid5x5_100-100_0.txt 10 16 1.26 1.575 2.9960000000000004 270.7 216.6 242.7 227.1 225.4 24
Heuristics data/Grid5x5_100-100_1.txt 10 16 1.281 1.543 1.8780000000000001 259.2 207.7 212.1 207.7 207.7 19
Heuristics data/Grid5x5_100-100_2.txt 10 16 1.274 1.5310000000000001 2.0739999999999994 183.2 171.3 181.0 172.1 171.3 17
Heuristics data/Grid5x5_100-100_3.txt 10 16 1.291 1.549 2.3340000000000005 320.9 282.5 312.5 287.1 282.5 18
Heuristics data/Grid5x5_100-100_4.txt 10 16 1.294 1.5550000000000002 2.965 261.0 212.9 234.9 224.8 220.6 30
Heuristics data/Grid5x5_100-100_5.txt 10 16 1.287 1.568 2.6860000000000004 223.4 169.0 188.0 178.9 172.6 25
Heuristics data/Grid5x5_100-100_6.txt 10 16 1.328 1.6129999999999998 2.2220000000000004 252.6 167.4 174.9 168.3 169.8 26
Heuristics data/Grid5x5_100-100_7.txt 10 16 1.344 1.727 2.2419999999999995 226.1 200.5 217.1 203.1 203.6 25
Heuristics data/Grid5x5_100-100_8.txt 10 16 1.316 1.78 1.9660000000000002 287.3 209.8 227.8 218.9 216.3 27
Heuristics data/Grid5x5_100-100_9.txt 10 16 1.353 1.7510000000000001 3.074 337.7 249.6 276.5 290.6 267.4 35
Heuristics data/Grid5x5_100-100_0.txt 30 4 1.059 1.7870000000000001 8.54 270.6333 213.53333333333333 244.26666666666668 250.4 243.7 35
Heuristics data/Grid5x5_100-100_1.txt 30 4 1.043 1.7020000000000002 5.637 270.7667 213.63333333333333 270.76666666666665 248.2 227.93333333333334 30
Heuristics data/Grid5x5_100-100_2.txt 30 4 1.122 1.781 4.817 189.4 172.83333333333334 189.4 179.23333333333332 178.46666666666667 22
Heuristics data/Grid5x5_100-100_3.txt 30 4 1.182 2.051 6.1 310.7 274.3666666666667 308.0 301.6333333333333 295.3 34
Heuristics data/Grid5x5_100-100_4.txt 30 4 1.332 1.828 10.837 265.8667 215.36666666666667 249.26666666666668 245.26666666666668 236.7 33
Heuristics data/Grid5x5_100-100_5.txt 30 4 1.369 2.082 5.652 235.4667 178.66666666666666 222.16666666666666 213.33333333333334 198.86666666666667 32
Heuristics data/Grid5x5_100-100_6.txt 30 4 1.334 2.445 8.638 250.3333 176.86666666666667 231.46666666666667 222.66666666666666 208.6 38
Heuristics data/Grid5x5_100-100_7.txt 30 4 1.626 2.2270000000000003 8.622 250.0 198.3 248.5 233.83333333333334 220.1 30
Heuristics data/Grid5x5_100-100_8.txt 30 4 1.757 2.4530000000000003 9.568000000000001 302.0333 213.43333333333334 268.3333333333333 252.46666666666667 241.96666666666667 40
Heuristics data/Grid5x5_100-100_9.txt 30 4 1.862 3.37 11.307000000000002 316.5667 231.76666666666668 293.23333333333335 288.9 288.4 54
Heuristics data/Grid5x5_100-100_0.txt 30 8 3.65 4.98 17.262 270.6333 213.53333333333333 244.5 239.2 233.33333333333334 35
Heuristics data/Grid5x5_100-100_1.txt 30 8 3.87 4.797 8.026000000000002 270.7667 213.63333333333333 253.1 227.66666666666666 223.33333333333334 30
Heuristics data/Grid5x5_100-100_2.txt 30 8 4.163 5.131 8.117 189.4 172.83333333333334 188.2 176.6 177.06666666666666 22
Heuristics data/Grid5x5_100-100_3.txt 30 8 4.11 5.316999999999999 10.07 310.7 274.3666666666667 309.46666666666664 292.73333333333335 283.53333333333336 34
Heuristics data/Grid5x5_100-100_4.txt 30 8 4.049 4.835 22.166 265.8667 215.36666666666667 240.0 237.0 232.73333333333332 33
Heuristics data/Grid5x5_100-100_5.txt 30 8 4.221 5.279 10.419 235.4667 178.66666666666666 212.7 194.06666666666666 189.23333333333332 32
Heuristics data/Grid5x5_100-100_6.txt 30 8 4.654 6.154 14.396999999999998 250.3333 176.86666666666667 226.06666666666666 204.13333333333333 192.46666666666667 38
Heuristics data/Grid5x5_100-100_7.txt 30 8 4.707 5.420000000000001 11.255 250.0 198.3 241.03333333333333 214.9 206.26666666666668 30
Heuristics data/Grid5x5_100-100_8.txt 30 8 4.782 6.003 12.062999999999999 302.0333 213.43333333333334 261.5 238.56666666666666 221.03333333333333 40
Heuristics data/Grid5x5_100-100_9.txt 30 8 4.983 6.8660000000000005 38.544 316.5667 231.76666666666668 288.8666666666667 281.56666666666666 272.3333333333333 54
Heuristics data/Grid5x5_100-100_0.txt 30 16 5.171 6.773000000000001 13.238999999999999 270.6333 213.53333333333333 240.06666666666666 223.6 222.73333333333332 35
Heuristics data/Grid5x5_100-100_1.txt 30 16 5.41 6.558 10.131 270.7667 213.63333333333333 231.53333333333333 219.1 215.8 30
Heuristics data/Grid5x5_100-100_2.txt 30 16 5.435 6.829 8.921 189.4 172.83333333333334 187.46666666666667 175.53333333333333 173.13333333333333 22
Heuristics data/Grid5x5_100-100_3.txt 30 16 5.541 7.167 10.534 310.7 274.3666666666667 296.2 281.3 279.6666666666667 34
Heuristics data/Grid5x5_100-100_4.txt 30 16 5.566 6.723999999999999 13.413 265.8667 215.36666666666667 234.33333333333334 224.03333333333333 222.4 33
Heuristics data/Grid5x5_100-100_5.txt 30 16 5.707 6.867999999999999 9.219000000000001 235.4667 178.66666666666666 196.96666666666667 185.93333333333334 184.93333333333334 32
Heuristics data/Grid5x5_100-100_6.txt 30 16 5.835 7.944999999999999 14.638 250.3333 176.86666666666667 193.86666666666667 186.83333333333334 181.86666666666667 38
Heuristics data/Grid5x5_100-100_7.txt 30 16 5.89 7.061000000000001 11.773 250.0 198.3 232.63333333333333 205.23333333333332 206.43333333333334 30
Heuristics data/Grid5x5_100-100_8.txt 30 16 5.946 7.305 10.572000000000001 302.0333 213.43333333333334 258.8666666666667 221.66666666666666 218.13333333333333 40
Heuristics data/Grid5x5_100-100_9.txt 30 16 6.063 8.465 24.034 316.5667 231.76666666666668 280.3333333333333 252.33333333333334 246.43333333333334 54
Heuristics data/Grid5x5_100-100_0.txt 50 4 1.167 2.0599999999999996 13.288999999999998 276.84 206.58 240.32 243.14 238.02 38
Heuristics data/Grid5x5_100-100_1.txt 50 4 1.317 2.2300000000000004 10.048 265.98 216.84 257.1 247.08 233.52 34
Heuristics data/Grid5x5_100-100_2.txt 50 4 1.371 2.493 4.343000000000001 197.66 179.3 197.66 188.26 190.52 30
Heuristics data/Grid5x5_100-100_3.txt 50 4 1.463 2.51 10.855 316.26 278.12 313.62 308.5 300.16 40
Heuristics data/Grid5x5_100-100_4.txt 50 4 1.717 2.8509999999999995 26.801000000000002 266.58 218.54 252.5 250.82 242.02 39
Heuristics data/Grid5x5_100-100_5.txt 50 4 1.918 3.13 11.495 239.54 178.86 221.32 214.52 199.02 36
Heuristics data/Grid5x5_100-100_6.txt 50 4 1.974 3.7109999999999994 25.854000000000003 253.96 181.4 242.96 238.46 214.52 51
Heuristics data/Grid5x5_100-100_7.txt 50 4 2.061 3.3970000000000002 16.752000000000002 253.66 205.58 253.66 237.18 225.78 42
Heuristics data/Grid5x5_100-100_8.txt 50 4 2.181 4.518 14.322999999999999 307.64 218.8 273.7 260.1 248.32 53
Heuristics data/Grid5x5_100-100_9.txt 50 4 2.292 4.245 26.666000000000004 309.66 228.24 299.52 280.84 277.22 56
Heuristics data/Grid5x5_100-100_0.txt 50 8 6.812 8.899000000000001 31.712 276.84 206.58 236.86 231.56 226.94 38
Heuristics data/Grid5x5_100-100_1.txt 50 8 7.468 9.341999999999999 15.27 265.98 216.84 256.98 237.3 228.92 34
Heuristics data/Grid5x5_100-100_2.txt 50 8 7.612 9.214 13.951999999999998 197.66 179.3 196.48 183.78 184.16 30
Heuristics data/Grid5x5_100-100_3.txt 50 8 7.607 9.428 18.578 316.26 278.12 313.62 297.04 292.0 40
Heuristics data/Grid5x5_100-100_4.txt 50 8 8.152 10.224000000000002 129.594 266.58 218.54 252.5 244.36 234.24 39
Heuristics data/Grid5x5_100-100_5.txt 50 8 8.442 10.277999999999999 18.102000000000004 239.54 178.86 213.64 196.86 190.8 36
Heuristics data/Grid5x5_100-100_6.txt 50 8 9.206 11.853000000000002 43.32300000000001 253.96 181.4 230.12 217.72 196.34 51
Heuristics data/Grid5x5_100-100_7.txt 50 8 9.604 10.841000000000001 24.219 253.66 205.58 248.78 223.26 218.1 42
Heuristics data/Grid5x5_100-100_8.txt 50 8 9.409 12.87 21.043000000000003 307.64 218.8 262.8 246.96 231.48 53
Heuristics data/Grid5x5_100-100_9.txt 50 8 9.585 12.244999999999997 84.887 309.66 228.24 288.1 270.88 259.64 56
Heuristics data/Grid5x5_100-100_0.txt 50 16 10.702 12.83 27.711000000000002 276.84 206.58 234.32 218.0 217.66 38
Heuristics data/Grid5x5_100-100_1.txt 50 16 11.053 13.285999999999998 19.618000000000002 265.98 216.84 235.14 225.92 221.32 34
Heuristics data/Grid5x5_100-100_2.txt 50 16 11.206 13.553 19.311 197.66 179.3 196.48 180.9 180.2 30
Heuristics data/Grid5x5_100-100_3.txt 50 16 11.359 13.915000000000001 25.789 316.26 278.12 305.64 288.26 281.86 40
Heuristics data/Grid5x5_100-100_4.txt 50 16 11.782 14.149999999999999 48.443 266.58 218.54 242.5 229.12 225.94 39
Heuristics data/Grid5x5_100-100_5.txt 50 16 11.961 14.520999999999999 23.061 239.54 178.86 198.32 188.46 182.92 36
Heuristics data/Grid5x5_100-100_6.txt 50 16 12.794 16.076 30.798999999999996 253.96 181.4 200.28 192.62 188.08 51
Heuristics data/Grid5x5_100-100_7.txt 50 16 12.491 15.144000000000002 32.346999999999994 253.66 205.58 240.68 214.6 213.38 42
Heuristics data/Grid5x5_100-100_8.txt 50 16 12.835 17.250999999999998 34.519999999999996 307.64 218.8 263.38 228.4 227.22 53
Heuristics data/Grid5x5_100-100_9.txt 50 16 13.099 16.691 90.594 309.66 228.24 268.4 246.76 242.96 56
Heuristics data/Grid10x10_100-100_0.txt 10 20 1.234 1.3719999999999999 13.684 401.3 280.5 350.4 316.4 303.7 71
Heuristics data/Grid10x10_100-100_1.txt 10 20 1.149 1.37 7.3759999999999994 405.1 290.4 373.8 337.7 318.2 57
Heuristics data/Grid10x10_100-100_2.txt 10 20 1.176 1.555 7.59 429.9 324.0 409.8 370.2 347.0 59
Heuristics data/Grid10x10_100-100_3.txt 10 20 1.197 1.4180000000000001 7.504999999999999 379.6 307.8 357.3 326.8 315.7 49
Heuristics data/Grid10x10_100-100_4.txt 10 20 1.222 1.666 10.96 391.7 315.1 369.9 338.9 350.6 59
Heuristics data/Grid10x10_100-100_5.txt 10 20 1.274 1.592 8.983 357.4 284.1 352.5 328.3 298.9 71
Heuristics data/Grid10x10_100-100_6.txt 10 20 1.263 1.6960000000000002 10.146 391.8 293.8 363.3 328.9 316.5 76
Heuristics data/Grid10x10_100-100_7.txt 10 20 1.268 1.656 9.456000000000001 410.8 286.8 377.7 333.5 314.0 70
Heuristics data/Grid10x10_100-100_8.txt 10 20 1.28 1.543 10.296 417.5 324.3 370.8 350.6 340.7 60
Heuristics data/Grid10x10_100-100_9.txt 10 20 1.293 1.6780000000000002 8.824 444.4 322.9 404.9 366.2 353.5 78
Heuristics data/Grid10x10_100-100_0.txt 10 40 1.306 1.5789999999999997 9.601 401.3 280.5 337.0 319.5 296.8 71
Heuristics data/Grid10x10_100-100_1.txt 10 40 1.325 1.5930000000000002 6.703 405.1 290.4 354.6 298.1 295.3 57
Heuristics data/Grid10x10_100-100_2.txt 10 40 1.344 1.7859999999999998 7.694 429.9 324.0 377.0 329.7 331.5 59
Heuristics data/Grid10x10_100-100_3.txt 10 40 1.359 1.645 8.016 379.6 307.8 342.0 316.2 320.5 49
Heuristics data/Grid10x10_100-100_4.txt 10 40 1.396 1.7270000000000003 8.713000000000001 391.7 315.1 358.6 335.3 320.5 59
Heuristics data/Grid10x10_100-100_5.txt 10 40 1.406 1.7750000000000001 7.528 357.4 284.1 351.4 317.6 287.9 71
Heuristics data/Grid10x10_100-100_6.txt 10 40 1.428 1.923 8.420000000000002 391.8 293.8 366.9 319.8 307.3 76
Heuristics data/Grid10x10_100-100_7.txt 10 40 1.45 1.8950000000000002 8.283 410.8 286.8 354.4 313.2 293.4 70
Heuristics data/Grid10x10_100-100_8.txt 10 40 1.488 1.786 8.062000000000001 417.5 324.3 370.5 338.4 328.6 60
Heuristics data/Grid10x10_100-100_9.txt 10 40 1.499 1.943 9.241 444.4 322.9 395.4 353.2 329.4 78
Heuristics data/Grid10x10_100-100_0.txt 10 80 1.531 1.8380000000000003 8.315 401.3 280.5 310.2 300.5 286.3 71
Heuristics data/Grid10x10_100-100_1.txt 10 80 1.543 1.8630000000000002 4.147 405.1 290.4 328.6 302.8 302.2 57
Heuristics data/Grid10x10_100-100_2.txt 10 80 1.674 2.233 6.725 429.9 324.0 356.1 324.6 334.8 59
Heuristics data/Grid10x10_100-100_3.txt 10 80 1.696 2.0360000000000005 7.486999999999999 379.6 307.8 315.8 313.5 320.5 49
Heuristics data/Grid10x10_100-100_4.txt 10 80 1.719 2.1260000000000003 8.734 391.7 315.1 338.2 324.3 326.0 59
Heuristics data/Grid10x10_100-100_5.txt 10 80 1.734 2.176 7.4399999999999995 357.4 284.1 329.5 294.6 289.7 71
Heuristics data/Grid10x10_100-100_6.txt 10 80 1.754 2.36 6.367999999999999 391.8 293.8 328.0 300.4 302.9 76
Heuristics data/Grid10x10_100-100_7.txt 10 80 1.782 2.3099999999999996 7.238 410.8 286.8 323.2 299.6 294.1 70
Heuristics data/Grid10x10_100-100_8.txt 10 80 1.842 2.121 4.623 417.5 324.3 358.1 334.1 325.4 60
Heuristics data/Grid10x10_100-100_9.txt 10 80 1.766 2.301 4.41 444.4 322.9 356.2 339.3 328.6 78
Heuristics data/Grid10x10_100-100_0.txt 30 20 3.47 4.164999999999999 14.959000000000001 392.3333 274.3 362.8666666666667 337.93333333333334 328.96666666666664 113
Heuristics data/Grid10x10_100-100_1.txt 30 20 3.568 4.569000000000001 11.648 426.3333 297.8666666666667 387.03333333333336 351.1666666666667 344.06666666666666 103
Heuristics data/Grid10x10_100-100_2.txt 30 20 3.653 4.959999999999999 8.107 445.0667 332.3 427.06666666666666 374.7 372.1333333333333 111
Heuristics data/Grid10x10_100-100_3.txt 30 20 3.772 4.789999999999999 10.092 368.3667 293.5 347.7 316.56666666666666 309.03333333333336 74
Heuristics data/Grid10x10_100-100_4.txt 30 20 3.923 5.2989999999999995 11.097 418.2 324.8333333333333 378.73333333333335 353.3 362.1333333333333 92
Heuristics data/Grid10x10_100-100_5.txt 30 20 4.14 4.925 10.916000000000002 373.8 283.46666666666664 375.1333333333333 324.7 317.5 113
Heuristics data/Grid10x10_100-100_6.txt 30 20 4.221 5.693999999999999 12.442 394.0 292.5 366.2 349.56666666666666 328.1333333333333 124
Heuristics data/Grid10x10_100-100_7.txt 30 20 4.358 5.255 12.273 411.9333 293.43333333333334 388.3666666666667 331.4 341.46666666666664 104
Heuristics data/Grid10x10_100-100_8.txt 30 20 4.497 5.447000000000001 13.976 441.2667 334.3333333333333 386.3333333333333 378.23333333333335 364.96666666666664 101
Heuristics data/Grid10x10_100-100_9.txt 30 20 4.755 5.979 12.336 457.2 326.53333333333336 406.1 394.3333333333333 378.53333333333336 104
Heuristics data/Grid10x10_100-100_0.txt 30 40 4.853 5.872 12.023000000000001 392.3333 274.3 342.8666666666667 313.8666666666667 311.9 113
Heuristics data/Grid10x10_100-100_1.txt 30 40 4.983 6.542000000000001 10.821 426.3333 297.8666666666667 375.3666666666667 330.6666666666667 327.5 103
Heuristics data/Grid10x10_100-100_2.txt 30 40 5.292 7.1370000000000005 11.412999999999998 445.0667 332.3 393.3333333333333 355.53333333333336 353.1666666666667 111
Heuristics data/Grid10x10_100-100_3.txt 30 40 5.432 6.837999999999999 11.025000000000002 368.3667 293.5 326.6666666666667 306.96666666666664 303.8 74
Heuristics data/Grid10x10_100-100_4.txt 30 40 5.585 7.348999999999999 11.946 418.2 324.8333333333333 375.96666666666664 336.8 346.96666666666664 92
Heuristics data/Grid10x10_100-100_5.txt 30 40 5.631 6.8260000000000005 12.576 373.8 283.46666666666664 353.96666666666664 315.4 310.8333333333333 113
Heuristics data/Grid10x10_100-100_6.txt 30 40 5.789 7.766 12.106000000000002 394.0 292.5 353.1 322.4 321.43333333333334 124
Heuristics data/Grid10x10_100-100_7.txt 30 40 5.885 6.9990000000000006 12.23 411.9333 293.43333333333334 369.2 315.76666666666665 316.5 104
Heuristics data/Grid10x10_100-100_8.txt 30 40 5.935 7.213 12.546 441.2667 334.3333333333333 375.1666666666667 357.73333333333335 348.4 101
Heuristics data/Grid10x10_100-100_9.txt 30 40 6.097 7.675999999999999 14.548000000000002 457.2 326.53333333333336 395.93333333333334 367.03333333333336 369.5 104
Heuristics data/Grid10x10_100-100_0.txt 30 80 6.15 7.453999999999999 12.929000000000002 392.3333 274.3 333.46666666666664 292.8 303.7 113
Heuristics data/Grid10x10_100-100_1.txt 30 80 6.267 7.992999999999999 8.891 426.3333 297.8666666666667 348.56666666666666 312.1 319.26666666666665 103
Heuristics data/Grid10x10_100-100_2.txt 30 80 6.38 8.693000000000001 9.085999999999999 445.0667 332.3 381.53333333333336 344.46666666666664 348.3 111
Heuristics data/Grid10x10_100-100_3.txt 30 80 6.502 8.067 12.207 368.3667 293.5 309.26666666666665 299.73333333333335 303.76666666666665 74
Heuristics data/Grid10x10_100-100_4.txt 30 80 6.544 8.740000000000002 12.420999999999996 418.2 324.8333333333333 355.06666666666666 338.5 339.53333333333336 92
Heuristics data/Grid10x10_100-100_5.txt 30 80 6.632 8.051 12.001000000000001 373.8 283.46666666666664 325.0 299.76666666666665 304.43333333333334 113
Heuristics data/Grid10x10_100-100_6.txt 30 80 6.779 8.98 10.419999999999998 394.0 292.5 332.5 311.6666666666667 308.1333333333333 124
Heuristics data/Grid10x10_100-100_7.txt 30 80 7.041 8.860999999999999 13.382 411.9333 293.43333333333334 325.2 304.6333333333333 308.6666666666667 104
Heuristics data/Grid10x10_100-100_8.txt 30 80 7.266 8.947999999999999 9.892000000000003 441.2667 334.3333333333333 357.8333333333333 350.46666666666664 343.6333333333333 101
Heuristics data/Grid10x10_100-100_9.txt 30 80 7.091 8.84 9.867999999999999 457.2 326.53333333333336 374.0 344.4 342.26666666666665 104
Heuristics data/Grid10x10_100-100_0.txt 50 20 12.223 14.810999999999998 29.116 398.5 275.3 368.1 345.08 337.04 126
Heuristics data/Grid10x10_100-100_1.txt 50 20 12.454 15.532999999999998 29.689000000000004 422.2 297.64 388.56 354.4 338.4 122
Heuristics data/Grid10x10_100-100_2.txt 50 20 12.642 16.12 19.275999999999996 447.08 333.52 428.18 391.32 373.92 143
Heuristics data/Grid10x10_100-100_3.txt 50 20 12.791 17.127 24.036 378.12 296.52 353.86 326.18 327.76 94
Heuristics data/Grid10x10_100-100_4.txt 50 20 13.332 17.404999999999998 22.071 427.32 322.02 393.46 354.64 355.74 119
Heuristics data/Grid10x10_100-100_5.txt 50 20 13.408 16.265 24.738 376.04 282.66 369.9 327.34 327.12 133
Heuristics data/Grid10x10_100-100_6.txt 50 20 13.837 17.695 29.916999999999998 402.08 291.46 381.98 352.38 335.82 135
Heuristics data/Grid10x10_100-100_7.txt 50 20 14.072 17.027 30.682 422.76 294.88 390.2 351.98 347.8 137
Heuristics data/Grid10x10_100-100_8.txt 50 20 14.311 18.982999999999997 28.583000000000006 430.18 327.12 380.58 373.98 355.82 120
Heuristics data/Grid10x10_100-100_9.txt 50 20 14.449 18.264000000000003 29.722 441.54 314.34 397.08 373.4 360.9 128
Heuristics data/Grid10x10_100-100_0.txt 50 40 15.621 18.290999999999997 28.727000000000004 398.5 275.3 356.02 317.9 312.18 126
Heuristics data/Grid10x10_100-100_1.txt 50 40 15.202 19.042 25.101999999999997 422.2 297.64 384.68 328.08 324.46 122
Heuristics data/Grid10x10_100-100_2.txt 50 40 15.185 19.428999999999995 22.251000000000005 447.08 333.52 396.62 366.28 357.76 143
Heuristics data/Grid10x10_100-100_3.txt 50 40 15.324 20.554000000000002 23.509999999999998 378.12 296.52 336.46 304.24 314.4 94
Heuristics data/Grid10x10_100-100_4.txt 50 40 15.709 20.898999999999997 25.322000000000003 427.32 322.02 380.26 345.48 345.94 119
Heuristics data/Grid10x10_100-100_5.txt 50 40 16.05 19.672 24.07 376.04 282.66 356.28 313.14 316.12 133
Heuristics data/Grid10x10_100-100_6.txt 50 40 16.454 21.092 29.398000000000003 402.08 291.46 357.94 330.94 322.12 135
Heuristics data/Grid10x10_100-100_7.txt 50 40 16.712 20.126 28.809000000000005 422.76 294.88 365.54 331.84 326.32 137
Heuristics data/Grid10x10_100-100_8.txt 50 40 16.921 22.642000000000003 27.25399999999999 430.18 327.12 371.92 355.14 342.84 120
Heuristics data/Grid10x10_100-100_9.txt 50 40 17.199 21.498 27.342 441.54 314.34 391.64 344.52 333.6 128
Heuristics data/Grid10x10_100-100_0.txt 50 80 17.692 21.142000000000003 26.00099999999999 398.5 275.3 332.74 293.24 296.64 126
Heuristics data/Grid10x10_100-100_1.txt 50 80 17.839 22.207 21.224000000000004 422.2 297.64 350.98 319.76 316.76 122
Heuristics data/Grid10x10_100-100_2.txt 50 80 17.969 22.912999999999997 21.554000000000002 447.08 333.52 381.94 351.96 352.92 143
Heuristics data/Grid10x10_100-100_3.txt 50 80 18.317 24.537 24.948999999999998 378.12 296.52 319.98 307.82 309.32 94
Heuristics data/Grid10x10_100-100_4.txt 50 80 18.546 24.497999999999998 24.986000000000004 427.32 322.02 372.38 334.68 335.7 119
Heuristics data/Grid10x10_100-100_5.txt 50 80 18.924 22.641 26.994 376.04 282.66 327.44 301.76 305.9 133
Heuristics data/Grid10x10_100-100_6.txt 50 80 19.057 24.34 27.445 402.08 291.46 330.64 310.44 309.82 135
Heuristics data/Grid10x10_100-100_7.txt 50 80 19.221 23.345000000000002 27.384 422.76 294.88 340.32 318.24 320.44 137
Heuristics data/Grid10x10_100-100_8.txt 50 80 19.394 25.82 26.335000000000008 430.18 327.12 359.28 341.98 337.88 120
Heuristics data/Grid10x10_100-100_9.txt 50 80 19.679 24.422 28.998000000000005 441.54 314.34 359.1 332.88 332.06 128


************************************************************************************************************************************************************
Heuristics data/Grid20x20_100-100_0.txt 100 90 27.85 39.52 73.886 669.36 497.3 641.21 565.81 570.32 410
Heuristics data/Grid20x20_100-100_1.txt 100 90 36.019 51.556999999999995 106.91900000000001 732.32 514.16 701.99 580.17 567.24 428
Heuristics data/Grid20x20_100-100_2.txt 100 90 39.296 54.282000000000004 118.77199999999999 784.53 540.91 700.74 635.64 624.21 488
Heuristics data/Grid20x20_100-100_3.txt 100 90 51.501 74.59200000000001 117.40999999999997 734.56 515.93 687.52 586.44 592.69 459
Heuristics data/Grid20x20_100-100_4.txt 100 90 59.673 101.381 113.91999999999999 773.56 550.22 706.86 626.23 617.6 458
Heuristics data/Grid20x20_100-100_5.txt 100 90 69.23 95.12499999999999 121.88000000000002 693.61 477.91 632.91 547.26 539.68 469
Heuristics data/Grid20x20_100-100_6.txt 100 90 71.558 97.10599999999998 139.13300000000004 736.55 514.41 686.14 581.28 591.77 397
Heuristics data/Grid20x20_100-100_7.txt 100 90 80.615 113.008 162.33100000000002 749.95 498.43 670.45 588.89 594.98 492
Heuristics data/Grid20x20_100-100_8.txt 100 90 86.985 120.32600000000001 167.244 848.73 563.61 766.19 648.94 654.57 493
Heuristics data/Grid20x20_100-100_9.txt 100 90 88.229 143.005 148.71500000000003 685.12 455.83 611.84 531.42 528.74 431
Heuristics data/Grid20x20_100-100_0.txt 100 180 90.392 121.93800000000002 125.91 669.36 497.3 616.99 543.46 561.71 410
Heuristics data/Grid20x20_100-100_1.txt 100 180 93.235 124.318 140.947 732.32 514.16 654.57 558.6 556.08 428
Heuristics data/Grid20x20_100-100_2.txt 100 180 97.597 132.79700000000003 142.947 784.53 540.91 667.03 602.25 611.48 488
Heuristics data/Grid20x20_100-100_3.txt 100 180 101.318 139.832 143.517 734.56 515.93 645.97 577.73 577.92 459
Heuristics data/Grid20x20_100-100_4.txt 100 180 103.699 171.76999999999998 132.753 773.56 550.22 678.05 603.39 598.05 458
Heuristics data/Grid20x20_100-100_5.txt 100 180 109.318 150.363 147.16500000000002 693.61 477.91 598.08 530.58 534.87 469
Heuristics data/Grid20x20_100-100_6.txt 100 180 112.312 150.829 138.149 736.55 514.41 644.16 558.88 569.39 397
Heuristics data/Grid20x20_100-100_7.txt 100 180 104.646 143.002 155.135 749.95 498.43 627.07 559.99 561.34 492
Heuristics data/Grid20x20_100-100_8.txt 100 180 106.213 147.827 180.05800000000002 848.73 563.61 735.01 610.63 630.47 493
Heuristics data/Grid20x20_100-100_9.txt 100 180 118.965 191.674 176.10699999999997 685.12 455.83 569.29 502.79 508.13 431
Heuristics data/Grid20x20_100-100_0.txt 100 360 118.947 162.476 160.789 669.36 497.3 577.93 535.1 560.69 410
Heuristics data/Grid20x20_100-100_1.txt 100 360 123.712 166.236 172.50300000000004 732.32 514.16 595.6 545.76 563.32 428
Heuristics data/Grid20x20_100-100_2.txt 100 360 115.772 155.712 167.26800000000003 784.53 540.91 628.21 575.51 611.42 488
Heuristics data/Grid20x20_100-100_3.txt 100 360 118.595 161.379 175.926 734.56 515.93 596.82 557.66 566.97 459
Heuristics data/Grid20x20_100-100_4.txt 100 360 133.531 216.95799999999997 170.57300000000004 773.56 550.22 637.16 585.33 596.26 458
Heuristics data/Grid20x20_100-100_5.txt 100 360 136.207 185.69100000000003 163.72299999999996 693.61 477.91 547.19 509.61 534.18 469
Heuristics data/Grid20x20_100-100_6.txt 100 360 121.255 162.849 169.543 736.55 514.41 588.7 557.61 563.31 397
Heuristics data/Grid20x20_100-100_7.txt 100 360 147.461 200.55699999999996 179.199 749.95 498.43 582.16 541.93 559.31 492
Heuristics data/Grid20x20_100-100_8.txt 100 360 134.769 183.23000000000002 201.57399999999996 848.73 563.61 646.37 605.17 640.39 493
Heuristics data/Grid20x20_100-100_9.txt 100 360 147.028 235.93800000000002 206.188 685.12 455.83 528.43 487.4 505.28 431
Heuristics data/Grid20x20_100-100_0.txt 500 90 168.642 329.90500000000003 328.592 680.07 490.382 649.052 554.746 572.818 610
Heuristics data/Grid20x20_100-100_1.txt 500 90 396.958 749.5219999999999 576.511 723.024 513.986 699.06 582.176 575.174 644
Heuristics data/Grid20x20_100-100_2.txt 500 90 660.42 1221.699 848.3229999999999 785.514 542.376 714.86 642.878 639.94 703
Heuristics data/Grid20x20_100-100_3.txt 500 90 171.943 318.337 322.851 736.93 517.468 690.604 583.382 593.172 725
Heuristics data/Grid20x20_100-100_4.txt 500 90 372.387 744.6030000000001 540.844 768.394 550.136 701.316 630.056 620.468 714
Heuristics data/Grid20x20_100-100_5.txt 500 90 640.802 1248.0059999999999 849.9549999999999 699.502 478.208 644.434 554.92 550.788 702
Heuristics data/Grid20x20_100-100_6.txt 500 90 171.141 308.22 309.288 730.928 514.222 694.618 590.57 596.268 642
Heuristics data/Grid20x20_100-100_7.txt 500 90 314.278 470.746 418.1170000000001 755.142 497.584 683.252 606.258 595.854 706
Heuristics data/Grid20x20_100-100_8.txt 500 90 379.928 561.48 443.3180000000001 844.852 560.374 769.138 661.894 657.912 733
Heuristics data/Grid20x20_100-100_9.txt 500 90 359.544 546.285 497.61300000000006 687.254 450.958 605.338 536.488 525.084 626
Heuristics data/Grid20x20_100-100_0.txt 500 180 168.993 332.297 297.257 680.07 490.382 607.81 540.214 547.06 610
Heuristics data/Grid20x20_100-100_1.txt 500 180 357.935 610.1179999999999 463.35900000000015 723.024 513.986 660.822 563.8 561.272 644
Heuristics data/Grid20x20_100-100_2.txt 500 180 464.953 758.941 544.221 785.514 542.376 678.132 601.068 612.674 703
Heuristics data/Grid20x20_100-100_3.txt 500 180 141.632 230.71800000000002 202.01699999999994 736.93 517.468 649.304 573.538 578.484 725
Heuristics data/Grid20x20_100-100_4.txt 500 180 178.24 293.578 212.85500000000002 768.394 550.136 673.778 601.76 599.908 714
Heuristics data/Grid20x20_100-100_5.txt 500 180 198.112 331.75800000000004 235.61599999999999 699.502 478.208 610.6 532.306 534.834 702
Heuristics data/Grid20x20_100-100_6.txt 500 180 209.967 319.654 244.14300000000003 730.928 514.222 639.19 567.958 584.306 642
Heuristics data/Grid20x20_100-100_7.txt 500 180 226.357 321.13700000000006 269.933 755.142 497.584 632.548 554.798 568.918 706
Heuristics data/Grid20x20_100-100_8.txt 500 180 245.217 384.04600000000005 302.12199999999996 844.852 560.374 725.724 626.428 642.514 733
Heuristics data/Grid20x20_100-100_9.txt 500 180 257.723 379.412 311.71900000000005 687.254 450.958 575.002 502.258 515.514 626
Heuristics data/Grid20x20_100-100_0.txt 500 360 136.36 240.83499999999998 206.34600000000006 680.07 490.382 571.094 530.654 533.85 610
Heuristics data/Grid20x20_100-100_1.txt 500 360 177.012 280.905 226.52100000000002 723.024 513.986 593.492 555.896 558.172 644
Heuristics data/Grid20x20_100-100_2.txt 500 360 191.297 319.92100000000005 239.27199999999993 785.514 542.376 629.96 587.466 600.568 703
Heuristics data/Grid20x20_100-100_3.txt 500 360 200.932 311.212 255.73400000000004 736.93 517.468 600.076 554.138 572.636 725
Heuristics data/Grid20x20_100-100_4.txt 500 360 230.089 366.79299999999995 258.07900000000006 768.394 550.136 629.272 594.374 598.808 714
Heuristics data/Grid20x20_100-100_5.txt 500 360 239.463 403.856 270.60900000000004 699.502 478.208 564.628 520.854 527.518 702
Heuristics data/Grid20x20_100-100_6.txt 500 360 252.033 374.77099999999996 297.159 730.928 514.222 599.772 548.374 569.572 642
Heuristics data/Grid20x20_100-100_7.txt 500 360 262.394 369.63599999999997 307.706 755.142 497.584 583.23 541.47 550.698 706
Heuristics data/Grid20x20_100-100_8.txt 500 360 282.613 423.064 342.9129999999999 844.852 560.374 655.522 610.412 645.988 733
Heuristics data/Grid20x20_100-100_9.txt 500 360 304.414 459.71500000000003 348.29100000000005 687.254 450.958 537.088 487.256 516.518 626
Heuristics data/Grid30x30_100-100_0.txt 100 200 72.903 129.74399999999997 198.245 1100.67 739.97 1012.7 865.99 909.12 856
Heuristics data/Grid30x30_100-100_1.txt 100 200 75.373 144.942 199.74599999999998 1160.86 799.31 1071.71 933.32 918.19 926
Heuristics data/Grid30x30_100-100_2.txt 100 200 80.128 131.397 262.023 1066.88 747.8 1006.63 860.91 845.76 804
Heuristics data/Grid30x30_100-100_3.txt 100 200 84.981 160.945 253.353 1111.39 775.93 1057.08 872.33 903.88 856
Heuristics data/Grid30x30_100-100_4.txt 100 200 100.589 185.284 253.89299999999997 1116.28 741.81 973.68 879.14 882.02 975
Heuristics data/Grid30x30_100-100_5.txt 100 200 110.417 223.45200000000003 278.92099999999994 1036.71 734.51 938.06 842.37 851.17 872
Heuristics data/Grid30x30_100-100_6.txt 100 200 121.529 201.709 249.70200000000006 1095.64 751.67 1018.52 887.38 862.84 927
Heuristics data/Grid30x30_100-100_7.txt 100 200 124.881 153.181 263.12299999999993 1000.07 743.01 953.46 820.53 831.45 739
Heuristics data/Grid30x30_100-100_8.txt 100 200 119.465 193.88000000000002 259.466 1141.58 748.99 1021.65 882.79 889.5 896
Heuristics data/Grid30x30_100-100_9.txt 100 200 140.526 319.311 387.172 1122.34 723.03 998.98 840.95 865.17 940
Heuristics data/Grid30x30_100-100_0.txt 100 400 138.603 242.95299999999997 240.887 1100.67 739.97 961.12 835.54 891.3 856
Heuristics data/Grid30x30_100-100_1.txt 100 400 141.27 269.02700000000004 233.69999999999993 1160.86 799.31 1010.69 880.59 914.74 926
Heuristics data/Grid30x30_100-100_2.txt 100 400 147.926 232.457 263.17400000000004 1066.88 747.8 937.04 816.01 810.84 804
Heuristics data/Grid30x30_100-100_3.txt 100 400 149.487 242.79299999999998 254.04100000000005 1111.39 775.93 981.35 853.75 861.95 856
Heuristics data/Grid30x30_100-100_4.txt 100 400 151.954 260.996 258.075 1116.28 741.81 928.29 842.07 861.53 975
Heuristics data/Grid30x30_100-100_5.txt 100 400 153.409 291.562 260.26099999999997 1036.71 734.51 910.24 807.8 828.01 872
Heuristics data/Grid30x30_100-100_6.txt 100 400 153.302 251.05100000000002 243.43699999999995 1095.64 751.67 965.72 831.16 859.26 927
Heuristics data/Grid30x30_100-100_7.txt 100 400 154.252 200.96999999999997 281.55500000000006 1000.07 743.01 894.96 800.23 829.95 739
Heuristics data/Grid30x30_100-100_8.txt 100 400 151.812 247.77999999999997 246.15999999999997 1141.58 748.99 972.18 845.1 840.89 896
Heuristics data/Grid30x30_100-100_9.txt 100 400 156.617 355.967 267.831 1122.34 723.03 937.25 810.55 855.4 940
Heuristics data/Grid30x30_100-100_0.txt 100 800 138.339 242.93099999999998 245.36 1100.67 739.97 895.73 806.97 890.2 856
Heuristics data/Grid30x30_100-100_1.txt 100 800 155.384 294.153 249.327 1160.86 799.31 913.66 864.87 914.74 926
Heuristics data/Grid30x30_100-100_2.txt 100 800 157.981 254.901 270.065 1066.88 747.8 886.5 809.59 830.15 804
Heuristics data/Grid30x30_100-100_3.txt 100 800 162.212 267.022 267.3790000000001 1111.39 775.93 900.7 836.16 882.59 856
Heuristics data/Grid30x30_100-100_4.txt 100 800 162.935 267.639 257.834 1116.28 741.81 881.73 812.96 838.56 975
Heuristics data/Grid30x30_100-100_5.txt 100 800 163.515 318.843 274.065 1036.71 734.51 847.66 795.22 828.32 872
Heuristics data/Grid30x30_100-100_6.txt 100 800 163.145 270.36199999999997 256.8180000000001 1095.64 751.67 895.84 812.97 843.8 927
Heuristics data/Grid30x30_100-100_7.txt 100 800 164.885 215.887 297.166 1000.07 743.01 837.84 794.51 850.05 739
Heuristics data/Grid30x30_100-100_8.txt 100 800 164.278 267.331 255.125 1141.58 748.99 892.45 805.69 847.38 896
Heuristics data/Grid30x30_100-100_9.txt 100 800 168.084 383.61100000000005 277.52599999999995 1122.34 723.03 874.26 792.5 820.41 940
Heuristics data/Grid30x30_100-100_0.txt 500 200 365.778 800.8699999999999 526.623 1105.062 744.542 1020.5 865.074 909.93 1463
Heuristics data/Grid30x30_100-100_1.txt 500 200 402.405 823.97 540.3309999999999 1160.068 796.504 1077.196 935.142 934.514 1485
Heuristics data/Grid30x30_100-100_2.txt 500 200 431.14 850.2690000000001 609.781 1056.224 744.464 996.612 858.446 858.148 1277
Heuristics data/Grid30x30_100-100_3.txt 500 200 462.369 762.7789999999999 597.931 1111.268 774.664 1053.848 869.734 900.826 1405
Heuristics data/Grid30x30_100-100_4.txt 500 200 475.29 928.142 643.1859999999999 1120.166 745.332 1007.94 885.986 908.658 1523
Heuristics data/Grid30x30_100-100_5.txt 500 200 486.83 913.769 620.671 1032.696 727.158 948.318 828.052 855.192 1375
Heuristics data/Grid30x30_100-100_6.txt 500 200 523.564 960.589 685.508 1114.314 752.574 1022.586 913.328 885.916 1497
Heuristics data/Grid30x30_100-100_7.txt 500 200 541.036 989.561 710.5670000000002 1003.44 743.86 941.672 819.362 856.688 1295
Heuristics data/Grid30x30_100-100_8.txt 500 200 562.927 1036.716 710.0039999999999 1139.126 744.396 1024.282 875.432 895.744 1357
Heuristics data/Grid30x30_100-100_9.txt 500 200 355.053 917.1640000000001 604.9479999999999 1125.042 722.516 1011.656 849.7 874.804 1509
Heuristics data/Grid30x30_100-100_0.txt 500 400 365.71 841.5059999999999 521.7060000000001 1105.062 744.542 976.468 836.912 896.968 1463
Heuristics data/Grid30x30_100-100_1.txt 500 400 434.558 926.4390000000001 550.702 1160.068 796.504 1015.174 887.728 916.942 1485
Heuristics data/Grid30x30_100-100_2.txt 500 400 471.884 944.6299999999999 622.3100000000002 1056.224 744.464 944.03 823.53 848.244 1277
Heuristics data/Grid30x30_100-100_3.txt 500 400 501.763 835.674 613.6500000000001 1111.268 774.664 981.452 850.39 897.318 1405
Heuristics data/Grid30x30_100-100_4.txt 500 400 529.086 1044.844 648.0809999999999 1120.166 745.332 956.0 838.33 885.436 1523
Heuristics data/Grid30x30_100-100_5.txt 500 400 344.679 736.6630000000001 510.43499999999995 1032.696 727.158 911.598 799.242 814.614 1375
Heuristics data/Grid30x30_100-100_6.txt 500 400 427.904 1017.009 731.1010000000001 1114.314 752.574 981.198 843.338 860.086 1497
Heuristics data/Grid30x30_100-100_7.txt 500 400 653.858 1253.326 819.124 1003.44 743.86 914.152 800.576 854.35 1295
Heuristics data/Grid30x30_100-100_8.txt 500 400 712.149 1284.2109999999998 862.3220000000001 1139.126 744.396 956.562 832.452 873.536 1357
Heuristics data/Grid30x30_100-100_9.txt 500 400 786.928 1860.2440000000001 931.625 1125.042 722.516 952.26 822.402 844.456 1509
Heuristics data/Grid30x30_100-100_0.txt 500 800 364.061 843.9360000000001 518.444 1105.062 744.542 910.24 820.058 899.564 1463
Heuristics data/Grid30x30_100-100_1.txt 500 800 434.892 937.605 531.854 1160.068 796.504 926.944 866.718 916.562 1485
Heuristics data/Grid30x30_100-100_2.txt 500 800 444.065 900.674 596.614 1056.224 744.464 879.264 803.734 832.028 1277
Heuristics data/Grid30x30_100-100_3.txt 500 800 516.111 910.044 642.8689999999999 1111.268 774.664 903.528 834.808 894.044 1405
Heuristics data/Grid30x30_100-100_4.txt 500 800 562.595 1109.956 672.7280000000001 1120.166 745.332 886.57 819.012 875.336 1523
Heuristics data/Grid30x30_100-100_5.txt 500 800 347.663 740.8040000000001 504.67999999999984 1032.696 727.158 849.032 777.814 809.52 1375
Heuristics data/Grid30x30_100-100_6.txt 500 800 435.846 1097.079 630.3329999999999 1114.314 752.574 895.034 816.578 857.252 1497
Heuristics data/Grid30x30_100-100_7.txt 500 800 557.678 1030.3850000000002 766.4919999999997 1003.44 743.86 849.284 799.41 856.688 1295
Heuristics data/Grid30x30_100-100_8.txt 500 800 643.466 1245.114 755.3720000000003 1139.126 744.396 885.024 814.934 872.208 1357
Heuristics data/Grid30x30_100-100_9.txt 500 800 687.801 1763.4320000000002 800.04 1125.042 722.516 877.526 796.058 841.104 1509
