VF 20 10 1 0 2.348 301.3 301.3 5 263.3 336.8
VF 20 10 1 1 3.711 252.0 252.0 8 226.2 308.7
VF 20 10 1 2 1.147 193.0 193.0 4 170.9 233.4
VF 20 10 1 3 2.433 230.6 230.6 9 210.6 277.9
VF 20 10 1 4 2.866 278.2 278.2 7 263.8 337.1
VF 20 10 1 5 0.918 263.8 263.8 3 247.3 309.0
VF 20 10 1 6 1.398 251.9 251.9 5 233.6 313.6
VF 20 10 1 7 1.527 214.4 214.4 5 192.4 255.9
VF 20 10 1 8 1.256 267.0 267.0 3 239.8 295.3
VF 20 10 1 9 1.736 250.1 250.1 4 220.7 302.8
VF 20 10 3 0 4.297 312.0 312.0 9 263.3 336.8
VF 20 10 3 1 9.553 282.8 282.8 15 226.2 308.7
VF 20 10 3 2 8.463 206.3 206.3 13 170.9 233.4
VF 20 10 3 3 10.747 254.6 254.6 17 210.6 277.9
VF 20 10 3 4 6.711 310.7 310.6999999999 10 263.8 337.1
VF 20 10 3 5 4.228 284.9 284.9 8 247.3 309.0
VF 20 10 3 6 6.423 286.0 286.0 12 233.6 313.6
VF 20 10 3 7 4.442 240.7 240.7 7 192.4 255.9
VF 20 10 3 8 6.239 285.3 285.3 11 239.8 295.3
VF 20 10 3 9 5.776 278.7 278.7 8 220.7 302.8
VF 20 10 6 0 5.176 330.5 330.5 11 263.3 336.8
VF 20 10 6 1 4.114 304.7 304.7 8 226.2 308.7
VF 20 10 6 2 7.622 228.8 228.8 13 170.9 233.4
VF 20 10 6 3 2.659 276.1 276.1 6 210.6 277.9
VF 20 10 6 4 7.02 330.2 330.2 10 263.8 337.1
VF 20 10 6 5 5.144 301.5 301.5 9 247.3 309.0
VF 20 10 6 6 4.649 311.9 311.9 9 233.6 313.6
VF 20 10 6 7 4.075 254.0 254.0 8 192.4 255.9
VF 20 10 6 8 3.568 293.8 293.8 7 239.8 295.3
VF 20 10 6 9 6.776 297.7 297.7 12 220.7 302.8
VF 20 30 1 0 11.805 280.1 280.1 6 250.1 334.93333333333334
VF 20 30 1 1 12.919 235.33333333333334 235.33333333333334 7 212.0 294.4
VF 20 30 1 2 13.792 208.66666666666666 208.66666666666666 8 184.3667 263.5
VF 20 30 1 3 24.841 208.93333333333334 208.93333333333334 9 181.6333 271.6666666666667
VF 20 30 1 4 12.786 254.7 254.7 6 228.7 323.4
VF 20 30 1 5 7.585 260.7 260.7 5 240.5333 304.3
VF 20 30 1 6 19.699 244.5 244.5 9 223.2667 314.6666666666667
VF 20 30 1 7 8.162 213.66666666666666 213.66666666666666 5 195.3333 255.8
VF 20 30 1 8 11.369 278.9 278.9 6 260.7667 321.6
VF 20 30 1 9 23.422 253.23333333333332 253.23333333333332 9 230.3333 316.73333333333335
VF 20 30 3 0 15.697 312.43333333333334 312.43333333333334 8 250.1 334.93333333333334
VF 20 30 3 1 64.144 259.26666666666665 259.26666666666665 21 212.0 294.4
VF 20 30 3 2 89.332 225.63333333333333 225.63333333333333 23 184.3667 263.5
VF 20 30 3 3 37.667 241.56666666666666 241.56666666666666 12 181.6333 271.6666666666667
VF 20 30 3 4 53.952 281.2 281.2 17 228.7 323.4
VF 20 30 3 5 20.959 281.06666666666666 281.06666666666666 8 240.5333 304.3
VF 20 30 3 6 49.473 279.93333333333334 279.93333333333334 15 223.2667 314.6666666666667
VF 20 30 3 7 28.413 235.9 235.9 9 195.3333 255.8
VF 20 30 3 8 15.729 305.46666666666664 305.46666666666664 5 260.7667 321.6
VF 20 30 3 9 82.204 279.26666666666665 279.26666666666665 22 230.3333 316.73333333333335
VF 20 30 6 0 50.307 327.2 327.2 14 250.1 334.93333333333334
VF 20 30 6 1 80.122 284.46666666666664 284.46666666666664 15 212.0 294.4
VF 20 30 6 2 335.64 245.8 245.8 31 184.3667 263.5
VF 20 30 6 3 135.175 260.6333333333333 260.6333333333333 18 181.6333 271.6666666666667
VF 20 30 6 4 103.789 313.1666666666667 313.1666666666667 20 228.7 323.4
VF 20 30 6 5 96.802 293.23333333333335 293.2333333333 19 240.5333 304.3
VF 20 30 6 6 194.91 303.3333333333333 303.3333333333333 26 223.2667 314.6666666666667
VF 20 30 6 7 76.944 251.46666666666667 251.46666666666667 13 195.3333 255.8
VF 20 30 6 8 56.687 316.06666666666666 316.06666666666666 11 260.7667 321.6
VF 20 30 6 9 95.863 308.46666666666664 308.46666666666664 13 230.3333 316.73333333333335
VF 20 50 1 0 19.547 269.86 269.86 6 243.86 325.42
VF 20 50 1 1 38.543 233.32 233.31999999997998 7 212.36 290.98
VF 20 50 1 2 28.045 221.66 221.66 8 201.26 274.94
VF 20 50 1 3 42.177 214.02 214.02 10 190.02 277.14
VF 20 50 1 4 31.515 250.54 250.53999999997998 7 230.38 324.0
VF 20 50 1 5 38.042 237.4 237.4 11 217.6 292.38
VF 20 50 1 6 31.931 248.44 248.44 8 228.32 312.5
VF 20 50 1 7 24.703 211.28 211.27999999998 5 194.78 255.24
VF 20 50 1 8 24.545 270.0 270.0 5 245.52 320.36
VF 20 50 1 9 63.023 248.1 248.1 12 225.6 318.94
VF 20 50 3 0 36.203 302.18 302.17999999998 9 243.86 325.42
VF 20 50 3 1 163.771 252.56 252.55999999998 26 212.36 290.98
VF 20 50 3 2 145.116 241.12 241.11999999998 24 201.26 274.94
VF 20 50 3 3 187.252 241.06 241.06 25 190.02 277.14
VF 20 50 3 4 101.818 285.64 285.64 15 230.38 324.0
VF 20 50 3 5 113.354 258.98 258.98 17 217.6 292.38
VF 20 50 3 6 104.912 275.32 275.32 16 228.32 312.5
VF 20 50 3 7 104.321 230.22 230.22 13 194.78 255.24
VF 20 50 3 8 55.139 300.54 300.54 7 245.52 320.36
VF 20 50 3 9 265.6 279.12 279.12 26 225.6 318.94
VF 20 50 6 0 176.137 316.08 316.08 17 243.86 325.42
VF 20 50 6 1 427.202 276.22 276.22 29 212.36 290.98
VF 20 50 6 2 477.541 259.98 259.98 28 201.26 274.94
VF 20 50 6 3 301.06 264.28 264.28 24 190.02 277.14
VF 20 50 6 4 177.546 311.6 311.6 17 230.38 324.0
VF 20 50 6 5 380.935 278.6 278.6 33 217.6 292.38
VF 20 50 6 6 354.87 301.26 301.26 26 228.32 312.5
VF 20 50 6 7 171.53 248.16 248.16 10 194.78 255.24
VF 20 50 6 8 700.555 311.84 311.84 44 245.52 320.36
VF 20 50 6 9 279.437 308.3 308.3 17 225.6 318.94
VF 30 10 1 0 4.42 398.2 398.2 10 369.8 498.0
VF 30 10 1 1 2.657 429.4 429.4 5 387.7 497.6
VF 30 10 1 2 1.448 420.4 420.4 4 393.1 501.9
VF 30 10 1 3 6.355 341.5 341.5 11 322.0 431.0
VF 30 10 1 4 6.919 364.7 364.7 13 344.0 495.4
VF 30 10 1 5 8.752 396.1 396.1 8 363.1 497.4
VF 30 10 1 6 19.638 360.7 360.6999999999 15 332.0 493.2
VF 30 10 1 7 7.12 343.8 343.8 9 324.2 431.0
VF 30 10 1 8 6.545 408.7 408.7 9 394.1 484.0
VF 30 10 1 9 7.104 408.7 408.7 12 385.7 516.4
VF 30 10 3 0 29.299 432.8 432.8 22 369.8 498.0
VF 30 10 3 1 15.605 459.2 459.2 13 387.7 497.6
VF 30 10 3 2 16.179 449.3 449.3 12 393.1 501.9
VF 30 10 3 3 33.143 384.5 384.5 15 322.0 431.0
VF 30 10 3 4 102.796 413.2 413.2 30 344.0 495.4
VF 30 10 3 5 71.444 425.5 425.5 17 363.1 497.4
VF 30 10 3 6 244.158 403.8 403.8 26 332.0 493.2
VF 30 10 3 7 86.73 379.4 379.3999999999 20 324.2 431.0
VF 30 10 3 8 48.96 442.6 442.6 15 394.1 484.0
VF 30 10 3 9 254.531 440.5 440.5 35 385.7 516.4
VF 30 10 6 0 736.522 467.7 467.7 34 369.8 498.0
VF 30 10 6 1 391.348 475.3 475.3 32 387.7 497.6
VF 30 10 6 2 554.582 473.1 473.1 31 393.1 501.9
VF 30 10 6 3 866.731 407.4 407.4 32 322.0 431.0
VF 30 10 6 4 3600.242 450.4 452.4 63 344.0 495.4
VF 30 10 6 5 1633.006 457.3 457.3 31 363.1 497.4
VF 30 10 6 6 3600.359 442.5 448.79999999989997 38 332.0 493.2
VF 30 10 6 7 622.681 410.2 410.2 23 324.2 431.0
VF 30 10 6 8 371.244 469.2 469.19999999989994 19 394.1 484.0
VF 30 10 6 9 3600.309 476.4 481.7 46 385.7 516.4
VF 30 30 1 0 40.684 393.6333333333333 393.6333333333333 13 371.9 511.4
VF 30 30 1 1 58.73 380.4 380.4 10 349.9 471.0
VF 30 30 1 2 32.443 400.03333333333336 400.03333333333336 11 375.5 501.53333333333336
VF 30 30 1 3 90.428 319.53333333333336 319.53333333333336 17 296.1667 421.2
VF 30 30 1 4 103.009 372.2 372.2 15 350.7 514.6333333333333
VF 30 30 1 5 86.838 390.96666666666664 390.96666666666664 14 354.1667 498.43333333333334
VF 30 30 1 6 29.576 388.6666666666667 388.6666666666333 8 377.3333 498.53333333333336
VF 30 30 1 7 108.386 342.6333333333333 342.6333333333333 16 324.3 437.23333333333335
VF 30 30 1 8 38.18 383.6 383.6 8 351.9667 466.96666666666664
VF 30 30 1 9 134.059 404.93333333333334 404.93333333333334 16 383.4667 530.7666666666667
VF 30 30 3 0 712.437 433.8 433.8 39 371.9 511.4
VF 30 30 3 1 2002.542 410.6666666666667 410.6666666666667 53 349.9 471.0
VF 30 30 3 2 541.597 425.8 425.8 26 375.5 501.53333333333336
VF 30 30 3 3 2377.101 346.5 346.5 52 296.1667 421.2
VF 30 30 3 4 3600.361 414.96666666666664 415.00651940896665 44 350.7 514.6333333333333
VF 30 30 3 5 3600.211 421.7 421.7339404932 72 354.1667 498.43333333333334
VF 30 30 3 6 3600.159 415.56666666666666 415.60572953323333 63 377.3333 498.53333333333336
VF 30 30 3 7 1453.868 373.5 373.5 33 324.3 437.23333333333335
VF 30 30 3 8 1224.955 407.93333333333334 407.93333333329997 33 351.9667 466.96666666666664
VF 30 30 3 9 3600.251 442.3666666666667 442.4074011462 52 383.4667 530.7666666666667
VF 30 30 6 0 3600.181 456.1 471.17891810863335 26 371.9 511.4
VF 30 30 6 1 3612.832 439.96666666666664 443.34387559239997 32 349.9 471.0
VF 30 30 6 2 3600.265 455.43333333333334 460.37841509860004 29 375.5 501.53333333333336
VF 30 30 6 3 3600.202 370.0 392.57157474396666 24 296.1667 421.2
VF 30 30 6 4 3600.109 448.6666666666667 474.14730793856666 19 350.7 514.6333333333333
VF 30 30 6 5 3613.91 442.96666666666664 471.6471189785667 13 354.1667 498.43333333333334
VF 30 30 6 6 3601.26 444.93333333333334 462.14577936240005 20 377.3333 498.53333333333336
VF 30 30 6 7 3600.094 400.03333333333336 405.97306837716667 35 324.3 437.23333333333335
VF 30 30 6 8 3600.122 439.43333333333334 439.4742649016333 43 351.9667 466.96666666666664
VF 30 30 6 9 3601.497 477.3333333333333 495.88203660253333 23 383.4667 530.7666666666667
VF 30 50 1 0 655.971 391.0 391.0 16 366.32 505.92
VF 30 50 1 1 562.529 368.46 368.46 54 348.14 466.38
VF 30 50 1 2 107.432 386.84 386.84 14 369.52 497.96
VF 30 50 1 3 897.649 322.08 322.08 52 305.44 428.44
VF 30 50 1 4 792.727 368.7 368.7 16 345.82 514.78
VF 30 50 1 5 957.272 381.16 381.16 17 364.36 506.68
VF 30 50 1 6 413.594 370.76 370.76 11 349.42 486.54
VF 30 50 1 7 256.583 337.06 337.06 14 318.58 431.5
VF 30 50 1 8 230.15 360.58 360.58 11 341.52 458.36
VF 30 50 1 9 1050.648 404.14 404.14 29 384.16 528.46
VF 30 50 3 0 3607.342 421.92 442.42407765414 11 366.32 505.92
VF 30 50 3 1 3609.476 397.5 419.14176496902 10 348.14 466.38
VF 30 50 3 2 3372.897 410.76 410.76 52 369.52 497.96
VF 30 50 3 3 3600.261 347.84 362.33610007446 17 305.44 428.44
VF 30 50 3 4 3600.595 411.64 439.08384891328 8 345.82 514.78
VF 30 50 3 5 3600.62 412.9 446.64676435399997 7 364.36 506.68
VF 30 50 3 6 3601.741 395.1 402.67994003342 18 349.42 486.54
VF 30 50 3 7 3600.198 363.32 366.53638782857996 30 318.58 431.5
VF 30 50 3 8 3600.317 387.08 391.21873570882 27 341.52 458.36
VF 30 50 3 9 3600.738 435.8 465.80655684014 10 384.16 528.46
VF 30 50 6 0 3600.399 446.4 488.68875453635997 7 366.32 505.92
VF 30 50 6 1 3618.257 419.24 453.06526377946 7 348.14 466.38
VF 30 50 6 2 3601.098 433.26 475.10740729997997 6 369.52 497.96
VF 30 50 6 3 3611.931 373.0 411.58103436327997 8 305.44 428.44
VF 30 50 6 4 3600.499 441.18 492.83584651028 6 345.82 514.78
VF 30 50 6 5 3602.277 446.12 486.47260612136 6 364.36 506.68
VF 30 50 6 6 3603.664 421.7 462.86544534428003 7 349.42 486.54
VF 30 50 6 7 3600.245 383.54 411.20095671848003 10 318.58 431.5
VF 30 50 6 8 3605.305 408.5 440.76391775426 7 341.52 458.36
VF 30 50 6 9 3605.415 472.44 512.39112013488 6 384.16 528.46
VF 40 10 1 0 10.965 543.9 543.9 11 518.1 672.3
VF 40 10 1 1 9.772 603.5 603.5 9 573.1 724.0
VF 40 10 1 2 16.254 461.4 461.4 16 437.6 624.5
VF 40 10 1 3 7.133 488.6 488.5999999999 7 463.0 598.3
VF 40 10 1 4 58.898 466.6 466.5999999999 22 441.9 637.1
VF 40 10 1 5 60.061 555.8 555.7999999998999 19 534.3 716.7
VF 40 10 1 6 25.193 479.4 479.4 13 447.8 632.7
VF 40 10 1 7 67.423 423.0 423.0 14 393.5 540.1
VF 40 10 1 8 71.152 505.5 505.5 15 479.0 618.3
VF 40 10 1 9 67.145 540.3 540.3 14 517.4 668.9
VF 40 10 3 0 676.814 579.7 579.7 44 518.1 672.3
VF 40 10 3 1 176.522 646.6 646.6 13 573.1 724.0
VF 40 10 3 2 456.767 504.5 504.5 32 437.6 624.5
VF 40 10 3 3 1106.861 510.3 510.29999999989997 51 463.0 598.3
VF 40 10 3 4 3600.101 509.7 512.5 67 441.9 637.1
VF 40 10 3 5 3600.269 596.2 598.9 72 534.3 716.7
VF 40 10 3 6 2473.532 515.2 515.2 49 447.8 632.7
VF 40 10 3 7 2691.877 460.8 460.79999999989997 40 393.5 540.1
VF 40 10 3 8 1676.943 536.6 536.5999999999 25 479.0 618.3
VF 40 10 3 9 2245.366 578.4 578.3999999998999 38 517.4 668.9
VF 40 10 6 0 3600.581 616.5 634.0 27 518.1 672.3
VF 40 10 6 1 3600.232 665.7 676.3 25 573.1 724.0
VF 40 10 6 2 3602.598 528.8 576.8 15 437.6 624.5
VF 40 10 6 3 3600.357 538.2 565.5 19 463.0 598.3
VF 40 10 6 4 3600.701 526.2 607.3 16 441.9 637.1
VF 40 10 6 5 3600.65 633.5 671.3 20 534.3 716.7
VF 40 10 6 6 3600.317 545.7 586.7999999998999 20 447.8 632.7
VF 40 10 6 7 3600.366 496.4 514.0 20 393.5 540.1
VF 40 10 6 8 3600.522 540.9 582.9999999999 12 479.0 618.3
VF 40 10 6 9 3600.801 592.0 643.1 11 517.4 668.9
VF 40 30 1 0 682.17 511.23333333333335 511.23333333333335 23 487.4667 677.6666666666666
VF 40 30 1 1 3600.197 526.8 526.8460853833334 69 495.7333 676.8666666666667
VF 40 30 1 2 134.026 477.23333333333335 477.23333333333335 15 457.0333 643.1
VF 40 30 1 3 3600.145 471.53333333333336 471.56895017740004 92 445.6333 600.6333333333333
VF 40 30 1 4 473.93 510.9 510.9 21 479.3667 672.6333333333333
VF 40 30 1 5 80.418 550.8666666666667 550.8666666666667 13 536.8667 704.1333333333333
VF 40 30 1 6 1871.055 455.8 455.8 21 426.4667 627.3333333333334
VF 40 30 1 7 1905.895 409.1 409.1 30 388.4667 547.2
VF 40 30 1 8 3600.225 497.6666666666667 497.7022452991667 192 477.2667 650.8333333333334
VF 40 30 1 9 702.971 518.6666666666666 518.6666666670667 20 495.7 680.6333333333333
VF 40 30 3 0 3617.144 546.8 627.3622793710333 4 487.4667 677.6666666666666
VF 40 30 3 1 3614.826 553.1666666666666 619.6285986501666 4 495.7333 676.8666666666667
VF 40 30 3 2 3600.099 512.6333333333333 520.8518383394667 33 457.0333 643.1
VF 40 30 3 3 3600.331 488.46666666666664 533.0866218551666 8 445.6333 600.6333333333333
VF 40 30 3 4 3608.827 530.7 577.5908595354999 11 479.3667 672.6333333333333
VF 40 30 3 5 3601.278 572.1 589.7589313025667 23 536.8667 704.1333333333333
VF 40 30 3 6 3606.597 492.93333333333334 550.5883702761668 7 426.4667 627.3333333333334
VF 40 30 3 7 3610.819 441.23333333333335 488.215468088 8 388.4667 547.2
VF 40 30 3 8 3600.593 531.5333333333333 569.0617896987666 10 477.2667 650.8333333333334
VF 40 30 3 9 3606.887 549.3666666666667 603.1601672086 7 495.7 680.6333333333333
VF 40 30 6 0 3600.429 564.1333333333333 665.5998332329667 3 487.4667 677.6666666666666
VF 40 30 6 1 3603.714 594.3 651.3984494743667 6 495.7333 676.8666666666667
VF 40 30 6 2 3600.384 526.3666666666667 616.8614147909667 4 457.0333 643.1
VF 40 30 6 3 3600.439 509.06666666666666 580.4599419962667 5 445.6333 600.6333333333333
VF 40 30 6 4 3642.358 565.5666666666667 653.2969725955667 5 479.3667 672.6333333333333
VF 40 30 6 5 3600.863 605.4 670.2003360196334 5 536.8667 704.1333333333333
VF 40 30 6 6 3600.898 532.0 605.2271827354 5 426.4667 627.3333333333334
VF 40 30 6 7 3614.705 473.96666666666664 538.1203224366001 5 388.4667 547.2
VF 40 30 6 8 3618.173 552.6666666666666 630.7624880764 5 477.2667 650.8333333333334
VF 40 30 6 9 3624.842 560.7333333333333 671.1998954577 2 495.7 680.6333333333333
VF 40 50 1 0 3601.521 514.26 534.1117698488 14 493.46 682.42
VF 40 50 1 1 3608.267 504.9 548.88429574924 6 481.58 664.12
VF 40 50 1 2 3600.361 505.28 505.31649416242 257 484.74 661.5
VF 40 50 1 3 3600.152 462.72 462.76238430228 33 441.06 596.1
VF 40 50 1 4 3600.404 493.44 493.48659294208005 31 474.4 666.56
VF 40 50 1 5 3068.561 529.46 529.45999999998 162 513.86 689.34
VF 40 50 1 6 3608.641 432.22 488.85889201582 5 412.34 623.4
VF 40 50 1 7 3602.284 405.66 456.27393826462 2 384.88 549.28
VF 40 50 1 8 3602.924 487.88 487.92543964006 24 467.34 641.02
VF 40 50 1 9 3600.577 526.5 567.04401736372 3 502.18 691.48
VF 40 50 3 0 3602.541 493.46 644.54607090642 1 493.46 682.42
VF 40 50 3 1 3603.529 531.66 627.44189792752 2 481.58 664.12
VF 40 50 3 2 3616.64 529.46 568.31611025824 11 484.74 661.5
VF 40 50 3 3 3614.51 441.06 544.17498607446 1 441.06 596.1
VF 40 50 3 4 3609.047 525.58 602.00897012346 2 474.4 666.56
VF 40 50 3 5 3600.073 546.7 615.06149314222 2 513.86 689.34
VF 40 50 3 6 3604.867 461.2 564.35625940124 3 412.34 623.4
VF 40 50 3 7 3605.838 384.88 526.55939261016 1 384.88 549.28
VF 40 50 3 8 3606.934 467.34 598.57207267194 1 467.34 641.02
VF 40 50 3 9 3607.522 550.02 625.75776911208 3 502.18 691.48
VF 40 50 6 0 3600.713 493.46 673.6180290930799 1 493.46 682.42
VF 40 50 6 1 3600.691 481.58 656.68329784308 1 481.58 664.12
VF 40 50 6 2 3602.376 484.74 646.58125928018 1 484.74 661.5
VF 40 50 6 3 3616.268 441.06 592.7506963916 1 441.06 596.1
VF 40 50 6 4 3610.816 549.74 651.08446592748 3 474.4 666.56
VF 40 50 6 5 3600.077 574.44 669.8069514487 2 513.86 689.34
VF 40 50 6 6 3600.626 504.4 612.74125715708 3 412.34 623.4
VF 40 50 6 7 3658.311 468.24 545.23433705528 3 384.88 549.28
VF 40 50 6 8 3602.145 537.52 628.555984037 2 467.34 641.02
VF 40 50 6 9 3601.233 502.18 683.3421243266599 1 502.18 691.48
