VF data/Grid10x10_100-200_0.txt 10 20 3600.152 305.7 312.1 11 531.3 296.0
VF data/Grid10x10_100-200_1.txt 10 20 3600.182 327.1 359.1 12 530.0 320.2
VF data/Grid10x10_100-200_2.txt 10 20 3600.317 359.5 396.7 13 621.0 353.8
VF data/Grid10x10_100-200_3.txt 10 20 101.902 340.1 340.1 9 443.2 331.4
VF data/Grid10x10_100-200_4.txt 10 20 3600.204 349.1 371.2 14 533.1 337.8
VF data/Grid10x10_100-200_5.txt 10 20 3600.379 313.0 348.5 10 519.1 306.3
VF data/Grid10x10_100-200_6.txt 10 20 3600.35 327.1 387.0 8 571.6 315.9
VF data/Grid10x10_100-200_7.txt 10 20 3600.513 317.1 386.4 9 538.2 310.0
VF data/Grid10x10_100-200_8.txt 10 20 3600.834 369.965744267 496.8 8 649.7 359.6
VF data/Grid10x10_100-200_9.txt 10 20 3600.273 355.4 439.2 9 607.8 341.5
VF data/Grid10x10_100-200_0.txt 10 40 51.547 296.0 296.0 16 531.3 296.0
VF data/Grid10x10_100-200_1.txt 10 40 24.758 320.5 320.5 13 530.0 320.2
VF data/Grid10x10_100-200_2.txt 10 40 330.921 353.9 353.9 27 621.0 353.8
VF data/Grid10x10_100-200_3.txt 10 40 10.014 331.4 331.4 7 443.2 331.4
VF data/Grid10x10_100-200_4.txt 10 40 31.644 338.0 338.0 14 533.1 337.8
VF data/Grid10x10_100-200_5.txt 10 40 25.686 306.3 306.3 17 519.1 306.3
VF data/Grid10x10_100-200_6.txt 10 40 43.587 315.9 315.9 24 571.6 315.9
VF data/Grid10x10_100-200_7.txt 10 40 30.704 310.0 310.0 20 538.2 310.0
VF data/Grid10x10_100-200_8.txt 10 40 2604.325 362.5 362.5 35 649.7 359.6
VF data/Grid10x10_100-200_9.txt 10 40 986.749 343.5 343.5 30 607.8 341.5
VF data/Grid10x10_100-200_0.txt 10 80 15.139 296.0 296.0 11 531.3 296.0
VF data/Grid10x10_100-200_1.txt 10 80 7.072 320.2 320.2 6 530.0 320.2
VF data/Grid10x10_100-200_2.txt 10 80 9.158 353.8 353.8 8 621.0 353.8
VF data/Grid10x10_100-200_3.txt 10 80 5.759 331.4 331.4 5 443.2 331.4
VF data/Grid10x10_100-200_4.txt 10 80 13.677 337.8 337.8 12 533.1 337.8
VF data/Grid10x10_100-200_5.txt 10 80 6.396 306.3 306.3 6 519.1 306.3
VF data/Grid10x10_100-200_6.txt 10 80 3.798 315.9 315.9 4 571.6 315.9
VF data/Grid10x10_100-200_7.txt 10 80 9.809 310.0 310.0 8 538.2 310.0
VF data/Grid10x10_100-200_8.txt 10 80 13.831 359.6 359.6 10 649.7 359.6
VF data/Grid10x10_100-200_9.txt 10 80 14.128 341.5 341.5 11 607.8 341.5
VF data/Grid10x10_100-200_0.txt 30 20 3600.962 306.5944913946667 610.0666666666667 1 610.0667 302.1333333333333
VF data/Grid10x10_100-200_1.txt 30 20 3600.913 319.82535078023335 584.8333333333334 1 584.8333 316.03333333333336
VF data/Grid10x10_100-200_2.txt 30 20 3600.742 365.31120036043336 638.6666666666666 1 638.6667 360.2
VF data/Grid10x10_100-200_3.txt 30 20 3600.441 325.9670193485666 353.1666666666667 3 432.2333 314.96666666666664
VF data/Grid10x10_100-200_4.txt 30 20 3600.458 356.4116850531 599.3 1 599.3 349.6333333333333
VF data/Grid10x10_100-200_5.txt 30 20 3600.617 324.65301806903335 521.0 1 521.0 312.6666666666667
VF data/Grid10x10_100-200_6.txt 30 20 3600.621 318.15367166133336 601.2333333333333 1 601.2333 310.56666666666666
VF data/Grid10x10_100-200_7.txt 30 20 3600.555 325.9981516071333 531.6333333333333 1 531.6333 318.93333333333334
VF data/Grid10x10_100-200_8.txt 30 20 3601.084 370.19704166516664 671.0 1 671.0 366.46666666666664
VF data/Grid10x10_100-200_9.txt 30 20 3600.682 358.6427333265 652.9 1 652.9 351.03333333333336
VF data/Grid10x10_100-200_0.txt 30 40 3601.505 303.5271359303667 416.5 2 610.0667 302.1333333333333
VF data/Grid10x10_100-200_1.txt 30 40 3600.342 317.3333333333333 413.3333333333333 4 584.8333 316.03333333333336
VF data/Grid10x10_100-200_2.txt 30 40 3600.912 361.287798435 466.8 3 638.6667 360.2
VF data/Grid10x10_100-200_3.txt 30 40 3600.378 319.1333333333333 344.4 4 432.2333 314.96666666666664
VF data/Grid10x10_100-200_4.txt 30 40 3600.589 350.66493022689997 447.26666666666665 3 599.3 349.6333333333333
VF data/Grid10x10_100-200_5.txt 30 40 3600.808 314.98452319036664 387.1666666666667 2 521.0 312.6666666666667
VF data/Grid10x10_100-200_6.txt 30 40 3600.637 312.1160151389 434.23333333333335 3 601.2333 310.56666666666666
VF data/Grid10x10_100-200_7.txt 30 40 3600.563 320.0 399.06666666666666 3 531.6333 318.93333333333334
VF data/Grid10x10_100-200_8.txt 30 40 3600.936 367.3514663065333 508.53333333333336 3 671.0 366.46666666666664
VF data/Grid10x10_100-200_9.txt 30 40 3600.434 352.1981123255666 467.6666666666667 3 652.9 351.03333333333336
VF data/Grid10x10_100-200_0.txt 30 80 3626.014 302.6666666666667 340.96666666666664 9 610.0667 302.1333333333333
VF data/Grid10x10_100-200_1.txt 30 80 3600.634 316.73333333333335 330.96666666666664 12 584.8333 316.03333333333336
VF data/Grid10x10_100-200_2.txt 30 80 3600.457 360.6306787223 393.1 9 638.6667 360.2
VF data/Grid10x10_100-200_3.txt 30 80 45.821 314.96666666666664 314.96666666666664 9 432.2333 314.96666666666664
VF data/Grid10x10_100-200_4.txt 30 80 3600.805 349.8317005541667 390.53333333333336 12 599.3 349.6333333333333
VF data/Grid10x10_100-200_5.txt 30 80 3600.928 313.2885962517 352.9 7 521.0 312.6666666666667
VF data/Grid10x10_100-200_6.txt 30 80 3601.574 311.2 364.06666666666666 12 601.2333 310.56666666666666
VF data/Grid10x10_100-200_7.txt 30 80 2445.261 319.3666666666667 319.3666666666667 16 531.6333 318.93333333333334
VF data/Grid10x10_100-200_8.txt 30 80 3600.749 367.03002270033335 383.1666666666667 12 671.0 366.46666666666664
VF data/Grid10x10_100-200_9.txt 30 80 3601.284 351.3666666666667 412.93333333333334 10 652.9 351.03333333333336
VF data/Grid10x10_100-200_0.txt 50 20 3602.81 306.54565607948 620.12 1 620.12 300.54
VF data/Grid10x10_100-200_1.txt 50 20 3605.735 319.47942536296 558.5 1 558.5 313.66
VF data/Grid10x10_100-200_2.txt 50 20 3601.867 369.42721957152 626.68 1 626.68 361.9
VF data/Grid10x10_100-200_3.txt 50 20 3603.299 323.50978960106 429.98 1 429.98 314.94
VF data/Grid10x10_100-200_4.txt 50 20 3601.922 352.21983641256 628.58 1 628.58 346.66
VF data/Grid10x10_100-200_5.txt 50 20 3601.348 321.48733052814003 541.66 1 541.66 309.32
VF data/Grid10x10_100-200_6.txt 50 20 3602.684 318.03907873024 599.82 1 599.82 308.92
VF data/Grid10x10_100-200_7.txt 50 20 3602.108 329.01274851178 532.22 1 532.22 320.54
VF data/Grid10x10_100-200_8.txt 50 20 3602.585 363.52485522204 645.18 1 645.18 355.0
VF data/Grid10x10_100-200_9.txt 50 20 3604.428 344.4505455627 642.42 1 642.42 338.18
VF data/Grid10x10_100-200_0.txt 50 40 3600.855 302.00901796112 420.3 2 620.12 300.54
VF data/Grid10x10_100-200_1.txt 50 40 3600.722 314.04885565278 403.14 2 558.5 313.66
VF data/Grid10x10_100-200_2.txt 50 40 3600.806 362.77074969838003 446.62 2 626.68 361.9
VF data/Grid10x10_100-200_3.txt 50 40 3601.09 318.57761498192 341.84 2 429.98 314.94
VF data/Grid10x10_100-200_4.txt 50 40 3600.615 347.51828944776 464.86 2 628.58 346.66
VF data/Grid10x10_100-200_5.txt 50 40 3601.051 310.34220146442 541.66 1 541.66 309.32
VF data/Grid10x10_100-200_6.txt 50 40 3602.112 310.6461797268 415.38 2 599.82 308.92
VF data/Grid10x10_100-200_7.txt 50 40 3601.078 321.66055966886 398.64 2 532.22 320.54
VF data/Grid10x10_100-200_8.txt 50 40 3601.857 356.7167957145 466.96 2 645.18 355.0
VF data/Grid10x10_100-200_9.txt 50 40 3602.027 339.8774939337 466.72 2 642.42 338.18
VF data/Grid10x10_100-200_0.txt 50 80 3600.759 300.62993523922 380.3 5 620.12 300.54
VF data/Grid10x10_100-200_1.txt 50 80 3602.849 313.66 361.92 5 558.5 313.66
VF data/Grid10x10_100-200_2.txt 50 80 3601.491 361.9 426.24 4 626.68 361.9
VF data/Grid10x10_100-200_3.txt 50 80 3600.457 315.64843714274 320.2 6 429.98 314.94
VF data/Grid10x10_100-200_4.txt 50 80 3600.785 346.66533486962 431.06 6 628.58 346.66
VF data/Grid10x10_100-200_5.txt 50 80 3604.429 309.53654510996 368.98 4 541.66 309.32
VF data/Grid10x10_100-200_6.txt 50 80 3601.384 309.00911210612 410.78 5 599.82 308.92
VF data/Grid10x10_100-200_7.txt 50 80 3617.566 320.74151899864 377.16 4 532.22 320.54
VF data/Grid10x10_100-200_8.txt 50 80 3602.201 355.00451251086 438.42 5 645.18 355.0
VF data/Grid10x10_100-200_9.txt 50 80 3600.569 338.30616890154 424.3 5 642.42 338.18


VF data/Grid5x5_100-200_0.txt 10 4 23.092 282.4 282.4 9 336.9 246.9
VF data/Grid5x5_100-200_1.txt 10 4 167.541 281.4 281.4 12 399.2 235.5
VF data/Grid5x5_100-200_2.txt 10 4 3.915 273.3 273.3 6 315.4 249.4
VF data/Grid5x5_100-200_3.txt 10 4 16.62 300.2 300.2 7 331.1 283.4
VF data/Grid5x5_100-200_4.txt 10 4 53.889 265.3 265.3 9 354.6 220.6
VF data/Grid5x5_100-200_5.txt 10 4 18.862 203.7 203.7 6 287.4 178.6
VF data/Grid5x5_100-200_6.txt 10 4 25.876 220.2 220.2 8 309.0 186.8
VF data/Grid5x5_100-200_7.txt 10 4 170.729 307.4 307.4 12 383.9 259.2
VF data/Grid5x5_100-200_8.txt 10 4 59.553 260.8 260.8 6 375.9 215.2
VF data/Grid5x5_100-200_9.txt 10 4 68.076 313.9 313.9 8 416.2 268.5
VF data/Grid5x5_100-200_0.txt 10 8 104.334 266.0 266.0 11 336.9 246.9
VF data/Grid5x5_100-200_1.txt 10 8 367.905 254.7 254.7 18 399.2 235.5
VF data/Grid5x5_100-200_2.txt 10 8 25.132 266.2 266.2 9 315.4 249.4
VF data/Grid5x5_100-200_3.txt 10 8 8.903 288.8 288.8 5 331.1 283.4
VF data/Grid5x5_100-200_4.txt 10 8 130.873 246.5 246.5 11 354.6 220.6
VF data/Grid5x5_100-200_5.txt 10 8 30.77 186.4 186.4 8 287.4 178.6
VF data/Grid5x5_100-200_6.txt 10 8 65.943 198.9 198.9 10 309.0 186.8
VF data/Grid5x5_100-200_7.txt 10 8 43.694 272.1 272.1 7 383.9 259.2
VF data/Grid5x5_100-200_8.txt 10 8 57.14 222.7 222.7 10 375.9 215.2
VF data/Grid5x5_100-200_9.txt 10 8 147.432 288.4 288.4 11 416.2 268.5
VF data/Grid5x5_100-200_0.txt 10 16 3.793 247.7 247.7 4 336.9 246.9
VF data/Grid5x5_100-200_1.txt 10 16 9.767 236.4 236.4 9 399.2 235.5
VF data/Grid5x5_100-200_2.txt 10 16 34.443 255.3999999999 255.4 7 315.4 249.4
VF data/Grid5x5_100-200_3.txt 10 16 2.604 283.4 283.4 4 331.1 283.4
VF data/Grid5x5_100-200_4.txt 10 16 55.543 226.7 226.7 14 354.6 220.6
VF data/Grid5x5_100-200_5.txt 10 16 3.303 178.6 178.6 5 287.4 178.6
VF data/Grid5x5_100-200_6.txt 10 16 6.793 187.6 187.6 9 309.0 186.8
VF data/Grid5x5_100-200_7.txt 10 16 16.048 261.4 261.4 10 383.9 259.2
VF data/Grid5x5_100-200_8.txt 10 16 8.851 215.4 215.4 10 375.9 215.2
VF data/Grid5x5_100-200_9.txt 10 16 11.927 271.5 271.5 8 416.2 268.5
VF data/Grid5x5_100-200_0.txt 30 4 1461.815 284.8666666666667 284.8666666666667 12 332.4333 236.36666666666667
VF data/Grid5x5_100-200_1.txt 30 4 3601.942 323.73333333333335 329.43333333333334 12 421.7667 255.36666666666667
VF data/Grid5x5_100-200_2.txt 30 4 1146.91 270.8333333333333 270.8333333333333 16 317.7333 222.3
VF data/Grid5x5_100-200_3.txt 30 4 28.224 293.3 293.3 3 321.5667 274.6666666666667
VF data/Grid5x5_100-200_4.txt 30 4 89.081 264.1333333333333 264.1333333333333 5 332.6 226.86666666666667
VF data/Grid5x5_100-200_5.txt 30 4 636.269 234.86666666666667 234.86666666666667 8 327.8 191.7
VF data/Grid5x5_100-200_6.txt 30 4 427.98 228.56666666666666 228.56666666666666 7 310.2 194.06666666666666
VF data/Grid5x5_100-200_7.txt 30 4 3049.033 297.26666666666665 297.26666666666665 8 388.8667 240.26666666666668
VF data/Grid5x5_100-200_8.txt 30 4 3601.58 282.2233794334667 294.3 8 420.2 230.16666666666666
VF data/Grid5x5_100-200_9.txt 30 4 3600.152 308.3 328.76666666666665 9 421.0333 244.73333333333332
VF data/Grid5x5_100-200_0.txt 30 8 3600.334 263.73333333333335 279.4 7 332.4333 236.36666666666667
VF data/Grid5x5_100-200_1.txt 30 8 3600.737 286.03333333333336 317.3 6 421.7667 255.36666666666667
VF data/Grid5x5_100-200_2.txt 30 8 1473.81 248.0 248.0 14 317.7333 222.3
VF data/Grid5x5_100-200_3.txt 30 8 223.742 283.23333333333335 283.23333333333335 7 321.5667 274.6666666666667
VF data/Grid5x5_100-200_4.txt 30 8 539.904 252.03333333333333 252.03333333333333 6 332.6 226.86666666666667
VF data/Grid5x5_100-200_5.txt 30 8 1016.466 215.03333333333333 215.03333333333333 7 327.8 191.7
VF data/Grid5x5_100-200_6.txt 30 8 3600.645 214.7 223.53333333333333 8 310.2 194.06666666666666
VF data/Grid5x5_100-200_7.txt 30 8 3607.67 263.9980450696 309.4 4 388.8667 240.26666666666668
VF data/Grid5x5_100-200_8.txt 30 8 3600.459 249.26666666666668 281.8 6 420.2 230.16666666666666
VF data/Grid5x5_100-200_9.txt 30 8 3605.038 267.81893314203336 313.96666666666664 3 421.0333 244.73333333333332
VF data/Grid5x5_100-200_0.txt 30 16 3600.22 246.03333333333333 248.6 8 332.4333 236.36666666666667
VF data/Grid5x5_100-200_1.txt 30 16 3600.563 269.9252744607 305.1333333333333 6 421.7667 255.36666666666667
VF data/Grid5x5_100-200_2.txt 30 16 1140.192 232.96666666666667 232.96666666666667 12 317.7333 222.3
VF data/Grid5x5_100-200_3.txt 30 16 64.042 277.26666666666665 277.26666666666665 5 321.5667 274.6666666666667
VF data/Grid5x5_100-200_4.txt 30 16 454.673 238.4 238.4 7 332.6 226.86666666666667
VF data/Grid5x5_100-200_5.txt 30 16 403.688 197.2666666666333 197.26666666666668 7 327.8 191.7
VF data/Grid5x5_100-200_6.txt 30 16 2147.736 202.5 202.5 12 310.2 194.06666666666666
VF data/Grid5x5_100-200_7.txt 30 16 3600.5 251.9 282.46666666666664 8 388.8667 240.26666666666668
VF data/Grid5x5_100-200_8.txt 30 16 3600.419 238.36666666666667 242.73333333333332 10 420.2 230.16666666666666
VF data/Grid5x5_100-200_9.txt 30 16 3600.787 255.71794381766668 303.6 5 421.0333 244.73333333333332
VF data/Grid5x5_100-200_0.txt 50 4 3602.6 271.30235514592 282.54 6 335.54 225.64
VF data/Grid5x5_100-200_1.txt 50 4 3600.64 298.45049265954 342.52 4 425.48 251.72
VF data/Grid5x5_100-200_2.txt 50 4 3600.972 276.17243882854 282.3 12 327.38 228.68
VF data/Grid5x5_100-200_3.txt 50 4 543.274 302.7 302.7 5 329.2 279.98
VF data/Grid5x5_100-200_4.txt 50 4 976.997 277.42 277.42 8 344.68 236.56
VF data/Grid5x5_100-200_5.txt 50 4 3600.576 248.61527982982 255.26 8 341.54 197.78
VF data/Grid5x5_100-200_6.txt 50 4 3600.202 244.7559588609 244.78 10 324.94 195.32
VF data/Grid5x5_100-200_7.txt 50 4 3613.738 288.93877772062 340.26 2 387.12 241.74
VF data/Grid5x5_100-200_8.txt 50 4 3613.389 272.8636025444 345.96 2 412.28 233.64
VF data/Grid5x5_100-200_9.txt 50 4 3611.941 276.69960457496 325.98 2 417.1 243.94
VF data/Grid5x5_100-200_0.txt 50 8 3600.171 245.75543791814002 264.66 3 335.54 225.64
VF data/Grid5x5_100-200_1.txt 50 8 3600.331 271.93526235534 316.38 3 425.48 251.72
VF data/Grid5x5_100-200_2.txt 50 8 3601.583 251.77615286397997 264.96 7 327.38 228.68
VF data/Grid5x5_100-200_3.txt 50 8 1601.644 292.06 292.06 12 329.2 279.98
VF data/Grid5x5_100-200_4.txt 50 8 3600.206 262.7739048117 264.12 8 344.68 236.56
VF data/Grid5x5_100-200_5.txt 50 8 3600.265 224.53762170168 238.44 6 341.54 197.78
VF data/Grid5x5_100-200_6.txt 50 8 3600.302 216.4188198292 245.56 4 324.94 195.32
VF data/Grid5x5_100-200_7.txt 50 8 3604.552 262.49438498132 342.74 2 387.12 241.74
VF data/Grid5x5_100-200_8.txt 50 8 3600.406 250.71502042516 307.72 3 412.28 233.64
VF data/Grid5x5_100-200_9.txt 50 8 3601.304 259.88274745586 322.46 3 417.1 243.94
VF data/Grid5x5_100-200_0.txt 50 16 3600.665 233.23697073404 256.14 4 335.54 225.64
VF data/Grid5x5_100-200_1.txt 50 16 3600.732 260.99234359843996 293.48 3 425.48 251.72
VF data/Grid5x5_100-200_2.txt 50 16 3600.278 238.95613212135999 250.88 6 327.38 228.68
VF data/Grid5x5_100-200_3.txt 50 16 3352.312 284.26 284.26 36 329.2 279.98
VF data/Grid5x5_100-200_4.txt 50 16 3600.298 248.55543948220003 253.5 7 344.68 236.56
VF data/Grid5x5_100-200_5.txt 50 16 3600.352 206.59973043893999 214.32 6 341.54 197.78
VF data/Grid5x5_100-200_6.txt 50 16 3605.979 204.77762399436 220.28 5 324.94 195.32
VF data/Grid5x5_100-200_7.txt 50 16 3600.92 247.91742625544 324.26 2 387.12 241.74
VF data/Grid5x5_100-200_8.txt 50 16 3600.31 240.11599984538 282.74 4 412.28 233.64
VF data/Grid5x5_100-200_9.txt 50 16 3601.314 248.78133388368002 304.86 2 417.1 243.94

*******************************************************************************************************************************************

VF data/Grid5x5_100-100_0.txt 10 4 38.08 235.4 235.4 8 270.7 216.6
VF data/Grid5x5_100-100_1.txt 10 4 1.263 213.4 213.4 2 259.2 207.7
VF data/Grid5x5_100-100_2.txt 10 4 1.561 177.6 177.6 5 183.2 171.3
VF data/Grid5x5_100-100_3.txt 10 4 10.032 296.8 296.8 5 320.9 282.5
VF data/Grid5x5_100-100_4.txt 10 4 0.733 224.9 224.9 2 261.0 212.9
VF data/Grid5x5_100-100_5.txt 10 4 3.014 181.2 181.2 4 223.4 169.0
VF data/Grid5x5_100-100_6.txt 10 4 10.357 178.2 178.2 7 252.6 167.4
VF data/Grid5x5_100-100_7.txt 10 4 0.837 206.5 206.5 2 226.1 200.5
VF data/Grid5x5_100-100_8.txt 10 4 2.151 214.5 214.5 3 287.3 209.8
VF data/Grid5x5_100-100_9.txt 10 4 120.891 284.8999999999 284.9 12 337.7 249.6
VF data/Grid5x5_100-100_0.txt 10 8 40.469 223.9 223.9 11 270.7 216.6
VF data/Grid5x5_100-100_1.txt 10 8 3.008 209.0 209.0 5 259.2 207.7
VF data/Grid5x5_100-100_2.txt 10 8 2.012 172.8 172.8 5 183.2 171.3
VF data/Grid5x5_100-100_3.txt 10 8 11.553 288.3 288.3 7 320.9 282.5
VF data/Grid5x5_100-100_4.txt 10 8 6.838 220.2 220.2 6 261.0 212.9
VF data/Grid5x5_100-100_5.txt 10 8 6.905 173.0 173.0 7 223.4 169.0
VF data/Grid5x5_100-100_6.txt 10 8 6.045 168.3 168.3 9 252.6 167.4
VF data/Grid5x5_100-100_7.txt 10 8 2.604 202.9 202.9 4 226.1 200.5
VF data/Grid5x5_100-100_8.txt 10 8 3.647 210.3 210.3 6 287.3 209.8
VF data/Grid5x5_100-100_9.txt 10 8 123.171 264.2 264.2 12 337.7 249.6
VF data/Grid5x5_100-100_0.txt 10 16 4.66 216.7 216.7 7 270.7 216.6
VF data/Grid5x5_100-100_1.txt 10 16 2.314 207.7 207.7 5 259.2 207.7
VF data/Grid5x5_100-100_2.txt 10 16 0.925 171.3 171.3 2 183.2 171.3
VF data/Grid5x5_100-100_3.txt 10 16 2.42 282.5 282.5 5 320.9 282.5
VF data/Grid5x5_100-100_4.txt 10 16 5.665 213.4 213.4 9 261.0 212.9
VF data/Grid5x5_100-100_5.txt 10 16 2.855 169.0 169.0 6 223.4 169.0
VF data/Grid5x5_100-100_6.txt 10 16 4.037 167.4 167.4 7 252.6 167.4
VF data/Grid5x5_100-100_7.txt 10 16 3.034 200.7 200.7 5 226.1 200.5
VF data/Grid5x5_100-100_8.txt 10 16 1.987 209.8 209.8 4 287.3 209.8
VF data/Grid5x5_100-100_9.txt 10 16 44.313 252.7 252.7 13 337.7 249.6
VF data/Grid5x5_100-100_0.txt 30 4 1195.714 240.63333333333333 240.63333333333333 17 270.6333 213.53333333333333
VF data/Grid5x5_100-100_1.txt 30 4 127.493 226.7 226.7 4 270.7667 213.63333333333333
VF data/Grid5x5_100-100_2.txt 30 4 5.735 178.46666666666667 178.46666666666667 3 189.4 172.83333333333334
VF data/Grid5x5_100-100_3.txt 30 4 146.748 292.46666666666664 292.46666666666664 6 310.7 274.3666666666667
VF data/Grid5x5_100-100_4.txt 30 4 502.489 235.46666666666667 235.46666666666667 9 265.8667 215.36666666666667
VF data/Grid5x5_100-100_5.txt 30 4 186.675 196.23333333333332 196.23333333333332 5 235.4667 178.66666666666666
VF data/Grid5x5_100-100_6.txt 30 4 1042.131 200.76666666666668 200.76666666666668 12 250.3333 176.86666666666667
VF data/Grid5x5_100-100_7.txt 30 4 313.494 216.3 216.3 10 250.0 198.3
VF data/Grid5x5_100-100_8.txt 30 4 2086.661 241.53333333333333 241.53333333333333 13 302.0333 213.43333333333334
VF data/Grid5x5_100-100_9.txt 30 4 2598.81 274.93333333333334 274.93333333333334 15 316.5667 231.76666666666668
VF data/Grid5x5_100-100_0.txt 30 8 1806.586 229.23333333333332 229.23333333333332 15 270.6333 213.53333333333333
VF data/Grid5x5_100-100_1.txt 30 8 577.679 221.0 221.0 8 270.7667 213.63333333333333
VF data/Grid5x5_100-100_2.txt 30 8 40.725 175.8 175.8 5 189.4 172.83333333333334
VF data/Grid5x5_100-100_3.txt 30 8 322.107 283.1666666666667 283.1666666666667 9 310.7 274.3666666666667
VF data/Grid5x5_100-100_4.txt 30 8 1479.252 226.03333333333333 226.03333333333333 11 265.8667 215.36666666666667
VF data/Grid5x5_100-100_5.txt 30 8 346.101 185.66666666666666 185.66666666666666 7 235.4667 178.66666666666666
VF data/Grid5x5_100-100_6.txt 30 8 2615.719 188.2 188.2 13 250.3333 176.86666666666667
VF data/Grid5x5_100-100_7.txt 30 8 430.647 204.9 204.9 10 250.0 198.3
VF data/Grid5x5_100-100_8.txt 30 8 564.733 221.03333333333333 221.03333333333333 8 302.0333 213.43333333333334
VF data/Grid5x5_100-100_9.txt 30 8 3600.471 253.46666666666667 263.6333333333333 8 316.5667 231.76666666666668
VF data/Grid5x5_100-100_0.txt 30 16 1138.252 217.86666666666667 217.86666666666667 11 270.6333 213.53333333333333
VF data/Grid5x5_100-100_1.txt 30 16 32.466 214.03333333333333 214.03333333333333 5 270.7667 213.63333333333333
VF data/Grid5x5_100-100_2.txt 30 16 11.371 172.9 172.9 3 189.4 172.83333333333334
VF data/Grid5x5_100-100_3.txt 30 16 146.075 276.26666666666665 276.26666666666665 7 310.7 274.3666666666667
VF data/Grid5x5_100-100_4.txt 30 16 217.865 217.56666666666666 217.56666666666666 7 265.8667 215.36666666666667
VF data/Grid5x5_100-100_5.txt 30 16 29.179 179.1 179.1 5 235.4667 178.66666666666666
VF data/Grid5x5_100-100_6.txt 30 16 204.539 178.66666666666666 178.66666666666666 7 250.3333 176.86666666666667
VF data/Grid5x5_100-100_7.txt 30 16 213.805 200.06666666666666 200.06666666666666 9 250.0 198.3
VF data/Grid5x5_100-100_8.txt 30 16 124.381 214.5 214.5 7 302.0333 213.43333333333334
VF data/Grid5x5_100-100_9.txt 30 16 3600.465 241.4 246.4 9 316.5667 231.76666666666668
VF data/Grid5x5_100-100_0.txt 50 4 3600.242 235.3590214596 235.38 14 276.84 206.58
VF data/Grid5x5_100-100_1.txt 50 4 662.771 233.14 233.14 7 265.98 216.84
VF data/Grid5x5_100-100_2.txt 50 4 25.9 186.98 186.98 4 197.66 179.3
VF data/Grid5x5_100-100_3.txt 50 4 1435.608 299.48 299.48 13 316.26 278.12
VF data/Grid5x5_100-100_4.txt 50 4 1998.737 241.62 241.62 15 266.58 218.54
VF data/Grid5x5_100-100_5.txt 50 4 1284.352 199.02 199.02 8 239.54 178.86
VF data/Grid5x5_100-100_6.txt 50 4 3600.188 213.33875087543998 214.52 14 253.96 181.4
VF data/Grid5x5_100-100_7.txt 50 4 880.918 225.78 225.78 8 253.66 205.58
VF data/Grid5x5_100-100_8.txt 50 4 3600.17 246.43734975034 246.6 9 307.64 218.8
VF data/Grid5x5_100-100_9.txt 50 4 3600.642 265.61452741244 274.02 9 309.66 228.24
VF data/Grid5x5_100-100_0.txt 50 8 3600.231 223.21814863682002 227.22 8 276.84 206.58
VF data/Grid5x5_100-100_1.txt 50 8 1012.09 226.08 226.08 10 265.98 216.84
VF data/Grid5x5_100-100_2.txt 50 8 106.022 182.98 182.98 6 197.66 179.3
VF data/Grid5x5_100-100_3.txt 50 8 1083.059 288.72 288.72 12 316.26 278.12
VF data/Grid5x5_100-100_4.txt 50 8 3600.22 230.96 233.14 9 266.58 218.54
VF data/Grid5x5_100-100_5.txt 50 8 1484.84 188.4 188.4 10 239.54 178.86
VF data/Grid5x5_100-100_6.txt 50 8 3600.227 195.9 201.06 10 253.96 181.4
VF data/Grid5x5_100-100_7.txt 50 8 855.385 214.84 214.84 8 253.66 205.58
VF data/Grid5x5_100-100_8.txt 50 8 3600.223 230.69694022873998 230.72 10 307.64 218.8
VF data/Grid5x5_100-100_9.txt 50 8 3601.783 244.02549102837997 259.62 4 309.66 228.24
VF data/Grid5x5_100-100_0.txt 50 16 3600.422 211.01900276356 215.14 6 276.84 206.58
VF data/Grid5x5_100-100_1.txt 50 16 318.726 219.3 219.3 7 265.98 216.84
VF data/Grid5x5_100-100_2.txt 50 16 13.914 179.8 179.8 4 197.66 179.3
VF data/Grid5x5_100-100_3.txt 50 16 3600.222 281.83365106668 281.86 27 316.26 278.12
VF data/Grid5x5_100-100_4.txt 50 16 3508.923 223.04 223.04 15 266.58 218.54
VF data/Grid5x5_100-100_5.txt 50 16 687.012 181.6 181.6 10 239.54 178.86
VF data/Grid5x5_100-100_6.txt 50 16 798.356 185.34 185.34 6 253.96 181.4
VF data/Grid5x5_100-100_7.txt 50 16 3174.808 209.8 209.8 14 253.66 205.58
VF data/Grid5x5_100-100_8.txt 50 16 3600.414 223.5781718927 224.48 9 307.64 218.8
VF data/Grid5x5_100-100_9.txt 50 16 3600.751 235.08671691808 248.92 4 309.66 228.24
VF data/Grid10x10_100-100_0.txt 10 20 3600.345 284.9 304.9 18 401.3 280.5
VF data/Grid10x10_100-100_1.txt 10 20 532.36 294.8 294.8 16 405.1 290.4
VF data/Grid10x10_100-100_2.txt 10 20 76.332 325.1 325.1 12 429.9 324.0
VF data/Grid10x10_100-100_3.txt 10 20 11.086 309.2 309.2 6 379.6 307.8
VF data/Grid10x10_100-100_4.txt 10 20 89.221 317.9 317.9 9 391.7 315.1
VF data/Grid10x10_100-100_5.txt 10 20 423.309 289.7 289.7 11 357.4 284.1
VF data/Grid10x10_100-100_6.txt 10 20 3176.225 302.9 302.9 19 391.8 293.8
VF data/Grid10x10_100-100_7.txt 10 20 175.573 288.2 288.2 13 410.8 286.8
VF data/Grid10x10_100-100_8.txt 10 20 133.03 326.0 326.0 13 417.5 324.3
VF data/Grid10x10_100-100_9.txt 10 20 3600.376 330.0 347.2 16 444.4 322.9
VF data/Grid10x10_100-100_0.txt 10 40 16.056 280.5 280.5 12 401.3 280.5
VF data/Grid10x10_100-100_1.txt 10 40 12.675 290.4 290.4 10 405.1 290.4
VF data/Grid10x10_100-100_2.txt 10 40 15.716 324.0 324.0 12 429.9 324.0
VF data/Grid10x10_100-100_3.txt 10 40 6.403 307.8 307.8 6 379.6 307.8
VF data/Grid10x10_100-100_4.txt 10 40 8.886 315.1 315.1 8 391.7 315.1
VF data/Grid10x10_100-100_5.txt 10 40 6.168 284.1 284.1 5 357.4 284.1
VF data/Grid10x10_100-100_6.txt 10 40 31.59 294.1 294.1 17 391.8 293.8
VF data/Grid10x10_100-100_7.txt 10 40 16.278 286.8 286.8 13 410.8 286.8
VF data/Grid10x10_100-100_8.txt 10 40 10.469 324.3 324.3 9 417.5 324.3
VF data/Grid10x10_100-100_9.txt 10 40 9.482 322.9 322.9 7 444.4 322.9
VF data/Grid10x10_100-100_0.txt 10 80 10.156 280.5 280.5 8 401.3 280.5
VF data/Grid10x10_100-100_1.txt 10 80 8.294 290.4 290.4 7 405.1 290.4
VF data/Grid10x10_100-100_2.txt 10 80 9.582 324.0 324.0 7 429.9 324.0
VF data/Grid10x10_100-100_3.txt 10 80 4.531 307.8 307.8 4 379.6 307.8
VF data/Grid10x10_100-100_4.txt 10 80 10.563 315.1 315.1 9 391.7 315.1
VF data/Grid10x10_100-100_5.txt 10 80 3.566 284.1 284.1 3 357.4 284.1
VF data/Grid10x10_100-100_6.txt 10 80 12.795 293.8 293.8 10 391.8 293.8
VF data/Grid10x10_100-100_7.txt 10 80 8.554 286.8 286.8 7 410.8 286.8
VF data/Grid10x10_100-100_8.txt 10 80 8.628 324.3 324.3 7 417.5 324.3
VF data/Grid10x10_100-100_9.txt 10 80 10.897 322.9 322.9 8 444.4 322.9
VF data/Grid10x10_100-100_0.txt 30 20 3600.83 278.1823531502333 392.3333333333333 1 392.3333 274.3
VF data/Grid10x10_100-100_1.txt 30 20 3600.422 301.56666666666666 352.4 2 426.3333 297.8666666666667
VF data/Grid10x10_100-100_2.txt 30 20 3601.364 335.34906580936666 374.53333333333336 2 445.0667 332.3
VF data/Grid10x10_100-100_3.txt 30 20 3600.438 297.0959093078 309.73333333333335 5 368.3667 293.5
VF data/Grid10x10_100-100_4.txt 30 20 3600.568 329.27590949946665 358.1333333333333 3 418.2 324.8333333333333
VF data/Grid10x10_100-100_5.txt 30 20 3600.763 289.04413049293333 373.8 1 373.8 283.46666666666664
VF data/Grid10x10_100-100_6.txt 30 20 3600.776 299.7514909942333 341.2 2 394.0 292.5
VF data/Grid10x10_100-100_7.txt 30 20 3600.612 296.41324860749995 324.43333333333334 2 411.9333 293.43333333333334
VF data/Grid10x10_100-100_8.txt 30 20 3601.668 337.40117203486665 377.06666666666666 2 441.2667 334.3333333333333
VF data/Grid10x10_100-100_9.txt 30 20 3601.067 329.05763279223333 392.46666666666664 2 457.2 326.53333333333336
VF data/Grid10x10_100-100_0.txt 30 40 3600.617 275.23333333333335 318.76666666666665 4 392.3333 274.3
VF data/Grid10x10_100-100_1.txt 30 40 3600.974 298.8666666666667 329.3333333333333 4 426.3333 297.8666666666667
VF data/Grid10x10_100-100_2.txt 30 40 3600.665 333.4649963687 354.5 5 445.0667 332.3
VF data/Grid10x10_100-100_3.txt 30 40 676.467 293.8 293.8 9 368.3667 293.5
VF data/Grid10x10_100-100_4.txt 30 40 3600.552 326.1333333333333 334.8 7 418.2 324.8333333333333
VF data/Grid10x10_100-100_5.txt 30 40 3600.553 285.417780519 311.5 3 373.8 283.46666666666664
VF data/Grid10x10_100-100_6.txt 30 40 3600.532 294.3 333.53333333333336 4 394.0 292.5
VF data/Grid10x10_100-100_7.txt 30 40 3600.669 294.8666666666667 317.1333333333333 6 411.9333 293.43333333333334
VF data/Grid10x10_100-100_8.txt 30 40 3601.819 335.28746225543335 365.8 5 441.2667 334.3333333333333
VF data/Grid10x10_100-100_9.txt 30 40 3601.019 327.3964980297667 362.5 4 457.2 326.53333333333336
VF data/Grid10x10_100-100_0.txt 30 80 834.536 274.46666666666664 274.46666666666664 11 392.3333 274.3
VF data/Grid10x10_100-100_1.txt 30 80 55.642 297.8666666666667 297.8666666666667 10 426.3333 297.8666666666667
VF data/Grid10x10_100-100_2.txt 30 80 58.121 332.3 332.3 11 445.0667 332.3
VF data/Grid10x10_100-100_3.txt 30 80 34.661 293.5 293.5 8 368.3667 293.5
VF data/Grid10x10_100-100_4.txt 30 80 40.187 324.8333333333333 324.8333333333333 7 418.2 324.8333333333333
VF data/Grid10x10_100-100_5.txt 30 80 140.161 283.46666666666664 283.46666666666664 7 373.8 283.46666666666664
VF data/Grid10x10_100-100_6.txt 30 80 1515.684 292.73333333333335 292.73333333333335 14 394.0 292.5
VF data/Grid10x10_100-100_7.txt 30 80 94.716 293.43333333333334 293.43333333333334 14 411.9333 293.43333333333334
VF data/Grid10x10_100-100_8.txt 30 80 72.157 334.3333333333333 334.3333333333333 12 441.2667 334.3333333333333
VF data/Grid10x10_100-100_9.txt 30 80 76.834 326.53333333333336 326.53333333333336 11 457.2 326.53333333333336
VF data/Grid10x10_100-100_0.txt 50 20 3603.4 278.5046332093 398.5 1 398.5 275.3
VF data/Grid10x10_100-100_1.txt 50 20 3600.697 301.44816077224 422.2 1 422.2 297.64
VF data/Grid10x10_100-100_2.txt 50 20 3602.66 336.42743725328 447.08 1 447.08 333.52
VF data/Grid10x10_100-100_3.txt 50 20 3601.091 299.54271584682 316.76 2 378.12 296.52
VF data/Grid10x10_100-100_4.txt 50 20 3601.554 324.7177760646 427.32 1 427.32 322.02
VF data/Grid10x10_100-100_5.txt 50 20 3600.616 288.43641609392 376.04 1 376.04 282.66
VF data/Grid10x10_100-100_6.txt 50 20 3600.84 297.2286498514 402.08 1 402.08 291.46
VF data/Grid10x10_100-100_7.txt 50 20 3601.756 297.2643572672 422.76 1 422.76 294.88
VF data/Grid10x10_100-100_8.txt 50 20 3602.355 328.82520696874 430.18 1 430.18 327.12
VF data/Grid10x10_100-100_9.txt 50 20 3602.729 315.90230554882 441.54 1 441.54 314.34
VF data/Grid10x10_100-100_0.txt 50 40 3600.996 275.67619209144 327.84 2 398.5 275.3
VF data/Grid10x10_100-100_1.txt 50 40 3600.642 298.07444570038 350.5 2 422.2 297.64
VF data/Grid10x10_100-100_2.txt 50 40 3600.597 334.62964838 369.22 2 447.08 333.52
VF data/Grid10x10_100-100_3.txt 50 40 3601.738 297.64835445362 300.8 5 378.12 296.52
VF data/Grid10x10_100-100_4.txt 50 40 3601.042 322.78606317532 353.2 2 427.32 322.02
VF data/Grid10x10_100-100_5.txt 50 40 3600.806 283.70307383316003 376.04 1 376.04 282.66
VF data/Grid10x10_100-100_6.txt 50 40 3602.342 292.91883927608 334.44 2 402.08 291.46
VF data/Grid10x10_100-100_7.txt 50 40 3601.269 295.42588994922 335.18 2 422.76 294.88
VF data/Grid10x10_100-100_8.txt 50 40 3600.623 327.76559070985996 351.2 3 430.18 327.12
VF data/Grid10x10_100-100_9.txt 50 40 3604.133 314.96119161488 348.98 3 441.54 314.34
VF data/Grid10x10_100-100_0.txt 50 80 3601.178 275.4525111688 284.4 6 398.5 275.3
VF data/Grid10x10_100-100_1.txt 50 80 3600.675 298.01020065240004 304.12 7 422.2 297.64
VF data/Grid10x10_100-100_2.txt 50 80 3600.519 333.71763346326 345.22 5 447.08 333.52
VF data/Grid10x10_100-100_3.txt 50 80 3603.712 296.52 296.54 276 378.12 296.52
VF data/Grid10x10_100-100_4.txt 50 80 3600.797 322.38784366382 324.82 9 427.32 322.02
VF data/Grid10x10_100-100_5.txt 50 80 3602.938 282.99170421466 296.8 4 376.04 282.66
VF data/Grid10x10_100-100_6.txt 50 80 3600.788 291.8351671208 308.28 5 402.08 291.46
VF data/Grid10x10_100-100_7.txt 50 80 3600.838 295.09052437400004 303.2 6 422.76 294.88
VF data/Grid10x10_100-100_8.txt 50 80 3600.614 327.34734659062 327.84 13 430.18 327.12
VF data/Grid10x10_100-100_9.txt 50 80 3600.895 314.50860379214 316.04 8 441.54 314.34
